stateCode,reportDate,source,cases_day,recovered_day,deaths_day,reportDate_timestamp,ags,community_name,cases,deaths,recovered,population_number,population_density
DE-BW,05-03-2020,RKI,0,0,0,1583366400000,08111,Stuttgart,0,0,0,634830,3062
DE-BW,06-03-2020,RKI,1,1,0,1583452800000,08111,Stuttgart,1,0,1,634830,3062
DE-BW,07-03-2020,RKI,4,4,0,1583539200000,08111,Stuttgart,5,0,5,634830,3062
DE-BW,09-03-2020,RKI,7,7,0,1583712000000,08111,Stuttgart,12,0,12,634830,3062
DE-BW,10-03-2020,RKI,11,11,0,1583798400000,08111,Stuttgart,23,0,23,634830,3062
DE-BW,11-03-2020,RKI,5,5,0,1583884800000,08111,Stuttgart,28,0,28,634830,3062
DE-BW,12-03-2020,RKI,9,9,0,1583971200000,08111,Stuttgart,37,0,37,634830,3062
DE-BW,13-03-2020,RKI,37,37,0,1584057600000,08111,Stuttgart,74,0,74,634830,3062
DE-BW,14-03-2020,RKI,32,32,0,1584144000000,08111,Stuttgart,106,0,106,634830,3062
DE-BW,15-03-2020,RKI,19,19,0,1584230400000,08111,Stuttgart,125,0,125,634830,3062
DE-BW,16-03-2020,RKI,69,68,1,1584316800000,08111,Stuttgart,194,1,193,634830,3062
DE-BW,17-03-2020,RKI,26,26,0,1584403200000,08111,Stuttgart,220,1,219,634830,3062
DE-BW,18-03-2020,RKI,66,63,3,1584489600000,08111,Stuttgart,286,4,282,634830,3062
DE-BW,19-03-2020,RKI,33,31,2,1584576000000,08111,Stuttgart,319,6,313,634830,3062
DE-BW,20-03-2020,RKI,61,60,1,1584662400000,08111,Stuttgart,380,7,373,634830,3062
DE-BW,21-03-2020,RKI,44,44,0,1584748800000,08111,Stuttgart,424,7,417,634830,3062
DE-BW,22-03-2020,RKI,14,13,1,1584835200000,08111,Stuttgart,438,8,430,634830,3062
DE-BW,23-03-2020,RKI,24,23,1,1584921600000,08111,Stuttgart,462,9,453,634830,3062
DE-BW,24-03-2020,RKI,34,31,3,1585008000000,08111,Stuttgart,496,12,484,634830,3062
DE-BW,25-03-2020,RKI,35,34,1,1585094400000,08111,Stuttgart,531,13,518,634830,3062
DE-BW,26-03-2020,RKI,61,54,7,1585180800000,08111,Stuttgart,592,20,572,634830,3062
DE-BW,27-03-2020,RKI,55,54,1,1585267200000,08111,Stuttgart,647,21,626,634830,3062
DE-BW,28-03-2020,RKI,36,35,1,1585353600000,08111,Stuttgart,683,22,661,634830,3062
DE-BW,29-03-2020,RKI,43,42,1,1585440000000,08111,Stuttgart,726,23,703,634830,3062
DE-BW,30-03-2020,RKI,23,20,3,1585526400000,08111,Stuttgart,749,26,723,634830,3062
DE-BW,31-03-2020,RKI,44,42,2,1585612800000,08111,Stuttgart,793,28,765,634830,3062
DE-BW,01-04-2020,RKI,37,36,1,1585699200000,08111,Stuttgart,830,29,801,634830,3062
DE-BW,02-04-2020,RKI,25,22,3,1585785600000,08111,Stuttgart,855,32,823,634830,3062
DE-BW,03-04-2020,RKI,25,24,1,1585872000000,08111,Stuttgart,880,33,847,634830,3062
DE-BW,04-04-2020,RKI,25,24,1,1585958400000,08111,Stuttgart,905,34,871,634830,3062
DE-BW,05-04-2020,RKI,11,11,0,1586044800000,08111,Stuttgart,916,34,882,634830,3062
DE-BW,06-04-2020,RKI,23,19,4,1586131200000,08111,Stuttgart,939,38,901,634830,3062
DE-BW,07-04-2020,RKI,34,32,2,1586217600000,08111,Stuttgart,973,40,933,634830,3062
DE-BW,08-04-2020,RKI,22,18,4,1586304000000,08111,Stuttgart,995,44,951,634830,3062
DE-BW,09-04-2020,RKI,26,26,0,1586390400000,08111,Stuttgart,1021,44,977,634830,3062
DE-BW,10-04-2020,RKI,5,5,0,1586476800000,08111,Stuttgart,1026,44,982,634830,3062
DE-BW,11-04-2020,RKI,17,15,2,1586563200000,08111,Stuttgart,1043,46,997,634830,3062
DE-BW,12-04-2020,RKI,44,39,4,1586649600000,08111,Stuttgart,1087,50,1036,634830,3062
DE-BW,13-04-2020,RKI,5,5,0,1586736000000,08111,Stuttgart,1092,50,1041,634830,3062
DE-BW,14-04-2020,RKI,19,18,1,1586822400000,08111,Stuttgart,1111,51,1059,634830,3062
DE-BW,15-04-2020,RKI,21,15,6,1586908800000,08111,Stuttgart,1132,57,1074,634830,3062
DE-BW,16-04-2020,RKI,15,15,0,1586995200000,08111,Stuttgart,1147,57,1089,634830,3062
DE-BW,17-04-2020,RKI,11,11,0,1587081600000,08111,Stuttgart,1158,57,1100,634830,3062
DE-BW,18-04-2020,RKI,12,12,0,1587168000000,08111,Stuttgart,1170,57,1112,634830,3062
DE-BW,19-04-2020,RKI,11,10,1,1587254400000,08111,Stuttgart,1181,58,1122,634830,3062
DE-BW,20-04-2020,RKI,10,9,1,1587340800000,08111,Stuttgart,1191,59,1131,634830,3062
DE-BW,21-04-2020,RKI,8,8,0,1587427200000,08111,Stuttgart,1199,59,1139,634830,3062
DE-BW,22-04-2020,RKI,7,7,0,1587513600000,08111,Stuttgart,1206,59,1146,634830,3062
DE-BW,23-04-2020,RKI,22,22,0,1587600000000,08111,Stuttgart,1228,59,1168,634830,3062
DE-BW,24-04-2020,RKI,6,6,0,1587686400000,08111,Stuttgart,1234,59,1174,634830,3062
DE-BW,25-04-2020,RKI,10,10,0,1587772800000,08111,Stuttgart,1244,59,1184,634830,3062
DE-BW,26-04-2020,RKI,2,2,0,1587859200000,08111,Stuttgart,1246,59,1186,634830,3062
DE-BW,27-04-2020,RKI,3,3,0,1587945600000,08111,Stuttgart,1249,59,1189,634830,3062
DE-BW,28-04-2020,RKI,2,2,0,1588032000000,08111,Stuttgart,1251,59,1191,634830,3062
DE-BW,29-04-2020,RKI,8,8,0,1588118400000,08111,Stuttgart,1259,59,1199,634830,3062
DE-BW,30-04-2020,RKI,8,8,0,1588204800000,08111,Stuttgart,1267,59,1207,634830,3062
DE-BW,02-05-2020,RKI,5,5,0,1588377600000,08111,Stuttgart,1272,59,1212,634830,3062
DE-BW,04-05-2020,RKI,0,0,0,1588550400000,08111,Stuttgart,1272,59,1212,634830,3062
DE-BW,05-05-2020,RKI,2,2,0,1588636800000,08111,Stuttgart,1274,59,1214,634830,3062
DE-BW,06-05-2020,RKI,8,8,0,1588723200000,08111,Stuttgart,1282,59,1222,634830,3062
DE-BW,07-05-2020,RKI,3,3,0,1588809600000,08111,Stuttgart,1285,59,1225,634830,3062
DE-BW,08-05-2020,RKI,11,11,0,1588896000000,08111,Stuttgart,1296,59,1236,634830,3062
DE-BW,09-05-2020,RKI,7,5,2,1588982400000,08111,Stuttgart,1303,61,1241,634830,3062
DE-BW,10-05-2020,RKI,0,0,0,1589068800000,08111,Stuttgart,1303,61,1241,634830,3062
DE-BW,11-05-2020,RKI,4,3,0,1589155200000,08111,Stuttgart,1307,61,1244,634830,3062
DE-BW,12-05-2020,RKI,12,7,1,1589241600000,08111,Stuttgart,1319,62,1251,634830,3062
DE-BW,13-05-2020,RKI,5,3,0,1589328000000,08111,Stuttgart,1324,62,1254,634830,3062
DE-BW,14-05-2020,RKI,7,7,0,1589414400000,08111,Stuttgart,1331,62,1261,634830,3062
DE-BW,15-05-2020,RKI,8,5,0,1589500800000,08111,Stuttgart,1339,62,1266,634830,3062
DE-BW,16-05-2020,RKI,1,0,0,1589587200000,08111,Stuttgart,1340,62,1266,634830,3062
DE-BW,17-05-2020,RKI,0,0,0,1589673600000,08111,Stuttgart,1340,62,1266,634830,3062
DE-BW,18-05-2020,RKI,2,2,0,1589760000000,08111,Stuttgart,1342,62,1268,634830,3062
DE-BW,19-05-2020,RKI,6,4,0,1589846400000,08111,Stuttgart,1348,62,1272,634830,3062
DE-BW,20-05-2020,RKI,11,10,0,1589932800000,08111,Stuttgart,1359,62,1282,634830,3062
DE-BW,22-05-2020,RKI,5,4,0,1590105600000,08111,Stuttgart,1364,62,1286,634830,3062
DE-BW,23-05-2020,RKI,0,0,0,1590192000000,08111,Stuttgart,1364,62,1286,634830,3062
DE-BW,24-05-2020,RKI,2,0,0,1590278400000,08111,Stuttgart,1366,62,1286,634830,3062
DE-BW,25-05-2020,RKI,0,0,0,1590364800000,08111,Stuttgart,1366,62,1286,634830,3062
DE-BW,26-05-2020,RKI,6,2,0,1590451200000,08111,Stuttgart,1372,62,1288,634830,3062
DE-BW,27-05-2020,RKI,4,0,0,1590537600000,08111,Stuttgart,1376,62,1288,634830,3062
DE-BW,28-05-2020,RKI,5,0,0,1590624000000,08111,Stuttgart,1381,62,1288,634830,3062
DE-BW,29-05-2020,RKI,0,0,0,1590710400000,08111,Stuttgart,1381,62,1288,634830,3062
DE-BW,31-05-2020,RKI,0,0,0,1590883200000,08111,Stuttgart,1381,62,1288,634830,3062
DE-BW,03-06-2020,RKI,0,0,0,1591142400000,08111,Stuttgart,1381,62,1288,634830,3062
DE-BW,04-06-2020,RKI,3,0,0,1591228800000,08111,Stuttgart,1384,62,1288,634830,3062
DE-BW,05-06-2020,RKI,0,0,0,1591315200000,08111,Stuttgart,1384,62,1288,634830,3062
DE-BW,05-03-2020,RKI,1,1,0,1583366400000,08115,Böblingen,1,0,1,391640,634
DE-BW,09-03-2020,RKI,0,0,0,1583712000000,08115,Böblingen,1,0,1,391640,634
DE-BW,11-03-2020,RKI,1,1,0,1583884800000,08115,Böblingen,2,0,2,391640,634
DE-BW,12-03-2020,RKI,4,4,0,1583971200000,08115,Böblingen,6,0,6,391640,634
DE-BW,13-03-2020,RKI,11,11,0,1584057600000,08115,Böblingen,17,0,17,391640,634
DE-BW,14-03-2020,RKI,5,5,0,1584144000000,08115,Böblingen,22,0,22,391640,634
DE-BW,15-03-2020,RKI,12,10,2,1584230400000,08115,Böblingen,34,2,32,391640,634
DE-BW,16-03-2020,RKI,7,7,0,1584316800000,08115,Böblingen,41,2,39,391640,634
DE-BW,17-03-2020,RKI,22,20,2,1584403200000,08115,Böblingen,63,4,59,391640,634
DE-BW,18-03-2020,RKI,41,41,0,1584489600000,08115,Böblingen,104,4,100,391640,634
DE-BW,19-03-2020,RKI,35,34,1,1584576000000,08115,Böblingen,139,5,134,391640,634
DE-BW,20-03-2020,RKI,60,57,3,1584662400000,08115,Böblingen,199,8,191,391640,634
DE-BW,21-03-2020,RKI,36,35,1,1584748800000,08115,Böblingen,235,9,226,391640,634
DE-BW,22-03-2020,RKI,27,27,0,1584835200000,08115,Böblingen,262,9,253,391640,634
DE-BW,23-03-2020,RKI,52,48,4,1584921600000,08115,Böblingen,314,13,301,391640,634
DE-BW,24-03-2020,RKI,48,46,2,1585008000000,08115,Böblingen,362,15,347,391640,634
DE-BW,25-03-2020,RKI,33,33,0,1585094400000,08115,Böblingen,395,15,380,391640,634
DE-BW,26-03-2020,RKI,54,53,1,1585180800000,08115,Böblingen,449,16,433,391640,634
DE-BW,27-03-2020,RKI,52,51,1,1585267200000,08115,Böblingen,501,17,484,391640,634
DE-BW,28-03-2020,RKI,40,40,0,1585353600000,08115,Böblingen,541,17,524,391640,634
DE-BW,29-03-2020,RKI,43,43,0,1585440000000,08115,Böblingen,584,17,567,391640,634
DE-BW,30-03-2020,RKI,27,27,0,1585526400000,08115,Böblingen,611,17,594,391640,634
DE-BW,31-03-2020,RKI,51,50,1,1585612800000,08115,Böblingen,662,18,644,391640,634
DE-BW,01-04-2020,RKI,74,66,8,1585699200000,08115,Böblingen,736,26,710,391640,634
DE-BW,02-04-2020,RKI,50,45,5,1585785600000,08115,Böblingen,786,31,755,391640,634
DE-BW,03-04-2020,RKI,44,43,1,1585872000000,08115,Böblingen,830,32,798,391640,634
DE-BW,04-04-2020,RKI,38,37,1,1585958400000,08115,Böblingen,868,33,835,391640,634
DE-BW,05-04-2020,RKI,63,57,6,1586044800000,08115,Böblingen,931,39,892,391640,634
DE-BW,06-04-2020,RKI,26,24,2,1586131200000,08115,Böblingen,957,41,916,391640,634
DE-BW,07-04-2020,RKI,37,36,1,1586217600000,08115,Böblingen,994,42,952,391640,634
DE-BW,08-04-2020,RKI,22,20,2,1586304000000,08115,Böblingen,1016,44,972,391640,634
DE-BW,09-04-2020,RKI,58,57,1,1586390400000,08115,Böblingen,1074,45,1029,391640,634
DE-BW,10-04-2020,RKI,17,16,1,1586476800000,08115,Böblingen,1091,46,1045,391640,634
DE-BW,11-04-2020,RKI,32,32,0,1586563200000,08115,Böblingen,1123,46,1077,391640,634
DE-BW,12-04-2020,RKI,1,1,0,1586649600000,08115,Böblingen,1124,46,1078,391640,634
DE-BW,13-04-2020,RKI,17,17,0,1586736000000,08115,Böblingen,1141,46,1095,391640,634
DE-BW,14-04-2020,RKI,5,5,0,1586822400000,08115,Böblingen,1146,46,1100,391640,634
DE-BW,15-04-2020,RKI,14,14,0,1586908800000,08115,Böblingen,1160,46,1114,391640,634
DE-BW,16-04-2020,RKI,26,26,0,1586995200000,08115,Böblingen,1186,46,1140,391640,634
DE-BW,17-04-2020,RKI,5,5,0,1587081600000,08115,Böblingen,1191,46,1145,391640,634
DE-BW,18-04-2020,RKI,10,9,1,1587168000000,08115,Böblingen,1201,47,1154,391640,634
DE-BW,19-04-2020,RKI,9,9,0,1587254400000,08115,Böblingen,1210,47,1163,391640,634
DE-BW,20-04-2020,RKI,1,1,0,1587340800000,08115,Böblingen,1211,47,1164,391640,634
DE-BW,21-04-2020,RKI,11,11,0,1587427200000,08115,Böblingen,1222,47,1175,391640,634
DE-BW,22-04-2020,RKI,5,5,0,1587513600000,08115,Böblingen,1227,47,1180,391640,634
DE-BW,23-04-2020,RKI,4,4,0,1587600000000,08115,Böblingen,1231,47,1184,391640,634
DE-BW,24-04-2020,RKI,4,4,0,1587686400000,08115,Böblingen,1235,47,1188,391640,634
DE-BW,25-04-2020,RKI,2,2,0,1587772800000,08115,Böblingen,1237,47,1190,391640,634
DE-BW,26-04-2020,RKI,1,1,0,1587859200000,08115,Böblingen,1238,47,1191,391640,634
DE-BW,27-04-2020,RKI,0,0,0,1587945600000,08115,Böblingen,1238,47,1191,391640,634
DE-BW,28-04-2020,RKI,0,0,0,1588032000000,08115,Böblingen,1238,47,1191,391640,634
DE-BW,29-04-2020,RKI,3,3,0,1588118400000,08115,Böblingen,1241,47,1194,391640,634
DE-BW,30-04-2020,RKI,6,6,0,1588204800000,08115,Böblingen,1247,47,1200,391640,634
DE-BW,04-05-2020,RKI,0,0,0,1588550400000,08115,Böblingen,1247,47,1200,391640,634
DE-BW,06-05-2020,RKI,3,3,0,1588723200000,08115,Böblingen,1250,47,1203,391640,634
DE-BW,07-05-2020,RKI,0,0,0,1588809600000,08115,Böblingen,1250,47,1203,391640,634
DE-BW,08-05-2020,RKI,0,0,0,1588896000000,08115,Böblingen,1250,47,1203,391640,634
DE-BW,11-05-2020,RKI,0,0,0,1589155200000,08115,Böblingen,1250,47,1203,391640,634
DE-BW,12-05-2020,RKI,1,0,0,1589241600000,08115,Böblingen,1251,47,1203,391640,634
DE-BW,14-05-2020,RKI,6,5,0,1589414400000,08115,Böblingen,1257,47,1208,391640,634
DE-BW,15-05-2020,RKI,0,0,0,1589500800000,08115,Böblingen,1257,47,1208,391640,634
DE-BW,16-05-2020,RKI,0,0,0,1589587200000,08115,Böblingen,1257,47,1208,391640,634
DE-BW,20-05-2020,RKI,0,0,0,1589932800000,08115,Böblingen,1257,47,1208,391640,634
DE-BW,21-05-2020,RKI,1,1,0,1590019200000,08115,Böblingen,1258,47,1209,391640,634
DE-BW,23-05-2020,RKI,1,1,0,1590192000000,08115,Böblingen,1259,47,1210,391640,634
DE-BW,25-05-2020,RKI,0,0,0,1590364800000,08115,Böblingen,1259,47,1210,391640,634
DE-BW,26-05-2020,RKI,4,0,0,1590451200000,08115,Böblingen,1263,47,1210,391640,634
DE-BW,28-05-2020,RKI,0,0,0,1590624000000,08115,Böblingen,1263,47,1210,391640,634
DE-BW,30-05-2020,RKI,0,0,0,1590796800000,08115,Böblingen,1263,47,1210,391640,634
DE-BW,04-06-2020,RKI,1,0,0,1591228800000,08115,Böblingen,1264,47,1210,391640,634
DE-BW,05-06-2020,RKI,0,0,0,1591315200000,08115,Böblingen,1264,47,1210,391640,634
DE-BW,04-03-2020,RKI,3,3,0,1583280000000,08116,Esslingen,8,0,8,533859,832
DE-BW,05-03-2020,RKI,4,4,0,1583366400000,08116,Esslingen,12,0,12,533859,832
DE-BW,06-03-2020,RKI,2,2,0,1583452800000,08116,Esslingen,14,0,14,533859,832
DE-BW,07-03-2020,RKI,1,1,0,1583539200000,08116,Esslingen,15,0,15,533859,832
DE-BW,08-03-2020,RKI,0,0,0,1583625600000,08116,Esslingen,15,0,15,533859,832
DE-BW,10-03-2020,RKI,15,15,0,1583798400000,08116,Esslingen,30,0,30,533859,832
DE-BW,11-03-2020,RKI,12,12,0,1583884800000,08116,Esslingen,42,0,42,533859,832
DE-BW,12-03-2020,RKI,15,12,3,1583971200000,08116,Esslingen,57,3,54,533859,832
DE-BW,13-03-2020,RKI,15,15,0,1584057600000,08116,Esslingen,72,3,69,533859,832
DE-BW,14-03-2020,RKI,37,34,3,1584144000000,08116,Esslingen,109,6,103,533859,832
DE-BW,15-03-2020,RKI,4,4,0,1584230400000,08116,Esslingen,113,6,107,533859,832
DE-BW,16-03-2020,RKI,76,75,1,1584316800000,08116,Esslingen,189,7,182,533859,832
DE-BW,17-03-2020,RKI,49,48,1,1584403200000,08116,Esslingen,238,8,230,533859,832
DE-BW,18-03-2020,RKI,49,48,1,1584489600000,08116,Esslingen,287,9,278,533859,832
DE-BW,19-03-2020,RKI,35,35,0,1584576000000,08116,Esslingen,322,9,313,533859,832
DE-BW,20-03-2020,RKI,76,75,1,1584662400000,08116,Esslingen,398,10,388,533859,832
DE-BW,21-03-2020,RKI,10,8,2,1584748800000,08116,Esslingen,408,12,396,533859,832
DE-BW,22-03-2020,RKI,49,44,5,1584835200000,08116,Esslingen,457,17,440,533859,832
DE-BW,23-03-2020,RKI,13,13,0,1584921600000,08116,Esslingen,470,17,453,533859,832
DE-BW,24-03-2020,RKI,68,67,1,1585008000000,08116,Esslingen,538,18,520,533859,832
DE-BW,25-03-2020,RKI,40,33,7,1585094400000,08116,Esslingen,578,25,553,533859,832
DE-BW,26-03-2020,RKI,61,57,4,1585180800000,08116,Esslingen,639,29,610,533859,832
DE-BW,27-03-2020,RKI,60,56,4,1585267200000,08116,Esslingen,699,33,666,533859,832
DE-BW,28-03-2020,RKI,38,34,4,1585353600000,08116,Esslingen,737,37,700,533859,832
DE-BW,29-03-2020,RKI,11,9,2,1585440000000,08116,Esslingen,748,39,709,533859,832
DE-BW,30-03-2020,RKI,67,64,3,1585526400000,08116,Esslingen,815,42,773,533859,832
DE-BW,31-03-2020,RKI,71,66,5,1585612800000,08116,Esslingen,886,47,839,533859,832
DE-BW,01-04-2020,RKI,55,51,4,1585699200000,08116,Esslingen,941,51,890,533859,832
DE-BW,02-04-2020,RKI,62,54,8,1585785600000,08116,Esslingen,1003,59,944,533859,832
DE-BW,03-04-2020,RKI,50,43,7,1585872000000,08116,Esslingen,1053,66,987,533859,832
DE-BW,04-04-2020,RKI,39,38,1,1585958400000,08116,Esslingen,1092,67,1025,533859,832
DE-BW,05-04-2020,RKI,9,9,0,1586044800000,08116,Esslingen,1101,67,1034,533859,832
DE-BW,06-04-2020,RKI,25,21,4,1586131200000,08116,Esslingen,1126,71,1055,533859,832
DE-BW,07-04-2020,RKI,55,53,2,1586217600000,08116,Esslingen,1181,73,1108,533859,832
DE-BW,08-04-2020,RKI,43,41,2,1586304000000,08116,Esslingen,1224,75,1149,533859,832
DE-BW,09-04-2020,RKI,49,45,4,1586390400000,08116,Esslingen,1273,79,1194,533859,832
DE-BW,10-04-2020,RKI,45,38,7,1586476800000,08116,Esslingen,1318,86,1232,533859,832
DE-BW,11-04-2020,RKI,18,18,0,1586563200000,08116,Esslingen,1336,86,1250,533859,832
DE-BW,12-04-2020,RKI,43,38,5,1586649600000,08116,Esslingen,1379,91,1288,533859,832
DE-BW,13-04-2020,RKI,13,11,2,1586736000000,08116,Esslingen,1392,93,1299,533859,832
DE-BW,14-04-2020,RKI,8,8,0,1586822400000,08116,Esslingen,1400,93,1307,533859,832
DE-BW,15-04-2020,RKI,27,27,0,1586908800000,08116,Esslingen,1427,93,1334,533859,832
DE-BW,16-04-2020,RKI,24,23,1,1586995200000,08116,Esslingen,1451,94,1357,533859,832
DE-BW,17-04-2020,RKI,20,19,1,1587081600000,08116,Esslingen,1471,95,1376,533859,832
DE-BW,18-04-2020,RKI,18,17,1,1587168000000,08116,Esslingen,1489,96,1393,533859,832
DE-BW,19-04-2020,RKI,1,0,1,1587254400000,08116,Esslingen,1490,97,1393,533859,832
DE-BW,20-04-2020,RKI,5,4,1,1587340800000,08116,Esslingen,1495,98,1397,533859,832
DE-BW,21-04-2020,RKI,45,45,0,1587427200000,08116,Esslingen,1540,98,1442,533859,832
DE-BW,22-04-2020,RKI,14,14,0,1587513600000,08116,Esslingen,1554,98,1456,533859,832
DE-BW,23-04-2020,RKI,16,14,2,1587600000000,08116,Esslingen,1570,100,1470,533859,832
DE-BW,24-04-2020,RKI,11,11,0,1587686400000,08116,Esslingen,1581,100,1481,533859,832
DE-BW,25-04-2020,RKI,9,9,0,1587772800000,08116,Esslingen,1590,100,1490,533859,832
DE-BW,26-04-2020,RKI,0,0,0,1587859200000,08116,Esslingen,1590,100,1490,533859,832
DE-BW,27-04-2020,RKI,2,2,0,1587945600000,08116,Esslingen,1592,100,1492,533859,832
DE-BW,28-04-2020,RKI,12,12,0,1588032000000,08116,Esslingen,1604,100,1504,533859,832
DE-BW,29-04-2020,RKI,8,7,1,1588118400000,08116,Esslingen,1612,101,1511,533859,832
DE-BW,30-04-2020,RKI,18,17,1,1588204800000,08116,Esslingen,1630,102,1528,533859,832
DE-BW,01-05-2020,RKI,0,0,0,1588291200000,08116,Esslingen,1630,102,1528,533859,832
DE-BW,02-05-2020,RKI,4,3,1,1588377600000,08116,Esslingen,1634,103,1531,533859,832
DE-BW,05-05-2020,RKI,8,7,1,1588636800000,08116,Esslingen,1642,104,1538,533859,832
DE-BW,06-05-2020,RKI,2,2,0,1588723200000,08116,Esslingen,1644,104,1540,533859,832
DE-BW,07-05-2020,RKI,2,2,0,1588809600000,08116,Esslingen,1646,104,1542,533859,832
DE-BW,08-05-2020,RKI,6,6,0,1588896000000,08116,Esslingen,1652,104,1548,533859,832
DE-BW,09-05-2020,RKI,10,9,1,1588982400000,08116,Esslingen,1662,105,1557,533859,832
DE-BW,10-05-2020,RKI,1,0,0,1589068800000,08116,Esslingen,1663,105,1557,533859,832
DE-BW,11-05-2020,RKI,3,2,0,1589155200000,08116,Esslingen,1666,105,1559,533859,832
DE-BW,12-05-2020,RKI,4,4,0,1589241600000,08116,Esslingen,1670,105,1563,533859,832
DE-BW,13-05-2020,RKI,6,6,0,1589328000000,08116,Esslingen,1676,105,1569,533859,832
DE-BW,14-05-2020,RKI,1,0,1,1589414400000,08116,Esslingen,1677,106,1569,533859,832
DE-BW,15-05-2020,RKI,17,12,3,1589500800000,08116,Esslingen,1694,109,1581,533859,832
DE-BW,16-05-2020,RKI,4,4,0,1589587200000,08116,Esslingen,1698,109,1585,533859,832
DE-BW,18-05-2020,RKI,2,1,0,1589760000000,08116,Esslingen,1700,109,1586,533859,832
DE-BW,19-05-2020,RKI,8,7,1,1589846400000,08116,Esslingen,1708,110,1593,533859,832
DE-BW,20-05-2020,RKI,6,4,1,1589932800000,08116,Esslingen,1714,111,1597,533859,832
DE-BW,21-05-2020,RKI,0,0,0,1590019200000,08116,Esslingen,1714,111,1597,533859,832
DE-BW,22-05-2020,RKI,1,0,0,1590105600000,08116,Esslingen,1715,111,1597,533859,832
DE-BW,23-05-2020,RKI,2,1,0,1590192000000,08116,Esslingen,1717,111,1598,533859,832
DE-BW,24-05-2020,RKI,0,0,0,1590278400000,08116,Esslingen,1717,111,1598,533859,832
DE-BW,26-05-2020,RKI,0,0,0,1590451200000,08116,Esslingen,1717,111,1598,533859,832
DE-BW,27-05-2020,RKI,3,1,0,1590537600000,08116,Esslingen,1720,111,1599,533859,832
DE-BW,28-05-2020,RKI,4,0,1,1590624000000,08116,Esslingen,1724,112,1599,533859,832
DE-BW,30-05-2020,RKI,2,0,0,1590796800000,08116,Esslingen,1726,112,1599,533859,832
DE-BW,02-06-2020,RKI,1,0,0,1591056000000,08116,Esslingen,1727,112,1599,533859,832
DE-BW,03-06-2020,RKI,2,0,1,1591142400000,08116,Esslingen,1729,113,1599,533859,832
DE-BW,04-06-2020,RKI,4,0,0,1591228800000,08116,Esslingen,1733,113,1599,533859,832
DE-BW,05-06-2020,RKI,0,0,0,1591315200000,08116,Esslingen,1733,113,1599,533859,832
DE-BW,02-03-2020,RKI,0,0,0,1583107200000,08117,Göppingen,0,0,0,257253,400
DE-BW,04-03-2020,RKI,0,0,0,1583280000000,08117,Göppingen,0,0,0,257253,400
DE-BW,10-03-2020,RKI,4,4,0,1583798400000,08117,Göppingen,4,0,4,257253,400
DE-BW,11-03-2020,RKI,6,6,0,1583884800000,08117,Göppingen,10,0,10,257253,400
DE-BW,12-03-2020,RKI,16,15,1,1583971200000,08117,Göppingen,26,1,25,257253,400
DE-BW,13-03-2020,RKI,3,3,0,1584057600000,08117,Göppingen,29,1,28,257253,400
DE-BW,14-03-2020,RKI,7,7,0,1584144000000,08117,Göppingen,36,1,35,257253,400
DE-BW,15-03-2020,RKI,8,8,0,1584230400000,08117,Göppingen,44,1,43,257253,400
DE-BW,16-03-2020,RKI,2,2,0,1584316800000,08117,Göppingen,46,1,45,257253,400
DE-BW,17-03-2020,RKI,17,17,0,1584403200000,08117,Göppingen,63,1,62,257253,400
DE-BW,18-03-2020,RKI,24,24,0,1584489600000,08117,Göppingen,87,1,86,257253,400
DE-BW,19-03-2020,RKI,36,36,0,1584576000000,08117,Göppingen,123,1,122,257253,400
DE-BW,20-03-2020,RKI,32,30,2,1584662400000,08117,Göppingen,155,3,152,257253,400
DE-BW,21-03-2020,RKI,18,17,1,1584748800000,08117,Göppingen,173,4,169,257253,400
DE-BW,22-03-2020,RKI,4,4,0,1584835200000,08117,Göppingen,177,4,173,257253,400
DE-BW,23-03-2020,RKI,10,8,2,1584921600000,08117,Göppingen,187,6,181,257253,400
DE-BW,24-03-2020,RKI,28,24,4,1585008000000,08117,Göppingen,215,10,205,257253,400
DE-BW,25-03-2020,RKI,31,31,0,1585094400000,08117,Göppingen,246,10,236,257253,400
DE-BW,26-03-2020,RKI,28,26,2,1585180800000,08117,Göppingen,274,12,262,257253,400
DE-BW,27-03-2020,RKI,41,41,0,1585267200000,08117,Göppingen,315,12,303,257253,400
DE-BW,28-03-2020,RKI,28,28,0,1585353600000,08117,Göppingen,343,12,331,257253,400
DE-BW,29-03-2020,RKI,18,18,0,1585440000000,08117,Göppingen,361,12,349,257253,400
DE-BW,30-03-2020,RKI,10,9,1,1585526400000,08117,Göppingen,371,13,358,257253,400
DE-BW,31-03-2020,RKI,51,48,3,1585612800000,08117,Göppingen,422,16,406,257253,400
DE-BW,01-04-2020,RKI,27,25,2,1585699200000,08117,Göppingen,449,18,431,257253,400
DE-BW,02-04-2020,RKI,23,19,4,1585785600000,08117,Göppingen,472,22,450,257253,400
DE-BW,03-04-2020,RKI,22,21,1,1585872000000,08117,Göppingen,494,23,471,257253,400
DE-BW,04-04-2020,RKI,26,25,1,1585958400000,08117,Göppingen,520,24,496,257253,400
DE-BW,05-04-2020,RKI,2,2,0,1586044800000,08117,Göppingen,522,24,498,257253,400
DE-BW,06-04-2020,RKI,7,5,2,1586131200000,08117,Göppingen,529,26,503,257253,400
DE-BW,07-04-2020,RKI,28,28,0,1586217600000,08117,Göppingen,557,26,531,257253,400
DE-BW,08-04-2020,RKI,20,17,3,1586304000000,08117,Göppingen,577,29,548,257253,400
DE-BW,09-04-2020,RKI,28,26,2,1586390400000,08117,Göppingen,605,31,574,257253,400
DE-BW,10-04-2020,RKI,5,5,0,1586476800000,08117,Göppingen,610,31,579,257253,400
DE-BW,12-04-2020,RKI,19,17,2,1586649600000,08117,Göppingen,629,33,596,257253,400
DE-BW,13-04-2020,RKI,5,3,2,1586736000000,08117,Göppingen,634,35,599,257253,400
DE-BW,14-04-2020,RKI,4,4,0,1586822400000,08117,Göppingen,638,35,603,257253,400
DE-BW,15-04-2020,RKI,23,22,1,1586908800000,08117,Göppingen,661,36,625,257253,400
DE-BW,16-04-2020,RKI,4,4,0,1586995200000,08117,Göppingen,665,36,629,257253,400
DE-BW,17-04-2020,RKI,5,4,1,1587081600000,08117,Göppingen,670,37,633,257253,400
DE-BW,18-04-2020,RKI,3,3,0,1587168000000,08117,Göppingen,673,37,636,257253,400
DE-BW,19-04-2020,RKI,3,3,0,1587254400000,08117,Göppingen,676,37,639,257253,400
DE-BW,21-04-2020,RKI,1,1,0,1587427200000,08117,Göppingen,677,37,640,257253,400
DE-BW,22-04-2020,RKI,7,6,1,1587513600000,08117,Göppingen,684,38,646,257253,400
DE-BW,23-04-2020,RKI,2,2,0,1587600000000,08117,Göppingen,686,38,648,257253,400
DE-BW,24-04-2020,RKI,0,0,0,1587686400000,08117,Göppingen,686,38,648,257253,400
DE-BW,25-04-2020,RKI,2,2,0,1587772800000,08117,Göppingen,688,38,650,257253,400
DE-BW,26-04-2020,RKI,1,1,0,1587859200000,08117,Göppingen,689,38,651,257253,400
DE-BW,27-04-2020,RKI,0,0,0,1587945600000,08117,Göppingen,689,38,651,257253,400
DE-BW,28-04-2020,RKI,1,1,0,1588032000000,08117,Göppingen,690,38,652,257253,400
DE-BW,29-04-2020,RKI,1,1,0,1588118400000,08117,Göppingen,691,38,653,257253,400
DE-BW,30-04-2020,RKI,7,7,0,1588204800000,08117,Göppingen,698,38,660,257253,400
DE-BW,01-05-2020,RKI,3,3,0,1588291200000,08117,Göppingen,701,38,663,257253,400
DE-BW,02-05-2020,RKI,1,1,0,1588377600000,08117,Göppingen,702,38,664,257253,400
DE-BW,03-05-2020,RKI,0,0,0,1588464000000,08117,Göppingen,702,38,664,257253,400
DE-BW,05-05-2020,RKI,3,3,0,1588636800000,08117,Göppingen,705,38,667,257253,400
DE-BW,07-05-2020,RKI,0,0,0,1588809600000,08117,Göppingen,705,38,667,257253,400
DE-BW,08-05-2020,RKI,2,2,0,1588896000000,08117,Göppingen,707,38,669,257253,400
DE-BW,09-05-2020,RKI,0,0,0,1588982400000,08117,Göppingen,707,38,669,257253,400
DE-BW,14-05-2020,RKI,0,0,0,1589414400000,08117,Göppingen,707,38,669,257253,400
DE-BW,22-05-2020,RKI,2,2,0,1590105600000,08117,Göppingen,709,38,671,257253,400
DE-BW,23-05-2020,RKI,0,0,0,1590192000000,08117,Göppingen,709,38,671,257253,400
DE-BW,28-05-2020,RKI,2,0,0,1590624000000,08117,Göppingen,711,38,671,257253,400
DE-BW,28-02-2020,RKI,0,0,0,1582848000000,08118,Ludwigsburg,0,0,0,543984,792
DE-BW,02-03-2020,RKI,0,0,0,1583107200000,08118,Ludwigsburg,0,0,0,543984,792
DE-BW,04-03-2020,RKI,1,1,0,1583280000000,08118,Ludwigsburg,1,0,1,543984,792
DE-BW,05-03-2020,RKI,1,1,0,1583366400000,08118,Ludwigsburg,2,0,2,543984,792
DE-BW,07-03-2020,RKI,2,2,0,1583539200000,08118,Ludwigsburg,4,0,4,543984,792
DE-BW,09-03-2020,RKI,2,2,0,1583712000000,08118,Ludwigsburg,6,0,6,543984,792
DE-BW,10-03-2020,RKI,1,1,0,1583798400000,08118,Ludwigsburg,7,0,7,543984,792
DE-BW,11-03-2020,RKI,7,7,0,1583884800000,08118,Ludwigsburg,14,0,14,543984,792
DE-BW,12-03-2020,RKI,13,13,0,1583971200000,08118,Ludwigsburg,27,0,27,543984,792
DE-BW,13-03-2020,RKI,18,18,0,1584057600000,08118,Ludwigsburg,45,0,45,543984,792
DE-BW,14-03-2020,RKI,33,33,0,1584144000000,08118,Ludwigsburg,78,0,78,543984,792
DE-BW,15-03-2020,RKI,1,1,0,1584230400000,08118,Ludwigsburg,79,0,79,543984,792
DE-BW,16-03-2020,RKI,14,14,0,1584316800000,08118,Ludwigsburg,93,0,93,543984,792
DE-BW,17-03-2020,RKI,26,26,0,1584403200000,08118,Ludwigsburg,119,0,119,543984,792
DE-BW,18-03-2020,RKI,41,41,0,1584489600000,08118,Ludwigsburg,160,0,160,543984,792
DE-BW,19-03-2020,RKI,29,29,0,1584576000000,08118,Ludwigsburg,189,0,189,543984,792
DE-BW,20-03-2020,RKI,42,42,0,1584662400000,08118,Ludwigsburg,231,0,231,543984,792
DE-BW,21-03-2020,RKI,24,23,1,1584748800000,08118,Ludwigsburg,255,1,254,543984,792
DE-BW,22-03-2020,RKI,7,7,0,1584835200000,08118,Ludwigsburg,262,1,261,543984,792
DE-BW,23-03-2020,RKI,54,54,0,1584921600000,08118,Ludwigsburg,316,1,315,543984,792
DE-BW,24-03-2020,RKI,43,41,2,1585008000000,08118,Ludwigsburg,359,3,356,543984,792
DE-BW,25-03-2020,RKI,57,56,1,1585094400000,08118,Ludwigsburg,416,4,412,543984,792
DE-BW,26-03-2020,RKI,77,77,0,1585180800000,08118,Ludwigsburg,493,4,489,543984,792
DE-BW,27-03-2020,RKI,83,80,3,1585267200000,08118,Ludwigsburg,576,7,569,543984,792
DE-BW,28-03-2020,RKI,48,48,0,1585353600000,08118,Ludwigsburg,624,7,617,543984,792
DE-BW,29-03-2020,RKI,13,13,0,1585440000000,08118,Ludwigsburg,637,7,630,543984,792
DE-BW,30-03-2020,RKI,40,39,1,1585526400000,08118,Ludwigsburg,677,8,669,543984,792
DE-BW,31-03-2020,RKI,58,57,1,1585612800000,08118,Ludwigsburg,735,9,726,543984,792
DE-BW,01-04-2020,RKI,53,53,0,1585699200000,08118,Ludwigsburg,788,9,779,543984,792
DE-BW,02-04-2020,RKI,69,69,0,1585785600000,08118,Ludwigsburg,857,9,848,543984,792
DE-BW,03-04-2020,RKI,72,70,2,1585872000000,08118,Ludwigsburg,929,11,918,543984,792
DE-BW,04-04-2020,RKI,33,32,1,1585958400000,08118,Ludwigsburg,962,12,950,543984,792
DE-BW,05-04-2020,RKI,10,10,0,1586044800000,08118,Ludwigsburg,972,12,960,543984,792
DE-BW,06-04-2020,RKI,18,17,1,1586131200000,08118,Ludwigsburg,990,13,977,543984,792
DE-BW,07-04-2020,RKI,48,47,1,1586217600000,08118,Ludwigsburg,1038,14,1024,543984,792
DE-BW,08-04-2020,RKI,33,31,2,1586304000000,08118,Ludwigsburg,1071,16,1055,543984,792
DE-BW,09-04-2020,RKI,42,41,1,1586390400000,08118,Ludwigsburg,1113,17,1096,543984,792
DE-BW,10-04-2020,RKI,18,17,1,1586476800000,08118,Ludwigsburg,1131,18,1113,543984,792
DE-BW,11-04-2020,RKI,29,29,0,1586563200000,08118,Ludwigsburg,1160,18,1142,543984,792
DE-BW,12-04-2020,RKI,7,7,0,1586649600000,08118,Ludwigsburg,1167,18,1149,543984,792
DE-BW,13-04-2020,RKI,4,2,2,1586736000000,08118,Ludwigsburg,1171,20,1151,543984,792
DE-BW,14-04-2020,RKI,13,13,0,1586822400000,08118,Ludwigsburg,1184,20,1164,543984,792
DE-BW,15-04-2020,RKI,16,15,1,1586908800000,08118,Ludwigsburg,1200,21,1179,543984,792
DE-BW,16-04-2020,RKI,32,31,1,1586995200000,08118,Ludwigsburg,1232,22,1210,543984,792
DE-BW,17-04-2020,RKI,7,6,1,1587081600000,08118,Ludwigsburg,1239,23,1216,543984,792
DE-BW,18-04-2020,RKI,25,22,3,1587168000000,08118,Ludwigsburg,1264,26,1238,543984,792
DE-BW,19-04-2020,RKI,7,7,0,1587254400000,08118,Ludwigsburg,1271,26,1245,543984,792
DE-BW,20-04-2020,RKI,6,6,0,1587340800000,08118,Ludwigsburg,1277,26,1251,543984,792
DE-BW,21-04-2020,RKI,6,5,1,1587427200000,08118,Ludwigsburg,1283,27,1256,543984,792
DE-BW,22-04-2020,RKI,31,30,1,1587513600000,08118,Ludwigsburg,1314,28,1286,543984,792
DE-BW,23-04-2020,RKI,17,17,0,1587600000000,08118,Ludwigsburg,1331,28,1303,543984,792
DE-BW,24-04-2020,RKI,16,16,0,1587686400000,08118,Ludwigsburg,1347,28,1319,543984,792
DE-BW,25-04-2020,RKI,10,10,0,1587772800000,08118,Ludwigsburg,1357,28,1329,543984,792
DE-BW,26-04-2020,RKI,0,0,0,1587859200000,08118,Ludwigsburg,1357,28,1329,543984,792
DE-BW,27-04-2020,RKI,7,7,0,1587945600000,08118,Ludwigsburg,1364,28,1336,543984,792
DE-BW,28-04-2020,RKI,7,7,0,1588032000000,08118,Ludwigsburg,1371,28,1343,543984,792
DE-BW,29-04-2020,RKI,5,5,0,1588118400000,08118,Ludwigsburg,1376,28,1348,543984,792
DE-BW,30-04-2020,RKI,7,7,0,1588204800000,08118,Ludwigsburg,1383,28,1355,543984,792
DE-BW,01-05-2020,RKI,0,0,0,1588291200000,08118,Ludwigsburg,1383,28,1355,543984,792
DE-BW,02-05-2020,RKI,3,3,0,1588377600000,08118,Ludwigsburg,1386,28,1358,543984,792
DE-BW,05-05-2020,RKI,2,2,0,1588636800000,08118,Ludwigsburg,1388,28,1360,543984,792
DE-BW,06-05-2020,RKI,6,6,0,1588723200000,08118,Ludwigsburg,1394,28,1366,543984,792
DE-BW,07-05-2020,RKI,14,14,0,1588809600000,08118,Ludwigsburg,1408,28,1380,543984,792
DE-BW,08-05-2020,RKI,4,4,0,1588896000000,08118,Ludwigsburg,1412,28,1384,543984,792
DE-BW,09-05-2020,RKI,3,3,0,1588982400000,08118,Ludwigsburg,1415,28,1387,543984,792
DE-BW,10-05-2020,RKI,0,0,0,1589068800000,08118,Ludwigsburg,1415,28,1387,543984,792
DE-BW,11-05-2020,RKI,1,1,0,1589155200000,08118,Ludwigsburg,1416,28,1388,543984,792
DE-BW,12-05-2020,RKI,7,6,0,1589241600000,08118,Ludwigsburg,1423,28,1394,543984,792
DE-BW,13-05-2020,RKI,5,4,0,1589328000000,08118,Ludwigsburg,1428,28,1398,543984,792
DE-BW,14-05-2020,RKI,3,2,0,1589414400000,08118,Ludwigsburg,1431,28,1400,543984,792
DE-BW,15-05-2020,RKI,1,0,0,1589500800000,08118,Ludwigsburg,1432,28,1400,543984,792
DE-BW,16-05-2020,RKI,2,0,0,1589587200000,08118,Ludwigsburg,1434,28,1400,543984,792
DE-BW,17-05-2020,RKI,0,0,0,1589673600000,08118,Ludwigsburg,1434,28,1400,543984,792
DE-BW,18-05-2020,RKI,3,3,0,1589760000000,08118,Ludwigsburg,1437,28,1403,543984,792
DE-BW,19-05-2020,RKI,0,0,0,1589846400000,08118,Ludwigsburg,1437,28,1403,543984,792
DE-BW,20-05-2020,RKI,3,2,0,1589932800000,08118,Ludwigsburg,1440,28,1405,543984,792
DE-BW,22-05-2020,RKI,0,0,0,1590105600000,08118,Ludwigsburg,1440,28,1405,543984,792
DE-BW,23-05-2020,RKI,0,0,0,1590192000000,08118,Ludwigsburg,1440,28,1405,543984,792
DE-BW,25-05-2020,RKI,2,0,0,1590364800000,08118,Ludwigsburg,1442,28,1405,543984,792
DE-BW,27-05-2020,RKI,0,0,0,1590537600000,08118,Ludwigsburg,1442,28,1405,543984,792
DE-BW,28-05-2020,RKI,0,0,0,1590624000000,08118,Ludwigsburg,1442,28,1405,543984,792
DE-BW,29-05-2020,RKI,0,0,0,1590710400000,08118,Ludwigsburg,1442,28,1405,543984,792
DE-BW,30-05-2020,RKI,1,0,0,1590796800000,08118,Ludwigsburg,1443,28,1405,543984,792
DE-BW,02-06-2020,RKI,1,0,0,1591056000000,08118,Ludwigsburg,1444,28,1405,543984,792
DE-BW,04-06-2020,RKI,1,0,0,1591228800000,08118,Ludwigsburg,1445,28,1405,543984,792
DE-BY,17-03-2020,RKI,0,0,0,1584403200000,09161,Ingolstadt,0,0,0,136981,1027
DE-BY,18-03-2020,RKI,3,3,0,1584489600000,09161,Ingolstadt,3,0,3,136981,1027
DE-BY,19-03-2020,RKI,0,0,0,1584576000000,09161,Ingolstadt,3,0,3,136981,1027
DE-BY,20-03-2020,RKI,0,0,0,1584662400000,09161,Ingolstadt,3,0,3,136981,1027
DE-BY,23-03-2020,RKI,7,5,2,1584921600000,09161,Ingolstadt,10,2,8,136981,1027
DE-BY,24-03-2020,RKI,1,1,0,1585008000000,09161,Ingolstadt,11,2,9,136981,1027
DE-BY,25-03-2020,RKI,12,12,0,1585094400000,09161,Ingolstadt,23,2,21,136981,1027
DE-BY,26-03-2020,RKI,3,3,0,1585180800000,09161,Ingolstadt,26,2,24,136981,1027
DE-BY,27-03-2020,RKI,23,22,1,1585267200000,09161,Ingolstadt,49,3,46,136981,1027
DE-BY,28-03-2020,RKI,16,16,0,1585353600000,09161,Ingolstadt,65,3,62,136981,1027
DE-BY,29-03-2020,RKI,0,0,0,1585440000000,09161,Ingolstadt,65,3,62,136981,1027
DE-BY,30-03-2020,RKI,0,0,0,1585526400000,09161,Ingolstadt,65,3,62,136981,1027
DE-BY,31-03-2020,RKI,13,12,1,1585612800000,09161,Ingolstadt,78,4,74,136981,1027
DE-BY,01-04-2020,RKI,16,15,1,1585699200000,09161,Ingolstadt,94,5,89,136981,1027
DE-BY,02-04-2020,RKI,26,26,0,1585785600000,09161,Ingolstadt,120,5,115,136981,1027
DE-BY,03-04-2020,RKI,31,29,2,1585872000000,09161,Ingolstadt,151,7,144,136981,1027
DE-BY,04-04-2020,RKI,14,12,2,1585958400000,09161,Ingolstadt,165,9,156,136981,1027
DE-BY,05-04-2020,RKI,6,4,2,1586044800000,09161,Ingolstadt,171,11,160,136981,1027
DE-BY,06-04-2020,RKI,19,18,1,1586131200000,09161,Ingolstadt,190,12,178,136981,1027
DE-BY,07-04-2020,RKI,40,37,3,1586217600000,09161,Ingolstadt,230,15,215,136981,1027
DE-BY,08-04-2020,RKI,15,15,0,1586304000000,09161,Ingolstadt,245,15,230,136981,1027
DE-BY,09-04-2020,RKI,3,2,1,1586390400000,09161,Ingolstadt,248,16,232,136981,1027
DE-BY,11-04-2020,RKI,26,22,4,1586563200000,09161,Ingolstadt,274,20,254,136981,1027
DE-BY,13-04-2020,RKI,21,16,5,1586736000000,09161,Ingolstadt,295,25,270,136981,1027
DE-BY,14-04-2020,RKI,5,4,1,1586822400000,09161,Ingolstadt,300,26,274,136981,1027
DE-BY,15-04-2020,RKI,1,1,0,1586908800000,09161,Ingolstadt,301,26,275,136981,1027
DE-BY,16-04-2020,RKI,17,15,2,1586995200000,09161,Ingolstadt,318,28,290,136981,1027
DE-BY,17-04-2020,RKI,10,8,2,1587081600000,09161,Ingolstadt,328,30,298,136981,1027
DE-BY,18-04-2020,RKI,0,0,0,1587168000000,09161,Ingolstadt,328,30,298,136981,1027
DE-BY,20-04-2020,RKI,12,10,2,1587340800000,09161,Ingolstadt,340,32,308,136981,1027
DE-BY,21-04-2020,RKI,3,2,1,1587427200000,09161,Ingolstadt,343,33,310,136981,1027
DE-BY,22-04-2020,RKI,1,1,0,1587513600000,09161,Ingolstadt,344,33,311,136981,1027
DE-BY,23-04-2020,RKI,14,14,0,1587600000000,09161,Ingolstadt,358,33,325,136981,1027
DE-BY,24-04-2020,RKI,3,2,1,1587686400000,09161,Ingolstadt,361,34,327,136981,1027
DE-BY,25-04-2020,RKI,3,3,0,1587772800000,09161,Ingolstadt,364,34,330,136981,1027
DE-BY,26-04-2020,RKI,1,1,0,1587859200000,09161,Ingolstadt,365,34,331,136981,1027
DE-BY,27-04-2020,RKI,1,1,0,1587945600000,09161,Ingolstadt,366,34,332,136981,1027
DE-BY,28-04-2020,RKI,2,2,0,1588032000000,09161,Ingolstadt,368,34,334,136981,1027
DE-BY,29-04-2020,RKI,0,0,0,1588118400000,09161,Ingolstadt,368,34,334,136981,1027
DE-BY,30-04-2020,RKI,0,0,0,1588204800000,09161,Ingolstadt,368,34,334,136981,1027
DE-BY,02-05-2020,RKI,1,1,0,1588377600000,09161,Ingolstadt,369,34,335,136981,1027
DE-BY,04-05-2020,RKI,1,1,0,1588550400000,09161,Ingolstadt,370,34,336,136981,1027
DE-BY,05-05-2020,RKI,1,1,0,1588636800000,09161,Ingolstadt,371,34,337,136981,1027
DE-BY,07-05-2020,RKI,2,1,1,1588809600000,09161,Ingolstadt,373,35,338,136981,1027
DE-BY,08-05-2020,RKI,1,1,0,1588896000000,09161,Ingolstadt,374,35,339,136981,1027
DE-BY,09-05-2020,RKI,1,1,0,1588982400000,09161,Ingolstadt,375,35,340,136981,1027
DE-BY,10-05-2020,RKI,1,1,0,1589068800000,09161,Ingolstadt,376,35,341,136981,1027
DE-BY,11-05-2020,RKI,0,0,0,1589155200000,09161,Ingolstadt,376,35,341,136981,1027
DE-BY,12-05-2020,RKI,3,2,0,1589241600000,09161,Ingolstadt,379,35,343,136981,1027
DE-BY,13-05-2020,RKI,3,3,0,1589328000000,09161,Ingolstadt,382,35,346,136981,1027
DE-BY,14-05-2020,RKI,0,0,0,1589414400000,09161,Ingolstadt,382,35,346,136981,1027
DE-BY,16-05-2020,RKI,3,2,0,1589587200000,09161,Ingolstadt,385,35,348,136981,1027
DE-BY,17-05-2020,RKI,1,0,1,1589673600000,09161,Ingolstadt,386,36,348,136981,1027
DE-BY,19-05-2020,RKI,0,0,0,1589846400000,09161,Ingolstadt,386,36,348,136981,1027
DE-BY,20-05-2020,RKI,1,1,0,1589932800000,09161,Ingolstadt,387,36,349,136981,1027
DE-BY,21-05-2020,RKI,5,5,0,1590019200000,09161,Ingolstadt,392,36,354,136981,1027
DE-BY,22-05-2020,RKI,0,0,0,1590105600000,09161,Ingolstadt,392,36,354,136981,1027
DE-BY,23-05-2020,RKI,3,3,0,1590192000000,09161,Ingolstadt,395,36,357,136981,1027
DE-BY,26-05-2020,RKI,0,0,0,1590451200000,09161,Ingolstadt,395,36,357,136981,1027
DE-BY,27-05-2020,RKI,1,1,0,1590537600000,09161,Ingolstadt,396,36,358,136981,1027
DE-BY,28-05-2020,RKI,1,0,0,1590624000000,09161,Ingolstadt,397,36,358,136981,1027
DE-BY,29-05-2020,RKI,3,0,0,1590710400000,09161,Ingolstadt,400,36,358,136981,1027
DE-BY,01-06-2020,RKI,0,0,0,1590969600000,09161,Ingolstadt,400,36,358,136981,1027
DE-BY,02-06-2020,RKI,0,0,0,1591056000000,09161,Ingolstadt,400,36,358,136981,1027
DE-BY,03-06-2020,RKI,1,0,0,1591142400000,09161,Ingolstadt,401,36,358,136981,1027
DE-BY,03-02-2020,RKI,0,0,0,1580688000000,09162,München,0,0,0,1471508,4736
DE-BY,11-02-2020,RKI,0,0,0,1581379200000,09162,München,0,0,0,1471508,4736
DE-BY,28-02-2020,RKI,1,1,0,1582848000000,09162,München,1,0,1,1471508,4736
DE-BY,02-03-2020,RKI,2,2,0,1583107200000,09162,München,3,0,3,1471508,4736
DE-BY,03-03-2020,RKI,0,0,0,1583193600000,09162,München,3,0,3,1471508,4736
DE-BY,04-03-2020,RKI,2,2,0,1583280000000,09162,München,5,0,5,1471508,4736
DE-BY,05-03-2020,RKI,5,5,0,1583366400000,09162,München,10,0,10,1471508,4736
DE-BY,06-03-2020,RKI,11,11,0,1583452800000,09162,München,21,0,21,1471508,4736
DE-BY,08-03-2020,RKI,0,0,0,1583625600000,09162,München,21,0,21,1471508,4736
DE-BY,09-03-2020,RKI,22,22,0,1583712000000,09162,München,43,0,43,1471508,4736
DE-BY,10-03-2020,RKI,26,26,0,1583798400000,09162,München,69,0,69,1471508,4736
DE-BY,11-03-2020,RKI,21,21,0,1583884800000,09162,München,90,0,90,1471508,4736
DE-BY,12-03-2020,RKI,18,17,1,1583971200000,09162,München,108,1,107,1471508,4736
DE-BY,13-03-2020,RKI,47,47,0,1584057600000,09162,München,155,1,154,1471508,4736
DE-BY,14-03-2020,RKI,64,64,0,1584144000000,09162,München,219,1,218,1471508,4736
DE-BY,15-03-2020,RKI,17,17,0,1584230400000,09162,München,236,1,235,1471508,4736
DE-BY,16-03-2020,RKI,65,64,1,1584316800000,09162,München,301,2,299,1471508,4736
DE-BY,17-03-2020,RKI,142,142,0,1584403200000,09162,München,443,2,441,1471508,4736
DE-BY,18-03-2020,RKI,210,207,3,1584489600000,09162,München,653,5,648,1471508,4736
DE-BY,19-03-2020,RKI,171,171,0,1584576000000,09162,München,824,5,819,1471508,4736
DE-BY,20-03-2020,RKI,196,195,1,1584662400000,09162,München,1020,6,1014,1471508,4736
DE-BY,21-03-2020,RKI,174,171,3,1584748800000,09162,München,1194,9,1185,1471508,4736
DE-BY,22-03-2020,RKI,87,84,3,1584835200000,09162,München,1281,12,1269,1471508,4736
DE-BY,23-03-2020,RKI,91,88,3,1584921600000,09162,München,1372,15,1357,1471508,4736
DE-BY,24-03-2020,RKI,168,161,7,1585008000000,09162,München,1540,22,1518,1471508,4736
DE-BY,25-03-2020,RKI,242,236,6,1585094400000,09162,München,1782,28,1754,1471508,4736
DE-BY,26-03-2020,RKI,257,251,6,1585180800000,09162,München,2039,34,2005,1471508,4736
DE-BY,27-03-2020,RKI,260,258,2,1585267200000,09162,München,2299,36,2263,1471508,4736
DE-BY,28-03-2020,RKI,139,134,5,1585353600000,09162,München,2438,41,2397,1471508,4736
DE-BY,29-03-2020,RKI,175,172,3,1585440000000,09162,München,2613,44,2569,1471508,4736
DE-BY,30-03-2020,RKI,115,112,3,1585526400000,09162,München,2728,47,2681,1471508,4736
DE-BY,31-03-2020,RKI,309,295,13,1585612800000,09162,München,3037,60,2976,1471508,4736
DE-BY,01-04-2020,RKI,232,224,8,1585699200000,09162,München,3269,68,3200,1471508,4736
DE-BY,02-04-2020,RKI,139,133,6,1585785600000,09162,München,3408,74,3333,1471508,4736
DE-BY,03-04-2020,RKI,174,163,11,1585872000000,09162,München,3582,85,3496,1471508,4736
DE-BY,04-04-2020,RKI,134,131,3,1585958400000,09162,München,3716,88,3627,1471508,4736
DE-BY,05-04-2020,RKI,83,78,5,1586044800000,09162,München,3799,93,3705,1471508,4736
DE-BY,06-04-2020,RKI,116,115,1,1586131200000,09162,München,3915,94,3820,1471508,4736
DE-BY,07-04-2020,RKI,139,132,7,1586217600000,09162,München,4054,101,3952,1471508,4736
DE-BY,08-04-2020,RKI,154,144,10,1586304000000,09162,München,4208,111,4096,1471508,4736
DE-BY,09-04-2020,RKI,111,105,6,1586390400000,09162,München,4319,117,4201,1471508,4736
DE-BY,10-04-2020,RKI,99,95,4,1586476800000,09162,München,4418,121,4296,1471508,4736
DE-BY,11-04-2020,RKI,104,100,4,1586563200000,09162,München,4522,125,4396,1471508,4736
DE-BY,12-04-2020,RKI,70,66,4,1586649600000,09162,München,4592,129,4462,1471508,4736
DE-BY,13-04-2020,RKI,61,58,3,1586736000000,09162,München,4653,132,4520,1471508,4736
DE-BY,14-04-2020,RKI,87,83,4,1586822400000,09162,München,4740,136,4603,1471508,4736
DE-BY,15-04-2020,RKI,108,104,4,1586908800000,09162,München,4848,140,4707,1471508,4736
DE-BY,16-04-2020,RKI,92,85,7,1586995200000,09162,München,4940,147,4792,1471508,4736
DE-BY,17-04-2020,RKI,92,89,3,1587081600000,09162,München,5032,150,4881,1471508,4736
DE-BY,18-04-2020,RKI,45,43,2,1587168000000,09162,München,5077,152,4924,1471508,4736
DE-BY,19-04-2020,RKI,48,42,6,1587254400000,09162,München,5125,158,4966,1471508,4736
DE-BY,20-04-2020,RKI,29,29,0,1587340800000,09162,München,5154,158,4995,1471508,4736
DE-BY,21-04-2020,RKI,52,50,2,1587427200000,09162,München,5206,160,5045,1471508,4736
DE-BY,22-04-2020,RKI,55,53,2,1587513600000,09162,München,5261,162,5098,1471508,4736
DE-BY,23-04-2020,RKI,76,69,6,1587600000000,09162,München,5337,168,5167,1471508,4736
DE-BY,24-04-2020,RKI,53,51,2,1587686400000,09162,München,5390,170,5218,1471508,4736
DE-BY,25-04-2020,RKI,46,44,2,1587772800000,09162,München,5436,172,5262,1471508,4736
DE-BY,26-04-2020,RKI,33,32,1,1587859200000,09162,München,5469,173,5294,1471508,4736
DE-BY,27-04-2020,RKI,77,75,2,1587945600000,09162,München,5546,175,5369,1471508,4736
DE-BY,28-04-2020,RKI,52,51,1,1588032000000,09162,München,5598,176,5420,1471508,4736
DE-BY,29-04-2020,RKI,38,37,0,1588118400000,09162,München,5636,176,5457,1471508,4736
DE-BY,30-04-2020,RKI,41,41,0,1588204800000,09162,München,5677,176,5498,1471508,4736
DE-BY,01-05-2020,RKI,58,52,6,1588291200000,09162,München,5735,182,5550,1471508,4736
DE-BY,02-05-2020,RKI,31,29,2,1588377600000,09162,München,5766,184,5579,1471508,4736
DE-BY,03-05-2020,RKI,25,24,0,1588464000000,09162,München,5791,184,5603,1471508,4736
DE-BY,04-05-2020,RKI,34,31,1,1588550400000,09162,München,5825,185,5634,1471508,4736
DE-BY,05-05-2020,RKI,29,26,2,1588636800000,09162,München,5854,187,5660,1471508,4736
DE-BY,06-05-2020,RKI,19,18,1,1588723200000,09162,München,5873,188,5678,1471508,4736
DE-BY,07-05-2020,RKI,30,25,2,1588809600000,09162,München,5903,190,5703,1471508,4736
DE-BY,08-05-2020,RKI,43,41,2,1588896000000,09162,München,5946,192,5744,1471508,4736
DE-BY,09-05-2020,RKI,23,22,1,1588982400000,09162,München,5969,193,5766,1471508,4736
DE-BY,10-05-2020,RKI,21,15,0,1589068800000,09162,München,5990,193,5781,1471508,4736
DE-BY,11-05-2020,RKI,61,50,0,1589155200000,09162,München,6051,193,5831,1471508,4736
DE-BY,12-05-2020,RKI,25,19,0,1589241600000,09162,München,6076,193,5850,1471508,4736
DE-BY,13-05-2020,RKI,34,25,0,1589328000000,09162,München,6110,193,5875,1471508,4736
DE-BY,14-05-2020,RKI,22,17,1,1589414400000,09162,München,6132,194,5892,1471508,4736
DE-BY,15-05-2020,RKI,18,11,0,1589500800000,09162,München,6150,194,5903,1471508,4736
DE-BY,16-05-2020,RKI,8,3,0,1589587200000,09162,München,6158,194,5906,1471508,4736
DE-BY,17-05-2020,RKI,10,8,1,1589673600000,09162,München,6168,195,5914,1471508,4736
DE-BY,18-05-2020,RKI,6,2,1,1589760000000,09162,München,6174,196,5916,1471508,4736
DE-BY,19-05-2020,RKI,11,5,0,1589846400000,09162,München,6185,196,5921,1471508,4736
DE-BY,20-05-2020,RKI,19,9,0,1589932800000,09162,München,6204,196,5930,1471508,4736
DE-BY,21-05-2020,RKI,18,7,1,1590019200000,09162,München,6222,197,5937,1471508,4736
DE-BY,22-05-2020,RKI,19,9,0,1590105600000,09162,München,6241,197,5946,1471508,4736
DE-BY,23-05-2020,RKI,0,0,0,1590192000000,09162,München,6241,197,5946,1471508,4736
DE-BY,24-05-2020,RKI,5,3,0,1590278400000,09162,München,6246,197,5949,1471508,4736
DE-BY,25-05-2020,RKI,12,5,0,1590364800000,09162,München,6258,197,5954,1471508,4736
DE-BY,26-05-2020,RKI,44,5,0,1590451200000,09162,München,6302,197,5959,1471508,4736
DE-BY,27-05-2020,RKI,33,4,0,1590537600000,09162,München,6335,197,5963,1471508,4736
DE-BY,28-05-2020,RKI,5,1,0,1590624000000,09162,München,6340,197,5964,1471508,4736
DE-BY,29-05-2020,RKI,10,0,0,1590710400000,09162,München,6350,197,5964,1471508,4736
DE-BY,30-05-2020,RKI,31,0,0,1590796800000,09162,München,6381,197,5964,1471508,4736
DE-BY,31-05-2020,RKI,4,0,0,1590883200000,09162,München,6385,197,5964,1471508,4736
DE-BY,02-06-2020,RKI,3,0,1,1591056000000,09162,München,6388,198,5964,1471508,4736
DE-BY,03-06-2020,RKI,11,0,0,1591142400000,09162,München,6399,198,5964,1471508,4736
DE-BY,04-06-2020,RKI,8,0,0,1591228800000,09162,München,6407,198,5964,1471508,4736
DE-BY,05-06-2020,RKI,8,0,0,1591315200000,09162,München,6415,198,5964,1471508,4736
DE-BY,15-03-2020,RKI,1,1,0,1584230400000,09163,Rosenheim,1,0,1,63324,1701
DE-BY,18-03-2020,RKI,8,8,0,1584489600000,09163,Rosenheim,9,0,9,63324,1701
DE-BY,19-03-2020,RKI,6,6,0,1584576000000,09163,Rosenheim,15,0,15,63324,1701
DE-BY,20-03-2020,RKI,8,8,0,1584662400000,09163,Rosenheim,23,0,23,63324,1701
DE-BY,21-03-2020,RKI,17,15,2,1584748800000,09163,Rosenheim,40,2,38,63324,1701
DE-BY,22-03-2020,RKI,2,2,0,1584835200000,09163,Rosenheim,42,2,40,63324,1701
DE-BY,23-03-2020,RKI,3,3,0,1584921600000,09163,Rosenheim,45,2,43,63324,1701
DE-BY,24-03-2020,RKI,19,18,1,1585008000000,09163,Rosenheim,64,3,61,63324,1701
DE-BY,25-03-2020,RKI,25,23,2,1585094400000,09163,Rosenheim,89,5,84,63324,1701
DE-BY,26-03-2020,RKI,14,14,0,1585180800000,09163,Rosenheim,103,5,98,63324,1701
DE-BY,27-03-2020,RKI,9,9,0,1585267200000,09163,Rosenheim,112,5,107,63324,1701
DE-BY,28-03-2020,RKI,6,6,0,1585353600000,09163,Rosenheim,118,5,113,63324,1701
DE-BY,29-03-2020,RKI,2,2,0,1585440000000,09163,Rosenheim,120,5,115,63324,1701
DE-BY,30-03-2020,RKI,0,0,0,1585526400000,09163,Rosenheim,120,5,115,63324,1701
DE-BY,31-03-2020,RKI,8,6,2,1585612800000,09163,Rosenheim,128,7,121,63324,1701
DE-BY,01-04-2020,RKI,18,17,1,1585699200000,09163,Rosenheim,146,8,138,63324,1701
DE-BY,02-04-2020,RKI,17,15,2,1585785600000,09163,Rosenheim,163,10,153,63324,1701
DE-BY,03-04-2020,RKI,16,15,1,1585872000000,09163,Rosenheim,179,11,168,63324,1701
DE-BY,04-04-2020,RKI,2,1,1,1585958400000,09163,Rosenheim,181,12,169,63324,1701
DE-BY,05-04-2020,RKI,5,5,0,1586044800000,09163,Rosenheim,186,12,174,63324,1701
DE-BY,06-04-2020,RKI,11,11,0,1586131200000,09163,Rosenheim,197,12,185,63324,1701
DE-BY,07-04-2020,RKI,17,15,2,1586217600000,09163,Rosenheim,214,14,200,63324,1701
DE-BY,08-04-2020,RKI,6,6,0,1586304000000,09163,Rosenheim,220,14,206,63324,1701
DE-BY,09-04-2020,RKI,13,12,1,1586390400000,09163,Rosenheim,233,15,218,63324,1701
DE-BY,10-04-2020,RKI,18,16,2,1586476800000,09163,Rosenheim,251,17,234,63324,1701
DE-BY,11-04-2020,RKI,4,4,0,1586563200000,09163,Rosenheim,255,17,238,63324,1701
DE-BY,12-04-2020,RKI,2,2,0,1586649600000,09163,Rosenheim,257,17,240,63324,1701
DE-BY,14-04-2020,RKI,11,9,2,1586822400000,09163,Rosenheim,268,19,249,63324,1701
DE-BY,15-04-2020,RKI,13,12,1,1586908800000,09163,Rosenheim,281,20,261,63324,1701
DE-BY,16-04-2020,RKI,21,19,2,1586995200000,09163,Rosenheim,302,22,280,63324,1701
DE-BY,17-04-2020,RKI,3,3,0,1587081600000,09163,Rosenheim,305,22,283,63324,1701
DE-BY,18-04-2020,RKI,6,5,1,1587168000000,09163,Rosenheim,311,23,288,63324,1701
DE-BY,19-04-2020,RKI,9,9,0,1587254400000,09163,Rosenheim,320,23,297,63324,1701
DE-BY,20-04-2020,RKI,4,4,0,1587340800000,09163,Rosenheim,324,23,301,63324,1701
DE-BY,21-04-2020,RKI,8,8,0,1587427200000,09163,Rosenheim,332,23,309,63324,1701
DE-BY,22-04-2020,RKI,13,13,0,1587513600000,09163,Rosenheim,345,23,322,63324,1701
DE-BY,23-04-2020,RKI,32,32,0,1587600000000,09163,Rosenheim,377,23,354,63324,1701
DE-BY,24-04-2020,RKI,0,0,0,1587686400000,09163,Rosenheim,377,23,354,63324,1701
DE-BY,25-04-2020,RKI,4,4,0,1587772800000,09163,Rosenheim,381,23,358,63324,1701
DE-BY,26-04-2020,RKI,3,3,0,1587859200000,09163,Rosenheim,384,23,361,63324,1701
DE-BY,28-04-2020,RKI,6,5,1,1588032000000,09163,Rosenheim,390,24,366,63324,1701
DE-BY,29-04-2020,RKI,6,6,0,1588118400000,09163,Rosenheim,396,24,372,63324,1701
DE-BY,30-04-2020,RKI,6,6,0,1588204800000,09163,Rosenheim,402,24,378,63324,1701
DE-BY,01-05-2020,RKI,8,8,0,1588291200000,09163,Rosenheim,410,24,386,63324,1701
DE-BY,03-05-2020,RKI,0,0,0,1588464000000,09163,Rosenheim,410,24,386,63324,1701
DE-BY,04-05-2020,RKI,2,2,0,1588550400000,09163,Rosenheim,412,24,388,63324,1701
DE-BY,07-05-2020,RKI,19,19,0,1588809600000,09163,Rosenheim,431,24,407,63324,1701
DE-BY,08-05-2020,RKI,5,5,0,1588896000000,09163,Rosenheim,436,24,412,63324,1701
DE-BY,09-05-2020,RKI,1,1,0,1588982400000,09163,Rosenheim,437,24,413,63324,1701
DE-BY,10-05-2020,RKI,0,0,0,1589068800000,09163,Rosenheim,437,24,413,63324,1701
DE-BY,11-05-2020,RKI,0,0,0,1589155200000,09163,Rosenheim,437,24,413,63324,1701
DE-BY,12-05-2020,RKI,2,2,0,1589241600000,09163,Rosenheim,439,24,415,63324,1701
DE-BY,13-05-2020,RKI,0,0,0,1589328000000,09163,Rosenheim,439,24,415,63324,1701
DE-BY,14-05-2020,RKI,0,0,0,1589414400000,09163,Rosenheim,439,24,415,63324,1701
DE-BY,15-05-2020,RKI,0,0,0,1589500800000,09163,Rosenheim,439,24,415,63324,1701
DE-BY,16-05-2020,RKI,0,0,0,1589587200000,09163,Rosenheim,439,24,415,63324,1701
DE-BY,17-05-2020,RKI,3,3,0,1589673600000,09163,Rosenheim,442,24,418,63324,1701
DE-BY,20-05-2020,RKI,1,0,0,1589932800000,09163,Rosenheim,443,24,418,63324,1701
DE-BY,21-05-2020,RKI,0,0,0,1590019200000,09163,Rosenheim,443,24,418,63324,1701
DE-BY,27-05-2020,RKI,1,0,0,1590537600000,09163,Rosenheim,444,24,418,63324,1701
DE-BY,28-05-2020,RKI,0,0,0,1590624000000,09163,Rosenheim,444,24,418,63324,1701
DE-BY,29-05-2020,RKI,0,0,0,1590710400000,09163,Rosenheim,444,24,418,63324,1701
DE-BY,18-03-2020,RKI,5,5,0,1584489600000,09171,Altötting,5,0,5,111210,195
DE-BY,19-03-2020,RKI,5,5,0,1584576000000,09171,Altötting,10,0,10,111210,195
DE-BY,20-03-2020,RKI,3,2,1,1584662400000,09171,Altötting,13,1,12,111210,195
DE-BY,21-03-2020,RKI,9,8,1,1584748800000,09171,Altötting,22,2,20,111210,195
DE-BY,22-03-2020,RKI,7,7,0,1584835200000,09171,Altötting,29,2,27,111210,195
DE-BY,23-03-2020,RKI,1,1,0,1584921600000,09171,Altötting,30,2,28,111210,195
DE-BY,24-03-2020,RKI,9,8,1,1585008000000,09171,Altötting,39,3,36,111210,195
DE-BY,25-03-2020,RKI,24,20,4,1585094400000,09171,Altötting,63,7,56,111210,195
DE-BY,26-03-2020,RKI,5,4,1,1585180800000,09171,Altötting,68,8,60,111210,195
DE-BY,27-03-2020,RKI,16,15,1,1585267200000,09171,Altötting,84,9,75,111210,195
DE-BY,28-03-2020,RKI,7,5,2,1585353600000,09171,Altötting,91,11,80,111210,195
DE-BY,29-03-2020,RKI,18,16,2,1585440000000,09171,Altötting,109,13,96,111210,195
DE-BY,30-03-2020,RKI,14,13,1,1585526400000,09171,Altötting,123,14,109,111210,195
DE-BY,31-03-2020,RKI,18,17,1,1585612800000,09171,Altötting,141,15,126,111210,195
DE-BY,01-04-2020,RKI,40,34,6,1585699200000,09171,Altötting,181,21,160,111210,195
DE-BY,02-04-2020,RKI,16,13,3,1585785600000,09171,Altötting,197,24,173,111210,195
DE-BY,03-04-2020,RKI,26,26,0,1585872000000,09171,Altötting,223,24,199,111210,195
DE-BY,04-04-2020,RKI,15,14,1,1585958400000,09171,Altötting,238,25,213,111210,195
DE-BY,05-04-2020,RKI,23,21,2,1586044800000,09171,Altötting,261,27,234,111210,195
DE-BY,06-04-2020,RKI,30,30,0,1586131200000,09171,Altötting,291,27,264,111210,195
DE-BY,07-04-2020,RKI,15,14,1,1586217600000,09171,Altötting,306,28,278,111210,195
DE-BY,08-04-2020,RKI,43,40,3,1586304000000,09171,Altötting,349,31,318,111210,195
DE-BY,09-04-2020,RKI,15,14,1,1586390400000,09171,Altötting,364,32,332,111210,195
DE-BY,10-04-2020,RKI,28,26,2,1586476800000,09171,Altötting,392,34,358,111210,195
DE-BY,11-04-2020,RKI,7,6,1,1586563200000,09171,Altötting,399,35,364,111210,195
DE-BY,12-04-2020,RKI,0,0,0,1586649600000,09171,Altötting,399,35,364,111210,195
DE-BY,14-04-2020,RKI,16,11,5,1586822400000,09171,Altötting,415,40,375,111210,195
DE-BY,15-04-2020,RKI,27,22,5,1586908800000,09171,Altötting,442,45,397,111210,195
DE-BY,16-04-2020,RKI,32,31,1,1586995200000,09171,Altötting,474,46,428,111210,195
DE-BY,17-04-2020,RKI,12,11,1,1587081600000,09171,Altötting,486,47,439,111210,195
DE-BY,18-04-2020,RKI,5,1,4,1587168000000,09171,Altötting,491,51,440,111210,195
DE-BY,19-04-2020,RKI,10,10,0,1587254400000,09171,Altötting,501,51,450,111210,195
DE-BY,20-04-2020,RKI,5,4,1,1587340800000,09171,Altötting,506,52,454,111210,195
DE-BY,21-04-2020,RKI,8,8,0,1587427200000,09171,Altötting,514,52,462,111210,195
DE-BY,22-04-2020,RKI,3,3,0,1587513600000,09171,Altötting,517,52,465,111210,195
DE-BY,23-04-2020,RKI,4,4,0,1587600000000,09171,Altötting,521,52,469,111210,195
DE-BY,24-04-2020,RKI,4,4,0,1587686400000,09171,Altötting,525,52,473,111210,195
DE-BY,25-04-2020,RKI,4,4,0,1587772800000,09171,Altötting,529,52,477,111210,195
DE-BY,26-04-2020,RKI,3,2,1,1587859200000,09171,Altötting,532,53,479,111210,195
DE-BY,27-04-2020,RKI,2,2,0,1587945600000,09171,Altötting,534,53,481,111210,195
DE-BY,28-04-2020,RKI,4,4,0,1588032000000,09171,Altötting,538,53,485,111210,195
DE-BY,29-04-2020,RKI,0,0,0,1588118400000,09171,Altötting,538,53,485,111210,195
DE-BY,30-04-2020,RKI,1,1,0,1588204800000,09171,Altötting,539,53,486,111210,195
DE-BY,05-05-2020,RKI,1,1,0,1588636800000,09171,Altötting,540,53,487,111210,195
DE-BY,06-05-2020,RKI,1,1,0,1588723200000,09171,Altötting,541,53,488,111210,195
DE-BY,07-05-2020,RKI,1,1,0,1588809600000,09171,Altötting,542,53,489,111210,195
DE-BY,11-05-2020,RKI,1,0,0,1589155200000,09171,Altötting,543,53,489,111210,195
DE-BY,14-05-2020,RKI,0,0,0,1589414400000,09171,Altötting,543,53,489,111210,195
DE-BY,15-05-2020,RKI,0,0,0,1589500800000,09171,Altötting,543,53,489,111210,195
DE-BY,17-05-2020,RKI,0,0,0,1589673600000,09171,Altötting,543,53,489,111210,195
DE-BY,20-05-2020,RKI,0,0,0,1589932800000,09171,Altötting,543,53,489,111210,195
DE-BY,24-05-2020,RKI,0,0,0,1590278400000,09171,Altötting,543,53,489,111210,195
DE-BY,25-05-2020,RKI,0,0,0,1590364800000,09171,Altötting,543,53,489,111210,195
DE-BY,28-05-2020,RKI,0,0,0,1590624000000,09171,Altötting,543,53,489,111210,195
DE-BY,29-05-2020,RKI,2,0,0,1590710400000,09171,Altötting,545,53,489,111210,195
DE-BY,16-03-2020,RKI,4,3,1,1584316800000,09172,Berchtesgadener Land,4,1,3,105722,126
DE-BY,17-03-2020,RKI,0,0,0,1584403200000,09172,Berchtesgadener Land,4,1,3,105722,126
DE-BY,19-03-2020,RKI,0,0,0,1584576000000,09172,Berchtesgadener Land,4,1,3,105722,126
DE-BY,23-03-2020,RKI,10,9,1,1584921600000,09172,Berchtesgadener Land,14,2,12,105722,126
DE-BY,24-03-2020,RKI,18,18,0,1585008000000,09172,Berchtesgadener Land,32,2,30,105722,126
DE-BY,25-03-2020,RKI,8,8,0,1585094400000,09172,Berchtesgadener Land,40,2,38,105722,126
DE-BY,26-03-2020,RKI,13,13,0,1585180800000,09172,Berchtesgadener Land,53,2,51,105722,126
DE-BY,27-03-2020,RKI,4,4,0,1585267200000,09172,Berchtesgadener Land,57,2,55,105722,126
DE-BY,28-03-2020,RKI,1,1,0,1585353600000,09172,Berchtesgadener Land,58,2,56,105722,126
DE-BY,29-03-2020,RKI,11,10,1,1585440000000,09172,Berchtesgadener Land,69,3,66,105722,126
DE-BY,30-03-2020,RKI,5,5,0,1585526400000,09172,Berchtesgadener Land,74,3,71,105722,126
DE-BY,31-03-2020,RKI,12,11,1,1585612800000,09172,Berchtesgadener Land,86,4,82,105722,126
DE-BY,01-04-2020,RKI,8,7,1,1585699200000,09172,Berchtesgadener Land,94,5,89,105722,126
DE-BY,02-04-2020,RKI,18,17,1,1585785600000,09172,Berchtesgadener Land,112,6,106,105722,126
DE-BY,03-04-2020,RKI,9,8,1,1585872000000,09172,Berchtesgadener Land,121,7,114,105722,126
DE-BY,04-04-2020,RKI,11,9,2,1585958400000,09172,Berchtesgadener Land,132,9,123,105722,126
DE-BY,05-04-2020,RKI,0,0,0,1586044800000,09172,Berchtesgadener Land,132,9,123,105722,126
DE-BY,06-04-2020,RKI,1,0,1,1586131200000,09172,Berchtesgadener Land,133,10,123,105722,126
DE-BY,07-04-2020,RKI,18,18,0,1586217600000,09172,Berchtesgadener Land,151,10,141,105722,126
DE-BY,08-04-2020,RKI,14,14,0,1586304000000,09172,Berchtesgadener Land,165,10,155,105722,126
DE-BY,09-04-2020,RKI,5,5,0,1586390400000,09172,Berchtesgadener Land,170,10,160,105722,126
DE-BY,10-04-2020,RKI,4,3,1,1586476800000,09172,Berchtesgadener Land,174,11,163,105722,126
DE-BY,11-04-2020,RKI,3,3,0,1586563200000,09172,Berchtesgadener Land,177,11,166,105722,126
DE-BY,12-04-2020,RKI,4,4,0,1586649600000,09172,Berchtesgadener Land,181,11,170,105722,126
DE-BY,14-04-2020,RKI,6,5,1,1586822400000,09172,Berchtesgadener Land,187,12,175,105722,126
DE-BY,15-04-2020,RKI,5,4,1,1586908800000,09172,Berchtesgadener Land,192,13,179,105722,126
DE-BY,16-04-2020,RKI,15,13,2,1586995200000,09172,Berchtesgadener Land,207,15,192,105722,126
DE-BY,17-04-2020,RKI,2,2,0,1587081600000,09172,Berchtesgadener Land,209,15,194,105722,126
DE-BY,18-04-2020,RKI,3,1,2,1587168000000,09172,Berchtesgadener Land,212,17,195,105722,126
DE-BY,19-04-2020,RKI,2,2,0,1587254400000,09172,Berchtesgadener Land,214,17,197,105722,126
DE-BY,20-04-2020,RKI,2,2,0,1587340800000,09172,Berchtesgadener Land,216,17,199,105722,126
DE-BY,21-04-2020,RKI,3,0,3,1587427200000,09172,Berchtesgadener Land,219,20,199,105722,126
DE-BY,22-04-2020,RKI,0,0,0,1587513600000,09172,Berchtesgadener Land,219,20,199,105722,126
DE-BY,23-04-2020,RKI,1,1,0,1587600000000,09172,Berchtesgadener Land,220,20,200,105722,126
DE-BY,24-04-2020,RKI,4,4,0,1587686400000,09172,Berchtesgadener Land,224,20,204,105722,126
DE-BY,25-04-2020,RKI,0,0,0,1587772800000,09172,Berchtesgadener Land,224,20,204,105722,126
DE-BY,26-04-2020,RKI,0,0,0,1587859200000,09172,Berchtesgadener Land,224,20,204,105722,126
DE-BY,28-04-2020,RKI,0,0,0,1588032000000,09172,Berchtesgadener Land,224,20,204,105722,126
DE-BY,30-04-2020,RKI,1,1,0,1588204800000,09172,Berchtesgadener Land,225,20,205,105722,126
DE-BY,02-05-2020,RKI,0,0,0,1588377600000,09172,Berchtesgadener Land,225,20,205,105722,126
DE-BY,03-05-2020,RKI,2,2,0,1588464000000,09172,Berchtesgadener Land,227,20,207,105722,126
DE-BY,05-05-2020,RKI,1,1,0,1588636800000,09172,Berchtesgadener Land,228,20,208,105722,126
DE-BY,06-05-2020,RKI,5,5,0,1588723200000,09172,Berchtesgadener Land,233,20,213,105722,126
DE-BY,08-05-2020,RKI,0,0,0,1588896000000,09172,Berchtesgadener Land,233,20,213,105722,126
DE-BY,09-05-2020,RKI,0,0,0,1588982400000,09172,Berchtesgadener Land,233,20,213,105722,126
DE-BY,15-05-2020,RKI,1,1,0,1589500800000,09172,Berchtesgadener Land,234,20,214,105722,126
DE-BY,16-05-2020,RKI,0,0,0,1589587200000,09172,Berchtesgadener Land,234,20,214,105722,126
DE-BY,17-05-2020,RKI,2,2,0,1589673600000,09172,Berchtesgadener Land,236,20,216,105722,126
DE-BY,19-05-2020,RKI,0,0,0,1589846400000,09172,Berchtesgadener Land,236,20,216,105722,126
DE-BY,20-05-2020,RKI,1,1,0,1589932800000,09172,Berchtesgadener Land,237,20,217,105722,126
DE-BY,22-05-2020,RKI,0,0,0,1590105600000,09172,Berchtesgadener Land,237,20,217,105722,126
DE-BY,25-05-2020,RKI,0,0,0,1590364800000,09172,Berchtesgadener Land,237,20,217,105722,126
DE-BY,28-05-2020,RKI,0,0,0,1590624000000,09172,Berchtesgadener Land,237,20,217,105722,126
DE-BY,18-03-2020,RKI,0,0,0,1584489600000,09173,Bad Tölz-Wolfratshausen,0,0,0,127227,115
DE-BY,20-03-2020,RKI,1,1,0,1584662400000,09173,Bad Tölz-Wolfratshausen,1,0,1,127227,115
DE-BY,23-03-2020,RKI,0,0,0,1584921600000,09173,Bad Tölz-Wolfratshausen,1,0,1,127227,115
DE-BY,24-03-2020,RKI,0,0,0,1585008000000,09173,Bad Tölz-Wolfratshausen,1,0,1,127227,115
DE-BY,25-03-2020,RKI,5,5,0,1585094400000,09173,Bad Tölz-Wolfratshausen,6,0,6,127227,115
DE-BY,26-03-2020,RKI,3,3,0,1585180800000,09173,Bad Tölz-Wolfratshausen,9,0,9,127227,115
DE-BY,27-03-2020,RKI,4,4,0,1585267200000,09173,Bad Tölz-Wolfratshausen,13,0,13,127227,115
DE-BY,30-03-2020,RKI,1,1,0,1585526400000,09173,Bad Tölz-Wolfratshausen,14,0,14,127227,115
DE-BY,31-03-2020,RKI,2,2,0,1585612800000,09173,Bad Tölz-Wolfratshausen,16,0,16,127227,115
DE-BY,01-04-2020,RKI,3,3,0,1585699200000,09173,Bad Tölz-Wolfratshausen,19,0,19,127227,115
DE-BY,02-04-2020,RKI,1,1,0,1585785600000,09173,Bad Tölz-Wolfratshausen,20,0,20,127227,115
DE-BY,03-04-2020,RKI,2,2,0,1585872000000,09173,Bad Tölz-Wolfratshausen,22,0,22,127227,115
DE-BY,05-04-2020,RKI,1,1,0,1586044800000,09173,Bad Tölz-Wolfratshausen,23,0,23,127227,115
DE-BY,06-04-2020,RKI,2,2,0,1586131200000,09173,Bad Tölz-Wolfratshausen,25,0,25,127227,115
DE-BY,07-04-2020,RKI,3,3,0,1586217600000,09173,Bad Tölz-Wolfratshausen,28,0,28,127227,115
DE-BY,08-04-2020,RKI,1,1,0,1586304000000,09173,Bad Tölz-Wolfratshausen,29,0,29,127227,115
DE-BY,09-04-2020,RKI,1,1,0,1586390400000,09173,Bad Tölz-Wolfratshausen,30,0,30,127227,115
DE-BY,10-04-2020,RKI,3,3,0,1586476800000,09173,Bad Tölz-Wolfratshausen,33,0,33,127227,115
DE-BY,12-04-2020,RKI,1,1,0,1586649600000,09173,Bad Tölz-Wolfratshausen,34,0,34,127227,115
DE-BY,15-04-2020,RKI,5,5,0,1586908800000,09173,Bad Tölz-Wolfratshausen,39,0,39,127227,115
DE-BY,16-04-2020,RKI,0,0,0,1586995200000,09173,Bad Tölz-Wolfratshausen,39,0,39,127227,115
DE-BY,18-04-2020,RKI,5,5,0,1587168000000,09173,Bad Tölz-Wolfratshausen,44,0,44,127227,115
DE-BY,22-04-2020,RKI,1,1,0,1587513600000,09173,Bad Tölz-Wolfratshausen,45,0,45,127227,115
DE-BY,28-04-2020,RKI,0,0,0,1588032000000,09173,Bad Tölz-Wolfratshausen,45,0,45,127227,115
DE-BE,05-03-2020,RKI,3,3,0,1583366400000,11001,Berlin Mitte,4,0,4,384172,9733
DE-BE,06-03-2020,RKI,0,0,0,1583452800000,11001,Berlin Mitte,4,0,4,384172,9733
DE-BE,08-03-2020,RKI,0,0,0,1583625600000,11001,Berlin Mitte,4,0,4,384172,9733
DE-BE,10-03-2020,RKI,1,1,0,1583798400000,11001,Berlin Mitte,5,0,5,384172,9733
DE-BE,11-03-2020,RKI,8,8,0,1583884800000,11001,Berlin Mitte,13,0,13,384172,9733
DE-BE,12-03-2020,RKI,6,6,0,1583971200000,11001,Berlin Mitte,19,0,19,384172,9733
DE-BE,13-03-2020,RKI,6,6,0,1584057600000,11001,Berlin Mitte,25,0,25,384172,9733
DE-BE,14-03-2020,RKI,6,6,0,1584144000000,11001,Berlin Mitte,31,0,31,384172,9733
DE-BE,15-03-2020,RKI,7,7,0,1584230400000,11001,Berlin Mitte,38,0,38,384172,9733
DE-BE,16-03-2020,RKI,3,3,0,1584316800000,11001,Berlin Mitte,41,0,41,384172,9733
DE-BE,17-03-2020,RKI,19,19,0,1584403200000,11001,Berlin Mitte,60,0,60,384172,9733
DE-BE,18-03-2020,RKI,22,21,1,1584489600000,11001,Berlin Mitte,82,1,81,384172,9733
DE-BE,19-03-2020,RKI,24,24,0,1584576000000,11001,Berlin Mitte,106,1,105,384172,9733
DE-BE,20-03-2020,RKI,16,16,0,1584662400000,11001,Berlin Mitte,122,1,121,384172,9733
DE-BE,21-03-2020,RKI,24,24,0,1584748800000,11001,Berlin Mitte,146,1,145,384172,9733
DE-BE,22-03-2020,RKI,28,28,0,1584835200000,11001,Berlin Mitte,174,1,173,384172,9733
DE-BE,23-03-2020,RKI,19,19,0,1584921600000,11001,Berlin Mitte,193,1,192,384172,9733
DE-BE,24-03-2020,RKI,22,22,0,1585008000000,11001,Berlin Mitte,215,1,214,384172,9733
DE-BE,25-03-2020,RKI,25,25,0,1585094400000,11001,Berlin Mitte,240,1,239,384172,9733
DE-BE,26-03-2020,RKI,51,51,0,1585180800000,11001,Berlin Mitte,291,1,290,384172,9733
DE-BE,27-03-2020,RKI,45,45,0,1585267200000,11001,Berlin Mitte,336,1,335,384172,9733
DE-BE,28-03-2020,RKI,25,25,0,1585353600000,11001,Berlin Mitte,361,1,360,384172,9733
DE-BE,29-03-2020,RKI,15,15,0,1585440000000,11001,Berlin Mitte,376,1,375,384172,9733
DE-BE,30-03-2020,RKI,13,12,1,1585526400000,11001,Berlin Mitte,389,2,387,384172,9733
DE-BE,31-03-2020,RKI,45,45,0,1585612800000,11001,Berlin Mitte,434,2,432,384172,9733
DE-BE,01-04-2020,RKI,18,17,1,1585699200000,11001,Berlin Mitte,452,3,449,384172,9733
DE-BE,02-04-2020,RKI,33,33,0,1585785600000,11001,Berlin Mitte,485,3,482,384172,9733
DE-BE,03-04-2020,RKI,8,8,0,1585872000000,11001,Berlin Mitte,493,3,490,384172,9733
DE-BE,04-04-2020,RKI,16,16,0,1585958400000,11001,Berlin Mitte,509,3,506,384172,9733
DE-BE,05-04-2020,RKI,4,4,0,1586044800000,11001,Berlin Mitte,513,3,510,384172,9733
DE-BE,06-04-2020,RKI,35,35,0,1586131200000,11001,Berlin Mitte,548,3,545,384172,9733
DE-BE,07-04-2020,RKI,31,29,2,1586217600000,11001,Berlin Mitte,579,5,574,384172,9733
DE-BE,08-04-2020,RKI,12,12,0,1586304000000,11001,Berlin Mitte,591,5,586,384172,9733
DE-BE,09-04-2020,RKI,25,24,1,1586390400000,11001,Berlin Mitte,616,6,610,384172,9733
DE-BE,10-04-2020,RKI,22,21,1,1586476800000,11001,Berlin Mitte,638,7,631,384172,9733
DE-BE,11-04-2020,RKI,32,32,0,1586563200000,11001,Berlin Mitte,670,7,663,384172,9733
DE-BE,12-04-2020,RKI,8,8,0,1586649600000,11001,Berlin Mitte,678,7,671,384172,9733
DE-BE,13-04-2020,RKI,13,12,1,1586736000000,11001,Berlin Mitte,691,8,683,384172,9733
DE-BE,14-04-2020,RKI,11,11,0,1586822400000,11001,Berlin Mitte,702,8,694,384172,9733
DE-BE,15-04-2020,RKI,16,16,0,1586908800000,11001,Berlin Mitte,718,8,710,384172,9733
DE-BE,16-04-2020,RKI,11,10,1,1586995200000,11001,Berlin Mitte,729,9,720,384172,9733
DE-BE,17-04-2020,RKI,16,16,0,1587081600000,11001,Berlin Mitte,745,9,736,384172,9733
DE-BE,18-04-2020,RKI,3,3,0,1587168000000,11001,Berlin Mitte,748,9,739,384172,9733
DE-BE,19-04-2020,RKI,4,4,0,1587254400000,11001,Berlin Mitte,752,9,743,384172,9733
DE-BE,20-04-2020,RKI,4,4,0,1587340800000,11001,Berlin Mitte,756,9,747,384172,9733
DE-BE,21-04-2020,RKI,4,4,0,1587427200000,11001,Berlin Mitte,760,9,751,384172,9733
DE-BE,22-04-2020,RKI,9,7,2,1587513600000,11001,Berlin Mitte,769,11,758,384172,9733
DE-BE,23-04-2020,RKI,5,5,0,1587600000000,11001,Berlin Mitte,774,11,763,384172,9733
DE-BE,24-04-2020,RKI,3,3,0,1587686400000,11001,Berlin Mitte,777,11,766,384172,9733
DE-BE,25-04-2020,RKI,7,7,0,1587772800000,11001,Berlin Mitte,784,11,773,384172,9733
DE-BE,26-04-2020,RKI,1,1,0,1587859200000,11001,Berlin Mitte,785,11,774,384172,9733
DE-BE,27-04-2020,RKI,15,15,0,1587945600000,11001,Berlin Mitte,800,11,789,384172,9733
DE-BE,28-04-2020,RKI,6,6,0,1588032000000,11001,Berlin Mitte,806,11,795,384172,9733
DE-BE,29-04-2020,RKI,11,11,0,1588118400000,11001,Berlin Mitte,817,11,806,384172,9733
DE-BE,30-04-2020,RKI,4,4,0,1588204800000,11001,Berlin Mitte,821,11,810,384172,9733
DE-BE,01-05-2020,RKI,3,3,0,1588291200000,11001,Berlin Mitte,824,11,813,384172,9733
DE-BE,02-05-2020,RKI,2,2,0,1588377600000,11001,Berlin Mitte,826,11,815,384172,9733
DE-BE,04-05-2020,RKI,4,4,0,1588550400000,11001,Berlin Mitte,830,11,819,384172,9733
DE-BE,05-05-2020,RKI,10,10,0,1588636800000,11001,Berlin Mitte,840,11,829,384172,9733
DE-BE,06-05-2020,RKI,7,7,0,1588723200000,11001,Berlin Mitte,847,11,836,384172,9733
DE-BE,07-05-2020,RKI,3,2,1,1588809600000,11001,Berlin Mitte,850,12,838,384172,9733
DE-BE,09-05-2020,RKI,1,1,0,1588982400000,11001,Berlin Mitte,851,12,839,384172,9733
DE-BE,12-05-2020,RKI,5,4,0,1589241600000,11001,Berlin Mitte,856,12,843,384172,9733
DE-BE,13-05-2020,RKI,2,2,0,1589328000000,11001,Berlin Mitte,858,12,845,384172,9733
DE-BE,14-05-2020,RKI,5,5,0,1589414400000,11001,Berlin Mitte,863,12,850,384172,9733
DE-BE,15-05-2020,RKI,2,2,0,1589500800000,11001,Berlin Mitte,865,12,852,384172,9733
DE-BE,18-05-2020,RKI,2,2,0,1589760000000,11001,Berlin Mitte,867,12,854,384172,9733
DE-BE,19-05-2020,RKI,12,10,0,1589846400000,11001,Berlin Mitte,879,12,864,384172,9733
DE-BE,20-05-2020,RKI,2,2,0,1589932800000,11001,Berlin Mitte,881,12,866,384172,9733
DE-BE,22-05-2020,RKI,1,1,0,1590105600000,11001,Berlin Mitte,882,12,867,384172,9733
DE-BE,23-05-2020,RKI,0,0,0,1590192000000,11001,Berlin Mitte,882,12,867,384172,9733
DE-BE,25-05-2020,RKI,4,3,0,1590364800000,11001,Berlin Mitte,886,12,870,384172,9733
DE-BE,27-05-2020,RKI,5,1,0,1590537600000,11001,Berlin Mitte,891,12,871,384172,9733
DE-BE,28-05-2020,RKI,3,1,0,1590624000000,11001,Berlin Mitte,894,12,872,384172,9733
DE-BE,29-05-2020,RKI,6,0,0,1590710400000,11001,Berlin Mitte,900,12,872,384172,9733
DE-BE,31-05-2020,RKI,6,0,0,1590883200000,11001,Berlin Mitte,906,12,872,384172,9733
DE-BE,01-06-2020,RKI,0,0,0,1590969600000,11001,Berlin Mitte,906,12,872,384172,9733
DE-BE,02-06-2020,RKI,4,0,0,1591056000000,11001,Berlin Mitte,910,12,872,384172,9733
DE-BE,03-06-2020,RKI,1,0,0,1591142400000,11001,Berlin Mitte,911,12,872,384172,9733
DE-BE,04-06-2020,RKI,2,0,0,1591228800000,11001,Berlin Mitte,913,12,872,384172,9733
DE-BE,05-03-2020,RKI,1,1,0,1583366400000,11002,Berlin Friedrichshain-Kreuzberg,2,0,2,289762,14373
DE-BE,08-03-2020,RKI,0,0,0,1583625600000,11002,Berlin Friedrichshain-Kreuzberg,2,0,2,289762,14373
DE-BE,09-03-2020,RKI,2,2,0,1583712000000,11002,Berlin Friedrichshain-Kreuzberg,4,0,4,289762,14373
DE-BE,10-03-2020,RKI,3,3,0,1583798400000,11002,Berlin Friedrichshain-Kreuzberg,7,0,7,289762,14373
DE-BE,11-03-2020,RKI,1,1,0,1583884800000,11002,Berlin Friedrichshain-Kreuzberg,8,0,8,289762,14373
DE-BE,13-03-2020,RKI,9,9,0,1584057600000,11002,Berlin Friedrichshain-Kreuzberg,17,0,17,289762,14373
DE-BE,14-03-2020,RKI,4,4,0,1584144000000,11002,Berlin Friedrichshain-Kreuzberg,21,0,21,289762,14373
DE-BE,15-03-2020,RKI,1,1,0,1584230400000,11002,Berlin Friedrichshain-Kreuzberg,22,0,22,289762,14373
DE-BE,16-03-2020,RKI,5,5,0,1584316800000,11002,Berlin Friedrichshain-Kreuzberg,27,0,27,289762,14373
DE-BE,17-03-2020,RKI,3,3,0,1584403200000,11002,Berlin Friedrichshain-Kreuzberg,30,0,30,289762,14373
DE-BE,18-03-2020,RKI,18,17,1,1584489600000,11002,Berlin Friedrichshain-Kreuzberg,48,1,47,289762,14373
DE-BE,19-03-2020,RKI,19,19,0,1584576000000,11002,Berlin Friedrichshain-Kreuzberg,67,1,66,289762,14373
DE-BE,20-03-2020,RKI,15,15,0,1584662400000,11002,Berlin Friedrichshain-Kreuzberg,82,1,81,289762,14373
DE-BE,21-03-2020,RKI,20,19,1,1584748800000,11002,Berlin Friedrichshain-Kreuzberg,102,2,100,289762,14373
DE-BE,22-03-2020,RKI,8,8,0,1584835200000,11002,Berlin Friedrichshain-Kreuzberg,110,2,108,289762,14373
DE-BE,23-03-2020,RKI,8,8,0,1584921600000,11002,Berlin Friedrichshain-Kreuzberg,118,2,116,289762,14373
DE-BE,24-03-2020,RKI,18,18,0,1585008000000,11002,Berlin Friedrichshain-Kreuzberg,136,2,134,289762,14373
DE-BE,25-03-2020,RKI,45,45,0,1585094400000,11002,Berlin Friedrichshain-Kreuzberg,181,2,179,289762,14373
DE-BE,26-03-2020,RKI,18,18,0,1585180800000,11002,Berlin Friedrichshain-Kreuzberg,199,2,197,289762,14373
DE-BE,27-03-2020,RKI,19,19,0,1585267200000,11002,Berlin Friedrichshain-Kreuzberg,218,2,216,289762,14373
DE-BE,28-03-2020,RKI,13,13,0,1585353600000,11002,Berlin Friedrichshain-Kreuzberg,231,2,229,289762,14373
DE-BE,29-03-2020,RKI,4,4,0,1585440000000,11002,Berlin Friedrichshain-Kreuzberg,235,2,233,289762,14373
DE-BE,30-03-2020,RKI,12,12,0,1585526400000,11002,Berlin Friedrichshain-Kreuzberg,247,2,245,289762,14373
DE-BE,31-03-2020,RKI,9,9,0,1585612800000,11002,Berlin Friedrichshain-Kreuzberg,256,2,254,289762,14373
DE-BE,01-04-2020,RKI,20,19,1,1585699200000,11002,Berlin Friedrichshain-Kreuzberg,276,3,273,289762,14373
DE-BE,02-04-2020,RKI,23,23,0,1585785600000,11002,Berlin Friedrichshain-Kreuzberg,299,3,296,289762,14373
DE-BE,03-04-2020,RKI,16,16,0,1585872000000,11002,Berlin Friedrichshain-Kreuzberg,315,3,312,289762,14373
DE-BE,04-04-2020,RKI,4,4,0,1585958400000,11002,Berlin Friedrichshain-Kreuzberg,319,3,316,289762,14373
DE-BE,05-04-2020,RKI,1,1,0,1586044800000,11002,Berlin Friedrichshain-Kreuzberg,320,3,317,289762,14373
DE-BE,06-04-2020,RKI,3,3,0,1586131200000,11002,Berlin Friedrichshain-Kreuzberg,323,3,320,289762,14373
DE-BE,07-04-2020,RKI,8,8,0,1586217600000,11002,Berlin Friedrichshain-Kreuzberg,331,3,328,289762,14373
DE-BE,08-04-2020,RKI,4,4,0,1586304000000,11002,Berlin Friedrichshain-Kreuzberg,335,3,332,289762,14373
DE-BE,09-04-2020,RKI,13,13,0,1586390400000,11002,Berlin Friedrichshain-Kreuzberg,348,3,345,289762,14373
DE-BE,10-04-2020,RKI,5,4,1,1586476800000,11002,Berlin Friedrichshain-Kreuzberg,353,4,349,289762,14373
DE-BE,11-04-2020,RKI,4,4,0,1586563200000,11002,Berlin Friedrichshain-Kreuzberg,357,4,353,289762,14373
DE-BE,12-04-2020,RKI,2,2,0,1586649600000,11002,Berlin Friedrichshain-Kreuzberg,359,4,355,289762,14373
DE-BE,13-04-2020,RKI,1,1,0,1586736000000,11002,Berlin Friedrichshain-Kreuzberg,360,4,356,289762,14373
DE-BE,14-04-2020,RKI,2,2,0,1586822400000,11002,Berlin Friedrichshain-Kreuzberg,362,4,358,289762,14373
DE-BE,15-04-2020,RKI,6,6,0,1586908800000,11002,Berlin Friedrichshain-Kreuzberg,368,4,364,289762,14373
DE-BE,16-04-2020,RKI,3,3,0,1586995200000,11002,Berlin Friedrichshain-Kreuzberg,371,4,367,289762,14373
DE-BE,17-04-2020,RKI,2,2,0,1587081600000,11002,Berlin Friedrichshain-Kreuzberg,373,4,369,289762,14373
DE-BE,18-04-2020,RKI,4,4,0,1587168000000,11002,Berlin Friedrichshain-Kreuzberg,377,4,373,289762,14373
DE-BE,19-04-2020,RKI,3,3,0,1587254400000,11002,Berlin Friedrichshain-Kreuzberg,380,4,376,289762,14373
DE-BE,20-04-2020,RKI,1,1,0,1587340800000,11002,Berlin Friedrichshain-Kreuzberg,381,4,377,289762,14373
DE-BE,21-04-2020,RKI,4,4,0,1587427200000,11002,Berlin Friedrichshain-Kreuzberg,385,4,381,289762,14373
DE-BE,22-04-2020,RKI,8,8,0,1587513600000,11002,Berlin Friedrichshain-Kreuzberg,393,4,389,289762,14373
DE-BE,23-04-2020,RKI,4,4,0,1587600000000,11002,Berlin Friedrichshain-Kreuzberg,397,4,393,289762,14373
DE-BE,24-04-2020,RKI,3,3,0,1587686400000,11002,Berlin Friedrichshain-Kreuzberg,400,4,396,289762,14373
DE-BE,25-04-2020,RKI,1,1,0,1587772800000,11002,Berlin Friedrichshain-Kreuzberg,401,4,397,289762,14373
DE-BE,27-04-2020,RKI,0,0,0,1587945600000,11002,Berlin Friedrichshain-Kreuzberg,401,4,397,289762,14373
DE-BE,28-04-2020,RKI,2,1,1,1588032000000,11002,Berlin Friedrichshain-Kreuzberg,403,5,398,289762,14373
DE-BE,29-04-2020,RKI,2,2,0,1588118400000,11002,Berlin Friedrichshain-Kreuzberg,405,5,400,289762,14373
DE-BE,30-04-2020,RKI,2,2,0,1588204800000,11002,Berlin Friedrichshain-Kreuzberg,407,5,402,289762,14373
DE-BE,01-05-2020,RKI,0,0,0,1588291200000,11002,Berlin Friedrichshain-Kreuzberg,407,5,402,289762,14373
DE-BE,02-05-2020,RKI,0,0,0,1588377600000,11002,Berlin Friedrichshain-Kreuzberg,407,5,402,289762,14373
DE-BE,04-05-2020,RKI,4,4,0,1588550400000,11002,Berlin Friedrichshain-Kreuzberg,411,5,406,289762,14373
DE-BE,05-05-2020,RKI,4,4,0,1588636800000,11002,Berlin Friedrichshain-Kreuzberg,415,5,410,289762,14373
DE-BE,06-05-2020,RKI,6,6,0,1588723200000,11002,Berlin Friedrichshain-Kreuzberg,421,5,416,289762,14373
DE-BE,07-05-2020,RKI,2,2,0,1588809600000,11002,Berlin Friedrichshain-Kreuzberg,423,5,418,289762,14373
DE-BE,11-05-2020,RKI,1,0,1,1589155200000,11002,Berlin Friedrichshain-Kreuzberg,424,6,418,289762,14373
DE-BE,12-05-2020,RKI,2,0,1,1589241600000,11002,Berlin Friedrichshain-Kreuzberg,426,7,418,289762,14373
DE-BE,13-05-2020,RKI,3,3,0,1589328000000,11002,Berlin Friedrichshain-Kreuzberg,429,7,421,289762,14373
DE-BE,14-05-2020,RKI,1,1,0,1589414400000,11002,Berlin Friedrichshain-Kreuzberg,430,7,422,289762,14373
DE-BE,16-05-2020,RKI,1,1,0,1589587200000,11002,Berlin Friedrichshain-Kreuzberg,431,7,423,289762,14373
DE-BE,17-05-2020,RKI,1,0,0,1589673600000,11002,Berlin Friedrichshain-Kreuzberg,432,7,423,289762,14373
DE-BE,18-05-2020,RKI,0,0,0,1589760000000,11002,Berlin Friedrichshain-Kreuzberg,432,7,423,289762,14373
DE-BE,19-05-2020,RKI,6,4,1,1589846400000,11002,Berlin Friedrichshain-Kreuzberg,438,8,427,289762,14373
DE-BE,20-05-2020,RKI,6,5,0,1589932800000,11002,Berlin Friedrichshain-Kreuzberg,444,8,432,289762,14373
DE-BE,22-05-2020,RKI,2,2,0,1590105600000,11002,Berlin Friedrichshain-Kreuzberg,446,8,434,289762,14373
DE-BE,25-05-2020,RKI,1,0,0,1590364800000,11002,Berlin Friedrichshain-Kreuzberg,447,8,434,289762,14373
DE-BE,26-05-2020,RKI,0,0,0,1590451200000,11002,Berlin Friedrichshain-Kreuzberg,447,8,434,289762,14373
DE-BE,27-05-2020,RKI,0,0,0,1590537600000,11002,Berlin Friedrichshain-Kreuzberg,447,8,434,289762,14373
DE-BE,28-05-2020,RKI,1,0,0,1590624000000,11002,Berlin Friedrichshain-Kreuzberg,448,8,434,289762,14373
DE-BE,29-05-2020,RKI,0,0,0,1590710400000,11002,Berlin Friedrichshain-Kreuzberg,448,8,434,289762,14373
DE-BE,31-05-2020,RKI,1,1,0,1590883200000,11002,Berlin Friedrichshain-Kreuzberg,449,8,435,289762,14373
DE-BE,02-06-2020,RKI,11,0,0,1591056000000,11002,Berlin Friedrichshain-Kreuzberg,460,8,435,289762,14373
DE-BE,03-06-2020,RKI,7,0,0,1591142400000,11002,Berlin Friedrichshain-Kreuzberg,467,8,435,289762,14373
DE-BE,04-06-2020,RKI,5,0,0,1591228800000,11002,Berlin Friedrichshain-Kreuzberg,472,8,435,289762,14373
DE-BE,05-03-2020,RKI,1,1,0,1583366400000,11003,Berlin Pankow,1,0,1,407765,3958
DE-BE,06-03-2020,RKI,0,0,0,1583452800000,11003,Berlin Pankow,1,0,1,407765,3958
DE-BE,09-03-2020,RKI,1,1,0,1583712000000,11003,Berlin Pankow,2,0,2,407765,3958
DE-BE,10-03-2020,RKI,2,2,0,1583798400000,11003,Berlin Pankow,4,0,4,407765,3958
DE-BE,11-03-2020,RKI,5,5,0,1583884800000,11003,Berlin Pankow,9,0,9,407765,3958
DE-BE,12-03-2020,RKI,3,3,0,1583971200000,11003,Berlin Pankow,12,0,12,407765,3958
DE-BE,13-03-2020,RKI,8,8,0,1584057600000,11003,Berlin Pankow,20,0,20,407765,3958
DE-BE,16-03-2020,RKI,13,13,0,1584316800000,11003,Berlin Pankow,33,0,33,407765,3958
DE-BE,17-03-2020,RKI,7,7,0,1584403200000,11003,Berlin Pankow,40,0,40,407765,3958
DE-BE,18-03-2020,RKI,9,9,0,1584489600000,11003,Berlin Pankow,49,0,49,407765,3958
DE-BE,19-03-2020,RKI,15,15,0,1584576000000,11003,Berlin Pankow,64,0,64,407765,3958
DE-BE,20-03-2020,RKI,14,14,0,1584662400000,11003,Berlin Pankow,78,0,78,407765,3958
DE-BE,21-03-2020,RKI,15,15,0,1584748800000,11003,Berlin Pankow,93,0,93,407765,3958
DE-BE,22-03-2020,RKI,6,6,0,1584835200000,11003,Berlin Pankow,99,0,99,407765,3958
DE-BE,23-03-2020,RKI,8,8,0,1584921600000,11003,Berlin Pankow,107,0,107,407765,3958
DE-BE,24-03-2020,RKI,21,21,0,1585008000000,11003,Berlin Pankow,128,0,128,407765,3958
DE-BE,25-03-2020,RKI,17,17,0,1585094400000,11003,Berlin Pankow,145,0,145,407765,3958
DE-BE,26-03-2020,RKI,37,37,0,1585180800000,11003,Berlin Pankow,182,0,182,407765,3958
DE-BE,27-03-2020,RKI,31,30,1,1585267200000,11003,Berlin Pankow,213,1,212,407765,3958
DE-BE,28-03-2020,RKI,10,9,1,1585353600000,11003,Berlin Pankow,223,2,221,407765,3958
DE-BE,29-03-2020,RKI,10,9,1,1585440000000,11003,Berlin Pankow,233,3,230,407765,3958
DE-BE,30-03-2020,RKI,12,12,0,1585526400000,11003,Berlin Pankow,245,3,242,407765,3958
DE-BE,31-03-2020,RKI,18,18,0,1585612800000,11003,Berlin Pankow,263,3,260,407765,3958
DE-BE,01-04-2020,RKI,12,12,0,1585699200000,11003,Berlin Pankow,275,3,272,407765,3958
DE-BE,02-04-2020,RKI,20,19,1,1585785600000,11003,Berlin Pankow,295,4,291,407765,3958
DE-BE,03-04-2020,RKI,36,30,5,1585872000000,11003,Berlin Pankow,331,9,321,407765,3958
DE-BE,04-04-2020,RKI,9,9,0,1585958400000,11003,Berlin Pankow,340,9,330,407765,3958
DE-BE,05-04-2020,RKI,7,7,0,1586044800000,11003,Berlin Pankow,347,9,337,407765,3958
DE-BE,06-04-2020,RKI,11,11,0,1586131200000,11003,Berlin Pankow,358,9,348,407765,3958
DE-BE,07-04-2020,RKI,17,12,5,1586217600000,11003,Berlin Pankow,375,14,360,407765,3958
DE-BE,08-04-2020,RKI,17,16,1,1586304000000,11003,Berlin Pankow,392,15,376,407765,3958
DE-BE,09-04-2020,RKI,26,25,1,1586390400000,11003,Berlin Pankow,418,16,401,407765,3958
DE-BE,10-04-2020,RKI,3,3,0,1586476800000,11003,Berlin Pankow,421,16,404,407765,3958
DE-BE,11-04-2020,RKI,6,5,1,1586563200000,11003,Berlin Pankow,427,17,409,407765,3958
DE-BE,12-04-2020,RKI,4,4,0,1586649600000,11003,Berlin Pankow,431,17,413,407765,3958
DE-BE,13-04-2020,RKI,4,4,0,1586736000000,11003,Berlin Pankow,435,17,417,407765,3958
DE-BE,14-04-2020,RKI,6,6,0,1586822400000,11003,Berlin Pankow,441,17,423,407765,3958
DE-BE,15-04-2020,RKI,5,5,0,1586908800000,11003,Berlin Pankow,446,17,428,407765,3958
DE-BE,16-04-2020,RKI,11,11,0,1586995200000,11003,Berlin Pankow,457,17,439,407765,3958
DE-BE,17-04-2020,RKI,30,26,4,1587081600000,11003,Berlin Pankow,487,21,465,407765,3958
DE-BE,18-04-2020,RKI,11,10,1,1587168000000,11003,Berlin Pankow,498,22,475,407765,3958
DE-BE,19-04-2020,RKI,3,3,0,1587254400000,11003,Berlin Pankow,501,22,478,407765,3958
DE-BE,20-04-2020,RKI,3,3,0,1587340800000,11003,Berlin Pankow,504,22,481,407765,3958
DE-BE,21-04-2020,RKI,8,8,0,1587427200000,11003,Berlin Pankow,512,22,489,407765,3958
DE-BE,22-04-2020,RKI,5,5,0,1587513600000,11003,Berlin Pankow,517,22,494,407765,3958
DE-BE,23-04-2020,RKI,6,6,0,1587600000000,11003,Berlin Pankow,523,22,500,407765,3958
DE-BE,24-04-2020,RKI,14,12,2,1587686400000,11003,Berlin Pankow,537,24,512,407765,3958
DE-BE,25-04-2020,RKI,0,0,0,1587772800000,11003,Berlin Pankow,537,24,512,407765,3958
DE-BE,26-04-2020,RKI,0,0,0,1587859200000,11003,Berlin Pankow,537,24,512,407765,3958
DE-BE,27-04-2020,RKI,1,0,1,1587945600000,11003,Berlin Pankow,538,25,512,407765,3958
DE-BE,28-04-2020,RKI,4,3,1,1588032000000,11003,Berlin Pankow,542,26,515,407765,3958
DE-BE,29-04-2020,RKI,2,2,0,1588118400000,11003,Berlin Pankow,544,26,517,407765,3958
DE-BE,30-04-2020,RKI,11,10,1,1588204800000,11003,Berlin Pankow,555,27,527,407765,3958
DE-BE,02-05-2020,RKI,8,6,2,1588377600000,11003,Berlin Pankow,563,29,533,407765,3958
DE-BE,03-05-2020,RKI,1,1,0,1588464000000,11003,Berlin Pankow,564,29,534,407765,3958
DE-BE,04-05-2020,RKI,3,3,0,1588550400000,11003,Berlin Pankow,567,29,537,407765,3958
DE-BE,05-05-2020,RKI,5,5,0,1588636800000,11003,Berlin Pankow,572,29,542,407765,3958
DE-BE,06-05-2020,RKI,4,4,0,1588723200000,11003,Berlin Pankow,576,29,546,407765,3958
DE-BE,07-05-2020,RKI,5,5,0,1588809600000,11003,Berlin Pankow,581,29,551,407765,3958
DE-BE,09-05-2020,RKI,2,1,1,1588982400000,11003,Berlin Pankow,583,30,552,407765,3958
DE-BE,11-05-2020,RKI,2,1,1,1589155200000,11003,Berlin Pankow,585,31,553,407765,3958
DE-BE,13-05-2020,RKI,8,7,0,1589328000000,11003,Berlin Pankow,593,31,560,407765,3958
DE-BE,14-05-2020,RKI,0,0,0,1589414400000,11003,Berlin Pankow,593,31,560,407765,3958
DE-BE,15-05-2020,RKI,0,0,0,1589500800000,11003,Berlin Pankow,593,31,560,407765,3958
DE-BE,17-05-2020,RKI,0,0,0,1589673600000,11003,Berlin Pankow,593,31,560,407765,3958
DE-BE,18-05-2020,RKI,9,7,0,1589760000000,11003,Berlin Pankow,602,31,567,407765,3958
DE-BE,19-05-2020,RKI,11,8,1,1589846400000,11003,Berlin Pankow,613,32,575,407765,3958
DE-BE,20-05-2020,RKI,5,4,0,1589932800000,11003,Berlin Pankow,618,32,579,407765,3958
DE-BE,22-05-2020,RKI,8,7,0,1590105600000,11003,Berlin Pankow,626,32,586,407765,3958
DE-BE,23-05-2020,RKI,0,0,0,1590192000000,11003,Berlin Pankow,626,32,586,407765,3958
DE-BE,26-05-2020,RKI,0,0,0,1590451200000,11003,Berlin Pankow,626,32,586,407765,3958
DE-BE,27-05-2020,RKI,3,2,0,1590537600000,11003,Berlin Pankow,629,32,588,407765,3958
DE-BE,29-05-2020,RKI,0,0,0,1590710400000,11003,Berlin Pankow,629,32,588,407765,3958
DE-BE,02-06-2020,RKI,4,0,0,1591056000000,11003,Berlin Pankow,633,32,588,407765,3958
DE-BE,03-06-2020,RKI,2,0,0,1591142400000,11003,Berlin Pankow,635,32,588,407765,3958
DE-BE,07-03-2020,RKI,0,0,0,1583539200000,11004,Berlin Charlottenburg-Wilmersdorf,1,0,1,342332,5289
DE-BE,08-03-2020,RKI,6,6,0,1583625600000,11004,Berlin Charlottenburg-Wilmersdorf,7,0,7,342332,5289
DE-BE,09-03-2020,RKI,0,0,0,1583712000000,11004,Berlin Charlottenburg-Wilmersdorf,7,0,7,342332,5289
DE-BE,10-03-2020,RKI,5,5,0,1583798400000,11004,Berlin Charlottenburg-Wilmersdorf,12,0,12,342332,5289
DE-BE,11-03-2020,RKI,7,7,0,1583884800000,11004,Berlin Charlottenburg-Wilmersdorf,19,0,19,342332,5289
DE-BE,12-03-2020,RKI,9,9,0,1583971200000,11004,Berlin Charlottenburg-Wilmersdorf,28,0,28,342332,5289
DE-BE,13-03-2020,RKI,11,11,0,1584057600000,11004,Berlin Charlottenburg-Wilmersdorf,39,0,39,342332,5289
DE-BE,14-03-2020,RKI,1,1,0,1584144000000,11004,Berlin Charlottenburg-Wilmersdorf,40,0,40,342332,5289
DE-BE,15-03-2020,RKI,5,5,0,1584230400000,11004,Berlin Charlottenburg-Wilmersdorf,45,0,45,342332,5289
DE-BE,16-03-2020,RKI,6,6,0,1584316800000,11004,Berlin Charlottenburg-Wilmersdorf,51,0,51,342332,5289
DE-BE,17-03-2020,RKI,12,12,0,1584403200000,11004,Berlin Charlottenburg-Wilmersdorf,63,0,63,342332,5289
DE-BE,18-03-2020,RKI,15,15,0,1584489600000,11004,Berlin Charlottenburg-Wilmersdorf,78,0,78,342332,5289
DE-BE,19-03-2020,RKI,25,25,0,1584576000000,11004,Berlin Charlottenburg-Wilmersdorf,103,0,103,342332,5289
DE-BE,20-03-2020,RKI,13,12,1,1584662400000,11004,Berlin Charlottenburg-Wilmersdorf,116,1,115,342332,5289
DE-BE,21-03-2020,RKI,6,5,1,1584748800000,11004,Berlin Charlottenburg-Wilmersdorf,122,2,120,342332,5289
DE-BE,22-03-2020,RKI,9,9,0,1584835200000,11004,Berlin Charlottenburg-Wilmersdorf,131,2,129,342332,5289
DE-BE,23-03-2020,RKI,23,23,0,1584921600000,11004,Berlin Charlottenburg-Wilmersdorf,154,2,152,342332,5289
DE-BE,24-03-2020,RKI,22,22,0,1585008000000,11004,Berlin Charlottenburg-Wilmersdorf,176,2,174,342332,5289
DE-BE,25-03-2020,RKI,35,35,0,1585094400000,11004,Berlin Charlottenburg-Wilmersdorf,211,2,209,342332,5289
DE-BE,26-03-2020,RKI,43,41,2,1585180800000,11004,Berlin Charlottenburg-Wilmersdorf,254,4,250,342332,5289
DE-BE,27-03-2020,RKI,15,15,0,1585267200000,11004,Berlin Charlottenburg-Wilmersdorf,269,4,265,342332,5289
DE-BE,28-03-2020,RKI,20,20,0,1585353600000,11004,Berlin Charlottenburg-Wilmersdorf,289,4,285,342332,5289
DE-BE,29-03-2020,RKI,5,5,0,1585440000000,11004,Berlin Charlottenburg-Wilmersdorf,294,4,290,342332,5289
DE-BE,30-03-2020,RKI,36,36,0,1585526400000,11004,Berlin Charlottenburg-Wilmersdorf,330,4,326,342332,5289
DE-BE,31-03-2020,RKI,23,22,1,1585612800000,11004,Berlin Charlottenburg-Wilmersdorf,353,5,348,342332,5289
DE-BE,01-04-2020,RKI,22,21,1,1585699200000,11004,Berlin Charlottenburg-Wilmersdorf,375,6,369,342332,5289
DE-BE,02-04-2020,RKI,30,30,0,1585785600000,11004,Berlin Charlottenburg-Wilmersdorf,405,6,399,342332,5289
DE-BE,03-04-2020,RKI,15,14,1,1585872000000,11004,Berlin Charlottenburg-Wilmersdorf,420,7,413,342332,5289
DE-BE,04-04-2020,RKI,3,3,0,1585958400000,11004,Berlin Charlottenburg-Wilmersdorf,423,7,416,342332,5289
DE-BE,05-04-2020,RKI,4,4,0,1586044800000,11004,Berlin Charlottenburg-Wilmersdorf,427,7,420,342332,5289
DE-BE,06-04-2020,RKI,18,17,1,1586131200000,11004,Berlin Charlottenburg-Wilmersdorf,445,8,437,342332,5289
DE-BE,07-04-2020,RKI,40,35,5,1586217600000,11004,Berlin Charlottenburg-Wilmersdorf,485,13,472,342332,5289
DE-BE,08-04-2020,RKI,19,19,0,1586304000000,11004,Berlin Charlottenburg-Wilmersdorf,504,13,491,342332,5289
DE-BE,09-04-2020,RKI,11,10,1,1586390400000,11004,Berlin Charlottenburg-Wilmersdorf,515,14,501,342332,5289
DE-BE,10-04-2020,RKI,6,6,0,1586476800000,11004,Berlin Charlottenburg-Wilmersdorf,521,14,507,342332,5289
DE-BE,11-04-2020,RKI,2,2,0,1586563200000,11004,Berlin Charlottenburg-Wilmersdorf,523,14,509,342332,5289
DE-BE,12-04-2020,RKI,6,6,0,1586649600000,11004,Berlin Charlottenburg-Wilmersdorf,529,14,515,342332,5289
DE-BE,13-04-2020,RKI,3,2,1,1586736000000,11004,Berlin Charlottenburg-Wilmersdorf,532,15,517,342332,5289
DE-BE,14-04-2020,RKI,5,5,0,1586822400000,11004,Berlin Charlottenburg-Wilmersdorf,537,15,522,342332,5289
DE-BE,15-04-2020,RKI,13,12,1,1586908800000,11004,Berlin Charlottenburg-Wilmersdorf,550,16,534,342332,5289
DE-BE,16-04-2020,RKI,13,12,1,1586995200000,11004,Berlin Charlottenburg-Wilmersdorf,563,17,546,342332,5289
DE-BE,17-04-2020,RKI,7,7,0,1587081600000,11004,Berlin Charlottenburg-Wilmersdorf,570,17,553,342332,5289
DE-BE,18-04-2020,RKI,3,3,0,1587168000000,11004,Berlin Charlottenburg-Wilmersdorf,573,17,556,342332,5289
DE-BE,19-04-2020,RKI,3,3,0,1587254400000,11004,Berlin Charlottenburg-Wilmersdorf,576,17,559,342332,5289
DE-BE,20-04-2020,RKI,1,1,0,1587340800000,11004,Berlin Charlottenburg-Wilmersdorf,577,17,560,342332,5289
DE-BE,21-04-2020,RKI,8,7,1,1587427200000,11004,Berlin Charlottenburg-Wilmersdorf,585,18,567,342332,5289
DE-BE,22-04-2020,RKI,6,5,1,1587513600000,11004,Berlin Charlottenburg-Wilmersdorf,591,19,572,342332,5289
DE-BE,23-04-2020,RKI,12,12,0,1587600000000,11004,Berlin Charlottenburg-Wilmersdorf,603,19,584,342332,5289
DE-BE,24-04-2020,RKI,4,3,1,1587686400000,11004,Berlin Charlottenburg-Wilmersdorf,607,20,587,342332,5289
DE-BE,25-04-2020,RKI,3,3,0,1587772800000,11004,Berlin Charlottenburg-Wilmersdorf,610,20,590,342332,5289
DE-BE,26-04-2020,RKI,2,1,1,1587859200000,11004,Berlin Charlottenburg-Wilmersdorf,612,21,591,342332,5289
DE-BE,27-04-2020,RKI,3,3,0,1587945600000,11004,Berlin Charlottenburg-Wilmersdorf,615,21,594,342332,5289
DE-BE,28-04-2020,RKI,2,1,1,1588032000000,11004,Berlin Charlottenburg-Wilmersdorf,617,22,595,342332,5289
DE-BE,29-04-2020,RKI,3,3,0,1588118400000,11004,Berlin Charlottenburg-Wilmersdorf,620,22,598,342332,5289
DE-BE,30-04-2020,RKI,0,0,0,1588204800000,11004,Berlin Charlottenburg-Wilmersdorf,620,22,598,342332,5289
DE-BE,01-05-2020,RKI,2,2,0,1588291200000,11004,Berlin Charlottenburg-Wilmersdorf,622,22,600,342332,5289
DE-BE,02-05-2020,RKI,1,1,0,1588377600000,11004,Berlin Charlottenburg-Wilmersdorf,623,22,601,342332,5289
DE-BE,03-05-2020,RKI,2,2,0,1588464000000,11004,Berlin Charlottenburg-Wilmersdorf,625,22,603,342332,5289
DE-BE,04-05-2020,RKI,1,1,0,1588550400000,11004,Berlin Charlottenburg-Wilmersdorf,626,22,604,342332,5289
DE-BE,05-05-2020,RKI,3,3,0,1588636800000,11004,Berlin Charlottenburg-Wilmersdorf,629,22,607,342332,5289
DE-BE,06-05-2020,RKI,3,3,0,1588723200000,11004,Berlin Charlottenburg-Wilmersdorf,632,22,610,342332,5289
DE-BE,07-05-2020,RKI,3,3,0,1588809600000,11004,Berlin Charlottenburg-Wilmersdorf,635,22,613,342332,5289
DE-BE,09-05-2020,RKI,4,4,0,1588982400000,11004,Berlin Charlottenburg-Wilmersdorf,639,22,617,342332,5289
DE-BE,11-05-2020,RKI,1,1,0,1589155200000,11004,Berlin Charlottenburg-Wilmersdorf,640,22,618,342332,5289
DE-BE,12-05-2020,RKI,2,2,0,1589241600000,11004,Berlin Charlottenburg-Wilmersdorf,642,22,620,342332,5289
DE-BE,13-05-2020,RKI,6,6,0,1589328000000,11004,Berlin Charlottenburg-Wilmersdorf,648,22,626,342332,5289
DE-BE,14-05-2020,RKI,2,1,0,1589414400000,11004,Berlin Charlottenburg-Wilmersdorf,650,22,627,342332,5289
DE-BE,15-05-2020,RKI,0,0,0,1589500800000,11004,Berlin Charlottenburg-Wilmersdorf,650,22,627,342332,5289
DE-BE,16-05-2020,RKI,1,1,0,1589587200000,11004,Berlin Charlottenburg-Wilmersdorf,651,22,628,342332,5289
DE-BE,19-05-2020,RKI,0,0,0,1589846400000,11004,Berlin Charlottenburg-Wilmersdorf,651,22,628,342332,5289
DE-BE,20-05-2020,RKI,5,5,0,1589932800000,11004,Berlin Charlottenburg-Wilmersdorf,656,22,633,342332,5289
DE-BE,21-05-2020,RKI,2,1,0,1590019200000,11004,Berlin Charlottenburg-Wilmersdorf,658,22,634,342332,5289
DE-BE,22-05-2020,RKI,1,0,0,1590105600000,11004,Berlin Charlottenburg-Wilmersdorf,659,22,634,342332,5289
DE-BE,23-05-2020,RKI,0,0,0,1590192000000,11004,Berlin Charlottenburg-Wilmersdorf,659,22,634,342332,5289
DE-BE,24-05-2020,RKI,0,0,0,1590278400000,11004,Berlin Charlottenburg-Wilmersdorf,659,22,634,342332,5289
DE-BE,25-05-2020,RKI,0,0,0,1590364800000,11004,Berlin Charlottenburg-Wilmersdorf,659,22,634,342332,5289
DE-BE,27-05-2020,RKI,0,0,0,1590537600000,11004,Berlin Charlottenburg-Wilmersdorf,659,22,634,342332,5289
DE-BE,28-05-2020,RKI,3,0,0,1590624000000,11004,Berlin Charlottenburg-Wilmersdorf,662,22,634,342332,5289
DE-BE,29-05-2020,RKI,0,0,0,1590710400000,11004,Berlin Charlottenburg-Wilmersdorf,662,22,634,342332,5289
DE-BE,30-05-2020,RKI,1,1,0,1590796800000,11004,Berlin Charlottenburg-Wilmersdorf,663,22,635,342332,5289
DE-BE,31-05-2020,RKI,0,0,0,1590883200000,11004,Berlin Charlottenburg-Wilmersdorf,663,22,635,342332,5289
DE-BE,03-06-2020,RKI,1,0,0,1591142400000,11004,Berlin Charlottenburg-Wilmersdorf,664,22,635,342332,5289
DE-BE,04-06-2020,RKI,2,0,0,1591228800000,11004,Berlin Charlottenburg-Wilmersdorf,666,22,635,342332,5289
DE-BE,09-03-2020,RKI,2,2,0,1583712000000,11005,Berlin Spandau,3,0,3,243977,2655
DE-BE,10-03-2020,RKI,1,1,0,1583798400000,11005,Berlin Spandau,4,0,4,243977,2655
DE-BE,11-03-2020,RKI,0,0,0,1583884800000,11005,Berlin Spandau,4,0,4,243977,2655
DE-BE,13-03-2020,RKI,0,0,0,1584057600000,11005,Berlin Spandau,4,0,4,243977,2655
DE-BE,14-03-2020,RKI,0,0,0,1584144000000,11005,Berlin Spandau,4,0,4,243977,2655
DE-BE,15-03-2020,RKI,1,1,0,1584230400000,11005,Berlin Spandau,5,0,5,243977,2655
DE-BE,18-03-2020,RKI,2,2,0,1584489600000,11005,Berlin Spandau,7,0,7,243977,2655
DE-BE,19-03-2020,RKI,4,4,0,1584576000000,11005,Berlin Spandau,11,0,11,243977,2655
DE-BE,20-03-2020,RKI,7,7,0,1584662400000,11005,Berlin Spandau,18,0,18,243977,2655
DE-BE,21-03-2020,RKI,6,6,0,1584748800000,11005,Berlin Spandau,24,0,24,243977,2655
DE-BE,23-03-2020,RKI,8,7,1,1584921600000,11005,Berlin Spandau,32,1,31,243977,2655
DE-BE,24-03-2020,RKI,5,5,0,1585008000000,11005,Berlin Spandau,37,1,36,243977,2655
DE-BE,25-03-2020,RKI,8,8,0,1585094400000,11005,Berlin Spandau,45,1,44,243977,2655
DE-BE,26-03-2020,RKI,9,9,0,1585180800000,11005,Berlin Spandau,54,1,53,243977,2655
DE-BE,27-03-2020,RKI,5,4,1,1585267200000,11005,Berlin Spandau,59,2,57,243977,2655
DE-BE,28-03-2020,RKI,13,13,0,1585353600000,11005,Berlin Spandau,72,2,70,243977,2655
DE-BE,29-03-2020,RKI,4,3,1,1585440000000,11005,Berlin Spandau,76,3,73,243977,2655
DE-BE,30-03-2020,RKI,2,2,0,1585526400000,11005,Berlin Spandau,78,3,75,243977,2655
DE-BE,31-03-2020,RKI,2,1,1,1585612800000,11005,Berlin Spandau,80,4,76,243977,2655
DE-BE,01-04-2020,RKI,8,8,0,1585699200000,11005,Berlin Spandau,88,4,84,243977,2655
DE-BE,02-04-2020,RKI,8,8,0,1585785600000,11005,Berlin Spandau,96,4,92,243977,2655
DE-BE,03-04-2020,RKI,21,20,1,1585872000000,11005,Berlin Spandau,117,5,112,243977,2655
DE-BE,04-04-2020,RKI,8,8,0,1585958400000,11005,Berlin Spandau,125,5,120,243977,2655
DE-BE,05-04-2020,RKI,1,1,0,1586044800000,11005,Berlin Spandau,126,5,121,243977,2655
DE-BE,06-04-2020,RKI,3,3,0,1586131200000,11005,Berlin Spandau,129,5,124,243977,2655
DE-BE,07-04-2020,RKI,13,13,0,1586217600000,11005,Berlin Spandau,142,5,137,243977,2655
DE-BE,08-04-2020,RKI,8,8,0,1586304000000,11005,Berlin Spandau,150,5,145,243977,2655
DE-BE,09-04-2020,RKI,2,1,1,1586390400000,11005,Berlin Spandau,152,6,146,243977,2655
DE-BE,10-04-2020,RKI,0,0,0,1586476800000,11005,Berlin Spandau,152,6,146,243977,2655
DE-BE,11-04-2020,RKI,1,1,0,1586563200000,11005,Berlin Spandau,153,6,147,243977,2655
DE-BE,14-04-2020,RKI,3,3,0,1586822400000,11005,Berlin Spandau,156,6,150,243977,2655
DE-BE,15-04-2020,RKI,4,3,1,1586908800000,11005,Berlin Spandau,160,7,153,243977,2655
DE-BE,16-04-2020,RKI,7,7,0,1586995200000,11005,Berlin Spandau,167,7,160,243977,2655
DE-BE,17-04-2020,RKI,8,8,0,1587081600000,11005,Berlin Spandau,175,7,168,243977,2655
DE-BE,18-04-2020,RKI,5,5,0,1587168000000,11005,Berlin Spandau,180,7,173,243977,2655
DE-BE,19-04-2020,RKI,0,0,0,1587254400000,11005,Berlin Spandau,180,7,173,243977,2655
DE-BE,20-04-2020,RKI,2,2,0,1587340800000,11005,Berlin Spandau,182,7,175,243977,2655
DE-BE,21-04-2020,RKI,0,0,0,1587427200000,11005,Berlin Spandau,182,7,175,243977,2655
DE-BE,22-04-2020,RKI,3,3,0,1587513600000,11005,Berlin Spandau,185,7,178,243977,2655
DE-BE,23-04-2020,RKI,0,0,0,1587600000000,11005,Berlin Spandau,185,7,178,243977,2655
DE-BE,24-04-2020,RKI,0,0,0,1587686400000,11005,Berlin Spandau,185,7,178,243977,2655
DE-BE,25-04-2020,RKI,0,0,0,1587772800000,11005,Berlin Spandau,185,7,178,243977,2655
DE-BE,27-04-2020,RKI,2,2,0,1587945600000,11005,Berlin Spandau,187,7,180,243977,2655
DE-BE,28-04-2020,RKI,3,3,0,1588032000000,11005,Berlin Spandau,190,7,183,243977,2655
DE-BE,29-04-2020,RKI,1,1,0,1588118400000,11005,Berlin Spandau,191,7,184,243977,2655
DE-BE,30-04-2020,RKI,1,1,0,1588204800000,11005,Berlin Spandau,192,7,185,243977,2655
DE-BE,03-05-2020,RKI,3,2,1,1588464000000,11005,Berlin Spandau,195,8,187,243977,2655
DE-BE,05-05-2020,RKI,1,1,0,1588636800000,11005,Berlin Spandau,196,8,188,243977,2655
DE-BE,06-05-2020,RKI,4,4,0,1588723200000,11005,Berlin Spandau,200,8,192,243977,2655
DE-BE,07-05-2020,RKI,4,4,0,1588809600000,11005,Berlin Spandau,204,8,196,243977,2655
DE-BE,08-05-2020,RKI,0,0,0,1588896000000,11005,Berlin Spandau,204,8,196,243977,2655
DE-BE,10-05-2020,RKI,0,0,0,1589068800000,11005,Berlin Spandau,204,8,196,243977,2655
DE-BE,12-05-2020,RKI,1,1,0,1589241600000,11005,Berlin Spandau,205,8,197,243977,2655
DE-BE,13-05-2020,RKI,4,4,0,1589328000000,11005,Berlin Spandau,209,8,201,243977,2655
DE-BE,14-05-2020,RKI,17,17,0,1589414400000,11005,Berlin Spandau,226,8,218,243977,2655
DE-BE,15-05-2020,RKI,1,1,0,1589500800000,11005,Berlin Spandau,227,8,219,243977,2655
DE-BE,16-05-2020,RKI,1,1,0,1589587200000,11005,Berlin Spandau,228,8,220,243977,2655
DE-BE,18-05-2020,RKI,2,0,0,1589760000000,11005,Berlin Spandau,230,8,220,243977,2655
DE-BE,19-05-2020,RKI,0,0,0,1589846400000,11005,Berlin Spandau,230,8,220,243977,2655
DE-BE,20-05-2020,RKI,1,1,0,1589932800000,11005,Berlin Spandau,231,8,221,243977,2655
DE-BE,21-05-2020,RKI,1,1,0,1590019200000,11005,Berlin Spandau,232,8,222,243977,2655
DE-BE,22-05-2020,RKI,0,0,0,1590105600000,11005,Berlin Spandau,232,8,222,243977,2655
DE-BE,24-05-2020,RKI,0,0,0,1590278400000,11005,Berlin Spandau,232,8,222,243977,2655
DE-BE,26-05-2020,RKI,1,0,0,1590451200000,11005,Berlin Spandau,233,8,222,243977,2655
DE-BE,27-05-2020,RKI,1,0,0,1590537600000,11005,Berlin Spandau,234,8,222,243977,2655
DE-BE,28-05-2020,RKI,0,0,0,1590624000000,11005,Berlin Spandau,234,8,222,243977,2655
DE-BE,30-05-2020,RKI,0,0,0,1590796800000,11005,Berlin Spandau,234,8,222,243977,2655
DE-BE,31-05-2020,RKI,5,0,0,1590883200000,11005,Berlin Spandau,239,8,222,243977,2655
DE-BE,02-06-2020,RKI,3,0,0,1591056000000,11005,Berlin Spandau,242,8,222,243977,2655
DE-BE,03-06-2020,RKI,9,0,0,1591142400000,11005,Berlin Spandau,251,8,222,243977,2655
DE-BE,10-03-2020,RKI,3,3,0,1583798400000,11006,Berlin Steglitz-Zehlendorf,4,0,4,308697,3012
DE-BE,11-03-2020,RKI,6,6,0,1583884800000,11006,Berlin Steglitz-Zehlendorf,10,0,10,308697,3012
DE-BE,12-03-2020,RKI,5,5,0,1583971200000,11006,Berlin Steglitz-Zehlendorf,15,0,15,308697,3012
DE-BE,13-03-2020,RKI,3,3,0,1584057600000,11006,Berlin Steglitz-Zehlendorf,18,0,18,308697,3012
DE-BE,14-03-2020,RKI,5,5,0,1584144000000,11006,Berlin Steglitz-Zehlendorf,23,0,23,308697,3012
DE-BE,15-03-2020,RKI,2,2,0,1584230400000,11006,Berlin Steglitz-Zehlendorf,25,0,25,308697,3012
DE-BE,16-03-2020,RKI,5,5,0,1584316800000,11006,Berlin Steglitz-Zehlendorf,30,0,30,308697,3012
DE-BE,17-03-2020,RKI,6,6,0,1584403200000,11006,Berlin Steglitz-Zehlendorf,36,0,36,308697,3012
DE-BE,18-03-2020,RKI,9,9,0,1584489600000,11006,Berlin Steglitz-Zehlendorf,45,0,45,308697,3012
DE-BE,19-03-2020,RKI,12,12,0,1584576000000,11006,Berlin Steglitz-Zehlendorf,57,0,57,308697,3012
DE-BE,20-03-2020,RKI,11,11,0,1584662400000,11006,Berlin Steglitz-Zehlendorf,68,0,68,308697,3012
DE-BE,21-03-2020,RKI,14,14,0,1584748800000,11006,Berlin Steglitz-Zehlendorf,82,0,82,308697,3012
DE-BE,22-03-2020,RKI,2,1,1,1584835200000,11006,Berlin Steglitz-Zehlendorf,84,1,83,308697,3012
DE-BE,23-03-2020,RKI,6,6,0,1584921600000,11006,Berlin Steglitz-Zehlendorf,90,1,89,308697,3012
DE-BE,24-03-2020,RKI,8,8,0,1585008000000,11006,Berlin Steglitz-Zehlendorf,98,1,97,308697,3012
DE-BE,25-03-2020,RKI,7,7,0,1585094400000,11006,Berlin Steglitz-Zehlendorf,105,1,104,308697,3012
DE-BE,26-03-2020,RKI,18,18,0,1585180800000,11006,Berlin Steglitz-Zehlendorf,123,1,122,308697,3012
DE-BE,27-03-2020,RKI,5,5,0,1585267200000,11006,Berlin Steglitz-Zehlendorf,128,1,127,308697,3012
DE-BE,28-03-2020,RKI,39,39,0,1585353600000,11006,Berlin Steglitz-Zehlendorf,167,1,166,308697,3012
DE-BE,29-03-2020,RKI,11,11,0,1585440000000,11006,Berlin Steglitz-Zehlendorf,178,1,177,308697,3012
DE-BE,30-03-2020,RKI,8,8,0,1585526400000,11006,Berlin Steglitz-Zehlendorf,186,1,185,308697,3012
DE-BE,31-03-2020,RKI,27,27,0,1585612800000,11006,Berlin Steglitz-Zehlendorf,213,1,212,308697,3012
DE-BE,01-04-2020,RKI,23,23,0,1585699200000,11006,Berlin Steglitz-Zehlendorf,236,1,235,308697,3012
DE-BE,02-04-2020,RKI,20,19,1,1585785600000,11006,Berlin Steglitz-Zehlendorf,256,2,254,308697,3012
DE-BE,03-04-2020,RKI,18,18,0,1585872000000,11006,Berlin Steglitz-Zehlendorf,274,2,272,308697,3012
DE-BE,04-04-2020,RKI,11,11,0,1585958400000,11006,Berlin Steglitz-Zehlendorf,285,2,283,308697,3012
DE-BE,05-04-2020,RKI,3,3,0,1586044800000,11006,Berlin Steglitz-Zehlendorf,288,2,286,308697,3012
DE-BE,06-04-2020,RKI,11,10,1,1586131200000,11006,Berlin Steglitz-Zehlendorf,299,3,296,308697,3012
DE-BE,07-04-2020,RKI,16,16,0,1586217600000,11006,Berlin Steglitz-Zehlendorf,315,3,312,308697,3012
DE-BE,08-04-2020,RKI,16,15,1,1586304000000,11006,Berlin Steglitz-Zehlendorf,331,4,327,308697,3012
DE-BE,09-04-2020,RKI,12,11,1,1586390400000,11006,Berlin Steglitz-Zehlendorf,343,5,338,308697,3012
DE-BE,10-04-2020,RKI,8,7,1,1586476800000,11006,Berlin Steglitz-Zehlendorf,351,6,345,308697,3012
DE-BE,11-04-2020,RKI,13,13,0,1586563200000,11006,Berlin Steglitz-Zehlendorf,364,6,358,308697,3012
DE-BE,12-04-2020,RKI,4,4,0,1586649600000,11006,Berlin Steglitz-Zehlendorf,368,6,362,308697,3012
DE-BE,13-04-2020,RKI,7,7,0,1586736000000,11006,Berlin Steglitz-Zehlendorf,375,6,369,308697,3012
DE-BE,14-04-2020,RKI,4,4,0,1586822400000,11006,Berlin Steglitz-Zehlendorf,379,6,373,308697,3012
DE-BE,15-04-2020,RKI,4,4,0,1586908800000,11006,Berlin Steglitz-Zehlendorf,383,6,377,308697,3012
DE-BE,16-04-2020,RKI,2,2,0,1586995200000,11006,Berlin Steglitz-Zehlendorf,385,6,379,308697,3012
DE-BE,17-04-2020,RKI,12,12,0,1587081600000,11006,Berlin Steglitz-Zehlendorf,397,6,391,308697,3012
DE-BE,18-04-2020,RKI,3,3,0,1587168000000,11006,Berlin Steglitz-Zehlendorf,400,6,394,308697,3012
DE-BE,19-04-2020,RKI,3,2,1,1587254400000,11006,Berlin Steglitz-Zehlendorf,403,7,396,308697,3012
DE-BE,21-04-2020,RKI,2,2,0,1587427200000,11006,Berlin Steglitz-Zehlendorf,405,7,398,308697,3012
DE-BE,22-04-2020,RKI,5,5,0,1587513600000,11006,Berlin Steglitz-Zehlendorf,410,7,403,308697,3012
DE-BE,23-04-2020,RKI,4,4,0,1587600000000,11006,Berlin Steglitz-Zehlendorf,414,7,407,308697,3012
DE-BE,24-04-2020,RKI,0,0,0,1587686400000,11006,Berlin Steglitz-Zehlendorf,414,7,407,308697,3012
DE-BE,25-04-2020,RKI,1,1,0,1587772800000,11006,Berlin Steglitz-Zehlendorf,415,7,408,308697,3012
DE-BE,26-04-2020,RKI,0,0,0,1587859200000,11006,Berlin Steglitz-Zehlendorf,415,7,408,308697,3012
DE-BE,27-04-2020,RKI,5,0,5,1587945600000,11006,Berlin Steglitz-Zehlendorf,420,12,408,308697,3012
DE-BE,28-04-2020,RKI,11,11,0,1588032000000,11006,Berlin Steglitz-Zehlendorf,431,12,419,308697,3012
DE-BE,29-04-2020,RKI,3,3,0,1588118400000,11006,Berlin Steglitz-Zehlendorf,434,12,422,308697,3012
DE-BE,30-04-2020,RKI,0,0,0,1588204800000,11006,Berlin Steglitz-Zehlendorf,434,12,422,308697,3012
DE-BE,01-05-2020,RKI,1,1,0,1588291200000,11006,Berlin Steglitz-Zehlendorf,435,12,423,308697,3012
DE-BE,02-05-2020,RKI,1,1,0,1588377600000,11006,Berlin Steglitz-Zehlendorf,436,12,424,308697,3012
DE-BE,03-05-2020,RKI,3,3,0,1588464000000,11006,Berlin Steglitz-Zehlendorf,439,12,427,308697,3012
DE-BE,04-05-2020,RKI,7,7,0,1588550400000,11006,Berlin Steglitz-Zehlendorf,446,12,434,308697,3012
DE-BE,05-05-2020,RKI,1,1,0,1588636800000,11006,Berlin Steglitz-Zehlendorf,447,12,435,308697,3012
DE-BE,06-05-2020,RKI,0,0,0,1588723200000,11006,Berlin Steglitz-Zehlendorf,447,12,435,308697,3012
DE-BE,07-05-2020,RKI,8,8,0,1588809600000,11006,Berlin Steglitz-Zehlendorf,455,12,443,308697,3012
DE-BE,10-05-2020,RKI,0,0,0,1589068800000,11006,Berlin Steglitz-Zehlendorf,455,12,443,308697,3012
DE-BE,11-05-2020,RKI,0,0,0,1589155200000,11006,Berlin Steglitz-Zehlendorf,455,12,443,308697,3012
DE-BE,13-05-2020,RKI,3,3,0,1589328000000,11006,Berlin Steglitz-Zehlendorf,458,12,446,308697,3012
DE-BE,14-05-2020,RKI,1,1,0,1589414400000,11006,Berlin Steglitz-Zehlendorf,459,12,447,308697,3012
DE-BE,15-05-2020,RKI,0,0,0,1589500800000,11006,Berlin Steglitz-Zehlendorf,459,12,447,308697,3012
DE-BE,16-05-2020,RKI,1,1,0,1589587200000,11006,Berlin Steglitz-Zehlendorf,460,12,448,308697,3012
DE-BE,18-05-2020,RKI,2,2,0,1589760000000,11006,Berlin Steglitz-Zehlendorf,462,12,450,308697,3012
DE-BE,19-05-2020,RKI,1,1,0,1589846400000,11006,Berlin Steglitz-Zehlendorf,463,12,451,308697,3012
DE-BE,20-05-2020,RKI,4,3,0,1589932800000,11006,Berlin Steglitz-Zehlendorf,467,12,454,308697,3012
DE-BE,22-05-2020,RKI,0,0,0,1590105600000,11006,Berlin Steglitz-Zehlendorf,467,12,454,308697,3012
DE-BE,23-05-2020,RKI,0,0,0,1590192000000,11006,Berlin Steglitz-Zehlendorf,467,12,454,308697,3012
DE-BE,25-05-2020,RKI,5,5,0,1590364800000,11006,Berlin Steglitz-Zehlendorf,472,12,459,308697,3012
DE-BE,27-05-2020,RKI,0,0,0,1590537600000,11006,Berlin Steglitz-Zehlendorf,472,12,459,308697,3012
DE-BE,29-05-2020,RKI,1,1,0,1590710400000,11006,Berlin Steglitz-Zehlendorf,473,12,460,308697,3012
DE-BE,31-05-2020,RKI,1,0,0,1590883200000,11006,Berlin Steglitz-Zehlendorf,474,12,460,308697,3012
DE-BE,03-06-2020,RKI,6,0,0,1591142400000,11006,Berlin Steglitz-Zehlendorf,480,12,460,308697,3012
DE-BE,06-03-2020,RKI,0,0,0,1583452800000,11007,Berlin Tempelhof-Schöneberg,0,0,0,351644,6624
DE-BE,09-03-2020,RKI,2,2,0,1583712000000,11007,Berlin Tempelhof-Schöneberg,2,0,2,351644,6624
DE-BE,10-03-2020,RKI,4,4,0,1583798400000,11007,Berlin Tempelhof-Schöneberg,6,0,6,351644,6624
DE-BE,11-03-2020,RKI,0,0,0,1583884800000,11007,Berlin Tempelhof-Schöneberg,6,0,6,351644,6624
DE-BE,12-03-2020,RKI,4,4,0,1583971200000,11007,Berlin Tempelhof-Schöneberg,10,0,10,351644,6624
DE-BE,13-03-2020,RKI,6,6,0,1584057600000,11007,Berlin Tempelhof-Schöneberg,16,0,16,351644,6624
DE-BE,14-03-2020,RKI,1,1,0,1584144000000,11007,Berlin Tempelhof-Schöneberg,17,0,17,351644,6624
DE-BE,15-03-2020,RKI,0,0,0,1584230400000,11007,Berlin Tempelhof-Schöneberg,17,0,17,351644,6624
DE-BE,16-03-2020,RKI,5,5,0,1584316800000,11007,Berlin Tempelhof-Schöneberg,22,0,22,351644,6624
DE-BE,17-03-2020,RKI,10,10,0,1584403200000,11007,Berlin Tempelhof-Schöneberg,32,0,32,351644,6624
DE-BE,18-03-2020,RKI,25,25,0,1584489600000,11007,Berlin Tempelhof-Schöneberg,57,0,57,351644,6624
DE-BE,19-03-2020,RKI,14,14,0,1584576000000,11007,Berlin Tempelhof-Schöneberg,71,0,71,351644,6624
DE-BE,20-03-2020,RKI,15,15,0,1584662400000,11007,Berlin Tempelhof-Schöneberg,86,0,86,351644,6624
DE-BE,21-03-2020,RKI,14,14,0,1584748800000,11007,Berlin Tempelhof-Schöneberg,100,0,100,351644,6624
DE-BE,22-03-2020,RKI,1,1,0,1584835200000,11007,Berlin Tempelhof-Schöneberg,101,0,101,351644,6624
DE-BE,23-03-2020,RKI,11,11,0,1584921600000,11007,Berlin Tempelhof-Schöneberg,112,0,112,351644,6624
DE-BE,24-03-2020,RKI,29,28,1,1585008000000,11007,Berlin Tempelhof-Schöneberg,141,1,140,351644,6624
DE-BE,25-03-2020,RKI,29,28,1,1585094400000,11007,Berlin Tempelhof-Schöneberg,170,2,168,351644,6624
DE-BE,26-03-2020,RKI,26,25,1,1585180800000,11007,Berlin Tempelhof-Schöneberg,196,3,193,351644,6624
DE-BE,27-03-2020,RKI,22,21,1,1585267200000,11007,Berlin Tempelhof-Schöneberg,218,4,214,351644,6624
DE-BE,28-03-2020,RKI,9,7,2,1585353600000,11007,Berlin Tempelhof-Schöneberg,227,6,221,351644,6624
DE-BE,29-03-2020,RKI,9,8,1,1585440000000,11007,Berlin Tempelhof-Schöneberg,236,7,229,351644,6624
DE-BE,30-03-2020,RKI,19,19,0,1585526400000,11007,Berlin Tempelhof-Schöneberg,255,7,248,351644,6624
DE-BE,31-03-2020,RKI,24,24,0,1585612800000,11007,Berlin Tempelhof-Schöneberg,279,7,272,351644,6624
DE-BE,01-04-2020,RKI,13,12,1,1585699200000,11007,Berlin Tempelhof-Schöneberg,292,8,284,351644,6624
DE-BE,02-04-2020,RKI,18,18,0,1585785600000,11007,Berlin Tempelhof-Schöneberg,310,8,302,351644,6624
DE-BE,03-04-2020,RKI,30,26,4,1585872000000,11007,Berlin Tempelhof-Schöneberg,340,12,328,351644,6624
DE-BE,04-04-2020,RKI,21,20,1,1585958400000,11007,Berlin Tempelhof-Schöneberg,361,13,348,351644,6624
DE-BE,05-04-2020,RKI,8,8,0,1586044800000,11007,Berlin Tempelhof-Schöneberg,369,13,356,351644,6624
DE-BE,06-04-2020,RKI,8,7,1,1586131200000,11007,Berlin Tempelhof-Schöneberg,377,14,363,351644,6624
DE-BE,07-04-2020,RKI,17,14,3,1586217600000,11007,Berlin Tempelhof-Schöneberg,394,17,377,351644,6624
DE-BE,08-04-2020,RKI,17,17,0,1586304000000,11007,Berlin Tempelhof-Schöneberg,411,17,394,351644,6624
DE-BE,09-04-2020,RKI,17,15,2,1586390400000,11007,Berlin Tempelhof-Schöneberg,428,19,409,351644,6624
DE-BE,10-04-2020,RKI,10,10,0,1586476800000,11007,Berlin Tempelhof-Schöneberg,438,19,419,351644,6624
DE-BE,11-04-2020,RKI,2,2,0,1586563200000,11007,Berlin Tempelhof-Schöneberg,440,19,421,351644,6624
DE-BE,12-04-2020,RKI,4,4,0,1586649600000,11007,Berlin Tempelhof-Schöneberg,444,19,425,351644,6624
DE-BE,13-04-2020,RKI,1,1,0,1586736000000,11007,Berlin Tempelhof-Schöneberg,445,19,426,351644,6624
DE-BE,14-04-2020,RKI,5,5,0,1586822400000,11007,Berlin Tempelhof-Schöneberg,450,19,431,351644,6624
DE-BE,15-04-2020,RKI,15,15,0,1586908800000,11007,Berlin Tempelhof-Schöneberg,465,19,446,351644,6624
DE-BE,16-04-2020,RKI,7,7,0,1586995200000,11007,Berlin Tempelhof-Schöneberg,472,19,453,351644,6624
DE-BE,17-04-2020,RKI,7,7,0,1587081600000,11007,Berlin Tempelhof-Schöneberg,479,19,460,351644,6624
DE-BE,18-04-2020,RKI,8,6,2,1587168000000,11007,Berlin Tempelhof-Schöneberg,487,21,466,351644,6624
DE-BE,19-04-2020,RKI,2,2,0,1587254400000,11007,Berlin Tempelhof-Schöneberg,489,21,468,351644,6624
DE-BE,20-04-2020,RKI,5,4,1,1587340800000,11007,Berlin Tempelhof-Schöneberg,494,22,472,351644,6624
DE-BE,21-04-2020,RKI,0,0,0,1587427200000,11007,Berlin Tempelhof-Schöneberg,494,22,472,351644,6624
DE-BE,22-04-2020,RKI,11,11,0,1587513600000,11007,Berlin Tempelhof-Schöneberg,505,22,483,351644,6624
DE-BE,23-04-2020,RKI,10,10,0,1587600000000,11007,Berlin Tempelhof-Schöneberg,515,22,493,351644,6624
DE-BE,24-04-2020,RKI,6,6,0,1587686400000,11007,Berlin Tempelhof-Schöneberg,521,22,499,351644,6624
DE-BE,26-04-2020,RKI,0,0,0,1587859200000,11007,Berlin Tempelhof-Schöneberg,521,22,499,351644,6624
DE-BE,27-04-2020,RKI,1,1,0,1587945600000,11007,Berlin Tempelhof-Schöneberg,522,22,500,351644,6624
DE-BE,28-04-2020,RKI,10,8,2,1588032000000,11007,Berlin Tempelhof-Schöneberg,532,24,508,351644,6624
DE-BE,29-04-2020,RKI,4,4,0,1588118400000,11007,Berlin Tempelhof-Schöneberg,536,24,512,351644,6624
DE-BE,30-04-2020,RKI,1,1,0,1588204800000,11007,Berlin Tempelhof-Schöneberg,537,24,513,351644,6624
DE-BE,01-05-2020,RKI,5,5,0,1588291200000,11007,Berlin Tempelhof-Schöneberg,542,24,518,351644,6624
DE-BE,03-05-2020,RKI,7,7,0,1588464000000,11007,Berlin Tempelhof-Schöneberg,549,24,525,351644,6624
DE-BE,04-05-2020,RKI,5,5,0,1588550400000,11007,Berlin Tempelhof-Schöneberg,554,24,530,351644,6624
DE-BE,05-05-2020,RKI,3,3,0,1588636800000,11007,Berlin Tempelhof-Schöneberg,557,24,533,351644,6624
DE-BE,06-05-2020,RKI,6,6,0,1588723200000,11007,Berlin Tempelhof-Schöneberg,563,24,539,351644,6624
DE-BE,07-05-2020,RKI,4,4,0,1588809600000,11007,Berlin Tempelhof-Schöneberg,567,24,543,351644,6624
DE-BE,08-05-2020,RKI,2,2,0,1588896000000,11007,Berlin Tempelhof-Schöneberg,569,24,545,351644,6624
DE-BE,09-05-2020,RKI,2,2,0,1588982400000,11007,Berlin Tempelhof-Schöneberg,571,24,547,351644,6624
DE-BE,10-05-2020,RKI,0,0,0,1589068800000,11007,Berlin Tempelhof-Schöneberg,571,24,547,351644,6624
DE-BE,11-05-2020,RKI,2,1,0,1589155200000,11007,Berlin Tempelhof-Schöneberg,573,24,548,351644,6624
DE-BE,13-05-2020,RKI,9,3,0,1589328000000,11007,Berlin Tempelhof-Schöneberg,582,24,551,351644,6624
DE-BE,14-05-2020,RKI,1,1,0,1589414400000,11007,Berlin Tempelhof-Schöneberg,583,24,552,351644,6624
DE-BE,15-05-2020,RKI,0,0,0,1589500800000,11007,Berlin Tempelhof-Schöneberg,583,24,552,351644,6624
DE-BE,17-05-2020,RKI,1,1,0,1589673600000,11007,Berlin Tempelhof-Schöneberg,584,24,553,351644,6624
DE-BE,19-05-2020,RKI,0,0,0,1589846400000,11007,Berlin Tempelhof-Schöneberg,584,24,553,351644,6624
DE-BE,20-05-2020,RKI,2,2,0,1589932800000,11007,Berlin Tempelhof-Schöneberg,586,24,555,351644,6624
DE-BE,21-05-2020,RKI,0,0,0,1590019200000,11007,Berlin Tempelhof-Schöneberg,586,24,555,351644,6624
DE-BE,22-05-2020,RKI,1,1,0,1590105600000,11007,Berlin Tempelhof-Schöneberg,587,24,556,351644,6624
DE-BE,23-05-2020,RKI,0,0,0,1590192000000,11007,Berlin Tempelhof-Schöneberg,587,24,556,351644,6624
DE-BE,26-05-2020,RKI,1,1,0,1590451200000,11007,Berlin Tempelhof-Schöneberg,588,24,557,351644,6624
DE-BE,27-05-2020,RKI,3,0,0,1590537600000,11007,Berlin Tempelhof-Schöneberg,591,24,557,351644,6624
DE-BE,28-05-2020,RKI,4,1,0,1590624000000,11007,Berlin Tempelhof-Schöneberg,595,24,558,351644,6624
DE-BE,30-05-2020,RKI,0,0,0,1590796800000,11007,Berlin Tempelhof-Schöneberg,595,24,558,351644,6624
DE-BE,02-06-2020,RKI,7,0,0,1591056000000,11007,Berlin Tempelhof-Schöneberg,602,24,558,351644,6624
DE-BE,04-06-2020,RKI,0,0,0,1591228800000,11007,Berlin Tempelhof-Schöneberg,602,24,558,351644,6624
DE-BE,09-03-2020,RKI,2,2,0,1583712000000,11008,Berlin Neukölln,2,0,2,329691,7338
DE-BE,10-03-2020,RKI,0,0,0,1583798400000,11008,Berlin Neukölln,2,0,2,329691,7338
DE-BE,11-03-2020,RKI,3,3,0,1583884800000,11008,Berlin Neukölln,5,0,5,329691,7338
DE-BE,12-03-2020,RKI,6,6,0,1583971200000,11008,Berlin Neukölln,11,0,11,329691,7338
DE-BE,13-03-2020,RKI,2,2,0,1584057600000,11008,Berlin Neukölln,13,0,13,329691,7338
DE-BE,14-03-2020,RKI,0,0,0,1584144000000,11008,Berlin Neukölln,13,0,13,329691,7338
DE-BE,15-03-2020,RKI,1,1,0,1584230400000,11008,Berlin Neukölln,14,0,14,329691,7338
DE-BE,16-03-2020,RKI,1,1,0,1584316800000,11008,Berlin Neukölln,15,0,15,329691,7338
DE-BE,17-03-2020,RKI,5,5,0,1584403200000,11008,Berlin Neukölln,20,0,20,329691,7338
DE-BE,18-03-2020,RKI,10,10,0,1584489600000,11008,Berlin Neukölln,30,0,30,329691,7338
DE-BE,19-03-2020,RKI,24,24,0,1584576000000,11008,Berlin Neukölln,54,0,54,329691,7338
DE-BE,20-03-2020,RKI,15,15,0,1584662400000,11008,Berlin Neukölln,69,0,69,329691,7338
DE-BE,21-03-2020,RKI,12,12,0,1584748800000,11008,Berlin Neukölln,81,0,81,329691,7338
DE-BE,22-03-2020,RKI,2,2,0,1584835200000,11008,Berlin Neukölln,83,0,83,329691,7338
DE-BE,23-03-2020,RKI,13,13,0,1584921600000,11008,Berlin Neukölln,96,0,96,329691,7338
DE-BE,24-03-2020,RKI,23,22,1,1585008000000,11008,Berlin Neukölln,119,1,118,329691,7338
DE-BE,25-03-2020,RKI,30,30,0,1585094400000,11008,Berlin Neukölln,149,1,148,329691,7338
DE-BE,26-03-2020,RKI,26,25,1,1585180800000,11008,Berlin Neukölln,175,2,173,329691,7338
DE-BE,27-03-2020,RKI,24,23,1,1585267200000,11008,Berlin Neukölln,199,3,196,329691,7338
DE-BE,28-03-2020,RKI,39,39,0,1585353600000,11008,Berlin Neukölln,238,3,235,329691,7338
DE-BE,30-03-2020,RKI,9,8,1,1585526400000,11008,Berlin Neukölln,247,4,243,329691,7338
DE-BE,31-03-2020,RKI,15,14,1,1585612800000,11008,Berlin Neukölln,262,5,257,329691,7338
DE-BE,01-04-2020,RKI,34,30,4,1585699200000,11008,Berlin Neukölln,296,9,287,329691,7338
DE-BE,02-04-2020,RKI,29,29,0,1585785600000,11008,Berlin Neukölln,325,9,316,329691,7338
DE-BE,03-04-2020,RKI,35,32,3,1585872000000,11008,Berlin Neukölln,360,12,348,329691,7338
DE-BE,04-04-2020,RKI,11,11,0,1585958400000,11008,Berlin Neukölln,371,12,359,329691,7338
DE-BE,06-04-2020,RKI,22,21,1,1586131200000,11008,Berlin Neukölln,393,13,380,329691,7338
DE-BE,07-04-2020,RKI,12,12,0,1586217600000,11008,Berlin Neukölln,405,13,392,329691,7338
DE-BE,08-04-2020,RKI,18,15,3,1586304000000,11008,Berlin Neukölln,423,16,407,329691,7338
DE-BE,09-04-2020,RKI,16,15,1,1586390400000,11008,Berlin Neukölln,439,17,422,329691,7338
DE-BE,10-04-2020,RKI,7,6,1,1586476800000,11008,Berlin Neukölln,446,18,428,329691,7338
DE-BE,11-04-2020,RKI,2,2,0,1586563200000,11008,Berlin Neukölln,448,18,430,329691,7338
DE-BE,13-04-2020,RKI,4,4,0,1586736000000,11008,Berlin Neukölln,452,18,434,329691,7338
DE-BE,14-04-2020,RKI,10,10,0,1586822400000,11008,Berlin Neukölln,462,18,444,329691,7338
DE-BE,15-04-2020,RKI,8,8,0,1586908800000,11008,Berlin Neukölln,470,18,452,329691,7338
DE-BE,16-04-2020,RKI,12,12,0,1586995200000,11008,Berlin Neukölln,482,18,464,329691,7338
DE-BE,17-04-2020,RKI,10,8,2,1587081600000,11008,Berlin Neukölln,492,20,472,329691,7338
DE-BE,18-04-2020,RKI,10,9,1,1587168000000,11008,Berlin Neukölln,502,21,481,329691,7338
DE-BE,20-04-2020,RKI,11,10,1,1587340800000,11008,Berlin Neukölln,513,22,491,329691,7338
DE-BE,21-04-2020,RKI,14,13,1,1587427200000,11008,Berlin Neukölln,527,23,504,329691,7338
DE-BE,22-04-2020,RKI,9,8,1,1587513600000,11008,Berlin Neukölln,536,24,512,329691,7338
DE-BE,23-04-2020,RKI,11,10,1,1587600000000,11008,Berlin Neukölln,547,25,522,329691,7338
DE-BE,24-04-2020,RKI,12,12,0,1587686400000,11008,Berlin Neukölln,559,25,534,329691,7338
DE-BE,25-04-2020,RKI,5,2,3,1587772800000,11008,Berlin Neukölln,564,28,536,329691,7338
DE-BE,27-04-2020,RKI,12,11,1,1587945600000,11008,Berlin Neukölln,576,29,547,329691,7338
DE-BE,28-04-2020,RKI,6,5,1,1588032000000,11008,Berlin Neukölln,582,30,552,329691,7338
DE-BE,29-04-2020,RKI,10,10,0,1588118400000,11008,Berlin Neukölln,592,30,562,329691,7338
DE-BE,30-04-2020,RKI,10,8,2,1588204800000,11008,Berlin Neukölln,602,32,570,329691,7338
DE-BE,01-05-2020,RKI,0,0,0,1588291200000,11008,Berlin Neukölln,602,32,570,329691,7338
DE-BE,02-05-2020,RKI,4,4,0,1588377600000,11008,Berlin Neukölln,606,32,574,329691,7338
DE-BE,04-05-2020,RKI,1,1,0,1588550400000,11008,Berlin Neukölln,607,32,575,329691,7338
DE-BE,05-05-2020,RKI,3,2,1,1588636800000,11008,Berlin Neukölln,610,33,577,329691,7338
DE-BE,06-05-2020,RKI,6,6,0,1588723200000,11008,Berlin Neukölln,616,33,583,329691,7338
DE-BE,07-05-2020,RKI,6,6,0,1588809600000,11008,Berlin Neukölln,622,33,589,329691,7338
DE-BE,09-05-2020,RKI,0,0,0,1588982400000,11008,Berlin Neukölln,622,33,589,329691,7338
DE-BE,10-05-2020,RKI,0,0,0,1589068800000,11008,Berlin Neukölln,622,33,589,329691,7338
DE-BE,11-05-2020,RKI,2,2,0,1589155200000,11008,Berlin Neukölln,624,33,591,329691,7338
DE-BE,12-05-2020,RKI,11,9,0,1589241600000,11008,Berlin Neukölln,635,33,600,329691,7338
DE-BE,13-05-2020,RKI,5,5,0,1589328000000,11008,Berlin Neukölln,640,33,605,329691,7338
DE-BE,14-05-2020,RKI,5,5,0,1589414400000,11008,Berlin Neukölln,645,33,610,329691,7338
DE-BE,15-05-2020,RKI,0,0,0,1589500800000,11008,Berlin Neukölln,645,33,610,329691,7338
DE-BE,16-05-2020,RKI,3,3,0,1589587200000,11008,Berlin Neukölln,648,33,613,329691,7338
DE-BE,17-05-2020,RKI,0,0,0,1589673600000,11008,Berlin Neukölln,648,33,613,329691,7338
DE-BE,18-05-2020,RKI,4,1,0,1589760000000,11008,Berlin Neukölln,652,33,614,329691,7338
DE-BE,19-05-2020,RKI,2,2,0,1589846400000,11008,Berlin Neukölln,654,33,616,329691,7338
DE-BE,20-05-2020,RKI,4,4,0,1589932800000,11008,Berlin Neukölln,658,33,620,329691,7338
DE-BE,21-05-2020,RKI,0,0,0,1590019200000,11008,Berlin Neukölln,658,33,620,329691,7338
DE-BE,22-05-2020,RKI,6,5,0,1590105600000,11008,Berlin Neukölln,664,33,625,329691,7338
DE-BE,24-05-2020,RKI,0,0,0,1590278400000,11008,Berlin Neukölln,664,33,625,329691,7338
DE-BE,25-05-2020,RKI,3,1,0,1590364800000,11008,Berlin Neukölln,667,33,626,329691,7338
DE-BE,26-05-2020,RKI,1,0,0,1590451200000,11008,Berlin Neukölln,668,33,626,329691,7338
DE-BE,27-05-2020,RKI,4,1,0,1590537600000,11008,Berlin Neukölln,672,33,627,329691,7338
DE-BE,28-05-2020,RKI,0,0,0,1590624000000,11008,Berlin Neukölln,672,33,627,329691,7338
DE-BE,29-05-2020,RKI,3,0,0,1590710400000,11008,Berlin Neukölln,675,33,627,329691,7338
DE-BE,30-05-2020,RKI,2,1,0,1590796800000,11008,Berlin Neukölln,677,33,628,329691,7338
DE-BE,02-06-2020,RKI,1,1,0,1591056000000,11008,Berlin Neukölln,678,33,629,329691,7338
DE-BE,03-06-2020,RKI,4,0,0,1591142400000,11008,Berlin Neukölln,682,33,629,329691,7338
DE-BE,12-03-2020,RKI,2,2,0,1583971200000,11009,Berlin Treptow-Köpenick,5,0,5,271153,1610
DE-BE,13-03-2020,RKI,2,2,0,1584057600000,11009,Berlin Treptow-Köpenick,7,0,7,271153,1610
DE-BE,16-03-2020,RKI,3,3,0,1584316800000,11009,Berlin Treptow-Köpenick,10,0,10,271153,1610
DE-BE,17-03-2020,RKI,8,8,0,1584403200000,11009,Berlin Treptow-Köpenick,18,0,18,271153,1610
DE-BE,18-03-2020,RKI,6,6,0,1584489600000,11009,Berlin Treptow-Köpenick,24,0,24,271153,1610
DE-BE,19-03-2020,RKI,9,9,0,1584576000000,11009,Berlin Treptow-Köpenick,33,0,33,271153,1610
DE-BE,20-03-2020,RKI,15,15,0,1584662400000,11009,Berlin Treptow-Köpenick,48,0,48,271153,1610
DE-BE,21-03-2020,RKI,0,0,0,1584748800000,11009,Berlin Treptow-Köpenick,48,0,48,271153,1610
DE-BE,22-03-2020,RKI,1,1,0,1584835200000,11009,Berlin Treptow-Köpenick,49,0,49,271153,1610
DE-BE,23-03-2020,RKI,10,10,0,1584921600000,11009,Berlin Treptow-Köpenick,59,0,59,271153,1610
DE-BE,24-03-2020,RKI,7,7,0,1585008000000,11009,Berlin Treptow-Köpenick,66,0,66,271153,1610
DE-BE,25-03-2020,RKI,13,13,0,1585094400000,11009,Berlin Treptow-Köpenick,79,0,79,271153,1610
DE-BE,26-03-2020,RKI,10,10,0,1585180800000,11009,Berlin Treptow-Köpenick,89,0,89,271153,1610
DE-BE,27-03-2020,RKI,9,9,0,1585267200000,11009,Berlin Treptow-Köpenick,98,0,98,271153,1610
DE-BE,28-03-2020,RKI,6,6,0,1585353600000,11009,Berlin Treptow-Köpenick,104,0,104,271153,1610
DE-BE,29-03-2020,RKI,4,4,0,1585440000000,11009,Berlin Treptow-Köpenick,108,0,108,271153,1610
DE-BE,30-03-2020,RKI,4,4,0,1585526400000,11009,Berlin Treptow-Köpenick,112,0,112,271153,1610
DE-BE,31-03-2020,RKI,7,7,0,1585612800000,11009,Berlin Treptow-Köpenick,119,0,119,271153,1610
DE-BE,01-04-2020,RKI,2,2,0,1585699200000,11009,Berlin Treptow-Köpenick,121,0,121,271153,1610
DE-BE,02-04-2020,RKI,6,6,0,1585785600000,11009,Berlin Treptow-Köpenick,127,0,127,271153,1610
DE-BE,03-04-2020,RKI,5,5,0,1585872000000,11009,Berlin Treptow-Köpenick,132,0,132,271153,1610
DE-BE,05-04-2020,RKI,2,2,0,1586044800000,11009,Berlin Treptow-Köpenick,134,0,134,271153,1610
DE-BE,06-04-2020,RKI,3,3,0,1586131200000,11009,Berlin Treptow-Köpenick,137,0,137,271153,1610
DE-BE,07-04-2020,RKI,6,6,0,1586217600000,11009,Berlin Treptow-Köpenick,143,0,143,271153,1610
DE-BE,08-04-2020,RKI,5,5,0,1586304000000,11009,Berlin Treptow-Köpenick,148,0,148,271153,1610
DE-BE,09-04-2020,RKI,5,5,0,1586390400000,11009,Berlin Treptow-Köpenick,153,0,153,271153,1610
DE-BE,10-04-2020,RKI,0,0,0,1586476800000,11009,Berlin Treptow-Köpenick,153,0,153,271153,1610
DE-BE,11-04-2020,RKI,0,0,0,1586563200000,11009,Berlin Treptow-Köpenick,153,0,153,271153,1610
DE-BE,14-04-2020,RKI,3,3,0,1586822400000,11009,Berlin Treptow-Köpenick,156,0,156,271153,1610
DE-BE,17-04-2020,RKI,2,2,0,1587081600000,11009,Berlin Treptow-Köpenick,158,0,158,271153,1610
DE-BE,18-04-2020,RKI,3,3,0,1587168000000,11009,Berlin Treptow-Köpenick,161,0,161,271153,1610
DE-BE,20-04-2020,RKI,0,0,0,1587340800000,11009,Berlin Treptow-Köpenick,161,0,161,271153,1610
DE-BE,21-04-2020,RKI,2,2,0,1587427200000,11009,Berlin Treptow-Köpenick,163,0,163,271153,1610
DE-BE,22-04-2020,RKI,0,0,0,1587513600000,11009,Berlin Treptow-Köpenick,163,0,163,271153,1610
DE-BE,23-04-2020,RKI,2,2,0,1587600000000,11009,Berlin Treptow-Köpenick,165,0,165,271153,1610
DE-BE,24-04-2020,RKI,1,1,0,1587686400000,11009,Berlin Treptow-Köpenick,166,0,166,271153,1610
DE-BE,25-04-2020,RKI,0,0,0,1587772800000,11009,Berlin Treptow-Köpenick,166,0,166,271153,1610
DE-BE,27-04-2020,RKI,1,1,0,1587945600000,11009,Berlin Treptow-Köpenick,167,0,167,271153,1610
DE-BE,29-04-2020,RKI,0,0,0,1588118400000,11009,Berlin Treptow-Köpenick,167,0,167,271153,1610
DE-BE,30-04-2020,RKI,4,4,0,1588204800000,11009,Berlin Treptow-Köpenick,171,0,171,271153,1610
DE-BE,02-05-2020,RKI,0,0,0,1588377600000,11009,Berlin Treptow-Köpenick,171,0,171,271153,1610
DE-BE,04-05-2020,RKI,0,0,0,1588550400000,11009,Berlin Treptow-Köpenick,171,0,171,271153,1610
DE-BE,05-05-2020,RKI,0,0,0,1588636800000,11009,Berlin Treptow-Köpenick,171,0,171,271153,1610
DE-BE,07-05-2020,RKI,1,1,0,1588809600000,11009,Berlin Treptow-Köpenick,172,0,172,271153,1610
DE-BE,11-05-2020,RKI,0,0,0,1589155200000,11009,Berlin Treptow-Köpenick,172,0,172,271153,1610
DE-BE,13-05-2020,RKI,2,1,0,1589328000000,11009,Berlin Treptow-Köpenick,174,0,173,271153,1610
DE-BE,18-05-2020,RKI,0,0,0,1589760000000,11009,Berlin Treptow-Köpenick,174,0,173,271153,1610
DE-BE,22-05-2020,RKI,0,0,0,1590105600000,11009,Berlin Treptow-Köpenick,174,0,173,271153,1610
DE-BE,25-05-2020,RKI,0,0,0,1590364800000,11009,Berlin Treptow-Köpenick,174,0,173,271153,1610
DE-BE,26-05-2020,RKI,1,1,0,1590451200000,11009,Berlin Treptow-Köpenick,175,0,174,271153,1610
DE-BE,27-05-2020,RKI,0,0,0,1590537600000,11009,Berlin Treptow-Köpenick,175,0,174,271153,1610
DE-BE,29-05-2020,RKI,1,0,0,1590710400000,11009,Berlin Treptow-Köpenick,176,0,174,271153,1610
DE-BB,17-03-2020,RKI,0,0,0,1584403200000,12051,Brandenburg an der Havel,1,0,1,72124,314
DE-BB,19-03-2020,RKI,1,1,0,1584576000000,12051,Brandenburg an der Havel,2,0,2,72124,314
DE-BB,20-03-2020,RKI,0,0,0,1584662400000,12051,Brandenburg an der Havel,2,0,2,72124,314
DE-BB,22-03-2020,RKI,1,1,0,1584835200000,12051,Brandenburg an der Havel,3,0,3,72124,314
DE-BB,23-03-2020,RKI,2,2,0,1584921600000,12051,Brandenburg an der Havel,5,0,5,72124,314
DE-BB,24-03-2020,RKI,0,0,0,1585008000000,12051,Brandenburg an der Havel,5,0,5,72124,314
DE-BB,26-03-2020,RKI,1,1,0,1585180800000,12051,Brandenburg an der Havel,6,0,6,72124,314
DE-BB,28-03-2020,RKI,0,0,0,1585353600000,12051,Brandenburg an der Havel,6,0,6,72124,314
DE-BB,29-03-2020,RKI,0,0,0,1585440000000,12051,Brandenburg an der Havel,6,0,6,72124,314
DE-BB,30-03-2020,RKI,0,0,0,1585526400000,12051,Brandenburg an der Havel,6,0,6,72124,314
DE-BB,31-03-2020,RKI,6,6,0,1585612800000,12051,Brandenburg an der Havel,12,0,12,72124,314
DE-BB,01-04-2020,RKI,2,2,0,1585699200000,12051,Brandenburg an der Havel,14,0,14,72124,314
DE-BB,02-04-2020,RKI,0,0,0,1585785600000,12051,Brandenburg an der Havel,14,0,14,72124,314
DE-BB,03-04-2020,RKI,1,1,0,1585872000000,12051,Brandenburg an der Havel,15,0,15,72124,314
DE-BB,04-04-2020,RKI,0,0,0,1585958400000,12051,Brandenburg an der Havel,15,0,15,72124,314
DE-BB,05-04-2020,RKI,0,0,0,1586044800000,12051,Brandenburg an der Havel,15,0,15,72124,314
DE-BB,06-04-2020,RKI,0,0,0,1586131200000,12051,Brandenburg an der Havel,15,0,15,72124,314
DE-BB,07-04-2020,RKI,4,4,0,1586217600000,12051,Brandenburg an der Havel,19,0,19,72124,314
DE-BB,09-04-2020,RKI,2,2,0,1586390400000,12051,Brandenburg an der Havel,21,0,21,72124,314
DE-BB,10-04-2020,RKI,1,1,0,1586476800000,12051,Brandenburg an der Havel,22,0,22,72124,314
DE-BB,11-04-2020,RKI,0,0,0,1586563200000,12051,Brandenburg an der Havel,22,0,22,72124,314
DE-BB,13-04-2020,RKI,0,0,0,1586736000000,12051,Brandenburg an der Havel,22,0,22,72124,314
DE-BB,15-04-2020,RKI,2,2,0,1586908800000,12051,Brandenburg an der Havel,24,0,24,72124,314
DE-BB,20-04-2020,RKI,0,0,0,1587340800000,12051,Brandenburg an der Havel,24,0,24,72124,314
DE-BB,21-04-2020,RKI,0,0,0,1587427200000,12051,Brandenburg an der Havel,24,0,24,72124,314
DE-BB,22-04-2020,RKI,1,1,0,1587513600000,12051,Brandenburg an der Havel,25,0,25,72124,314
DE-BB,23-04-2020,RKI,0,0,0,1587600000000,12051,Brandenburg an der Havel,25,0,25,72124,314
DE-BB,24-04-2020,RKI,0,0,0,1587686400000,12051,Brandenburg an der Havel,25,0,25,72124,314
DE-BB,29-04-2020,RKI,0,0,0,1588118400000,12051,Brandenburg an der Havel,25,0,25,72124,314
DE-BB,30-04-2020,RKI,0,0,0,1588204800000,12051,Brandenburg an der Havel,25,0,25,72124,314
DE-BB,02-05-2020,RKI,1,1,0,1588377600000,12051,Brandenburg an der Havel,26,0,26,72124,314
DE-BB,07-05-2020,RKI,0,0,0,1588809600000,12051,Brandenburg an der Havel,26,0,26,72124,314
DE-BB,20-05-2020,RKI,0,0,0,1589932800000,12051,Brandenburg an der Havel,26,0,26,72124,314
DE-BB,12-03-2020,RKI,4,4,0,1583971200000,12052,Cottbus,6,0,6,100219,607
DE-BB,13-03-2020,RKI,3,3,0,1584057600000,12052,Cottbus,9,0,9,100219,607
DE-BB,14-03-2020,RKI,0,0,0,1584144000000,12052,Cottbus,9,0,9,100219,607
DE-BB,16-03-2020,RKI,2,2,0,1584316800000,12052,Cottbus,11,0,11,100219,607
DE-BB,17-03-2020,RKI,0,0,0,1584403200000,12052,Cottbus,11,0,11,100219,607
DE-BB,19-03-2020,RKI,2,2,0,1584576000000,12052,Cottbus,13,0,13,100219,607
DE-BB,22-03-2020,RKI,2,2,0,1584835200000,12052,Cottbus,15,0,15,100219,607
DE-BB,23-03-2020,RKI,2,2,0,1584921600000,12052,Cottbus,17,0,17,100219,607
DE-BB,24-03-2020,RKI,0,0,0,1585008000000,12052,Cottbus,17,0,17,100219,607
DE-BB,26-03-2020,RKI,0,0,0,1585180800000,12052,Cottbus,17,0,17,100219,607
DE-BB,29-03-2020,RKI,1,1,0,1585440000000,12052,Cottbus,18,0,18,100219,607
DE-BB,01-04-2020,RKI,0,0,0,1585699200000,12052,Cottbus,18,0,18,100219,607
DE-BB,02-04-2020,RKI,1,1,0,1585785600000,12052,Cottbus,19,0,19,100219,607
DE-BB,09-04-2020,RKI,0,0,0,1586390400000,12052,Cottbus,19,0,19,100219,607
DE-BB,13-04-2020,RKI,3,3,0,1586736000000,12052,Cottbus,22,0,22,100219,607
DE-BB,18-03-2020,RKI,0,0,0,1584489600000,12053,Frankfurt,0,0,0,57873,391
DE-BB,19-03-2020,RKI,0,0,0,1584576000000,12053,Frankfurt,0,0,0,57873,391
DE-BB,21-03-2020,RKI,1,1,0,1584748800000,12053,Frankfurt,1,0,1,57873,391
DE-BB,25-03-2020,RKI,0,0,0,1585094400000,12053,Frankfurt,1,0,1,57873,391
DE-BB,01-04-2020,RKI,0,0,0,1585699200000,12053,Frankfurt,1,0,1,57873,391
DE-BB,02-04-2020,RKI,2,2,0,1585785600000,12053,Frankfurt,3,0,3,57873,391
DE-BB,03-04-2020,RKI,1,1,0,1585872000000,12053,Frankfurt,4,0,4,57873,391
DE-BB,04-04-2020,RKI,0,0,0,1585958400000,12053,Frankfurt,4,0,4,57873,391
DE-BB,05-04-2020,RKI,0,0,0,1586044800000,12053,Frankfurt,4,0,4,57873,391
DE-BB,07-04-2020,RKI,7,7,0,1586217600000,12053,Frankfurt,11,0,11,57873,391
DE-BB,17-04-2020,RKI,0,0,0,1587081600000,12053,Frankfurt,11,0,11,57873,391
DE-BB,25-04-2020,RKI,1,1,0,1587772800000,12053,Frankfurt,12,0,12,57873,391
DE-BB,28-04-2020,RKI,1,1,0,1588032000000,12053,Frankfurt,13,0,13,57873,391
DE-BB,01-05-2020,RKI,0,0,0,1588291200000,12053,Frankfurt,13,0,13,57873,391
DE-BB,07-05-2020,RKI,0,0,0,1588809600000,12053,Frankfurt,13,0,13,57873,391
DE-BB,03-06-2020,RKI,0,0,0,1591142400000,12053,Frankfurt,13,0,13,57873,391
DE-BB,18-03-2020,RKI,2,2,0,1584489600000,12054,Potsdam,11,0,11,178089,944
DE-BB,19-03-2020,RKI,9,9,0,1584576000000,12054,Potsdam,20,0,20,178089,944
DE-BB,20-03-2020,RKI,8,8,0,1584662400000,12054,Potsdam,28,0,28,178089,944
DE-BB,23-03-2020,RKI,8,8,0,1584921600000,12054,Potsdam,36,0,36,178089,944
DE-BB,24-03-2020,RKI,6,6,0,1585008000000,12054,Potsdam,42,0,42,178089,944
DE-BB,25-03-2020,RKI,9,7,2,1585094400000,12054,Potsdam,51,2,49,178089,944
DE-BB,26-03-2020,RKI,5,5,0,1585180800000,12054,Potsdam,56,2,54,178089,944
DE-BB,27-03-2020,RKI,15,12,3,1585267200000,12054,Potsdam,71,5,66,178089,944
DE-BB,30-03-2020,RKI,32,27,5,1585526400000,12054,Potsdam,103,10,93,178089,944
DE-BB,31-03-2020,RKI,17,16,1,1585612800000,12054,Potsdam,120,11,109,178089,944
DE-BB,01-04-2020,RKI,17,13,4,1585699200000,12054,Potsdam,137,15,122,178089,944
DE-BB,02-04-2020,RKI,20,18,2,1585785600000,12054,Potsdam,157,17,140,178089,944
DE-BB,03-04-2020,RKI,39,29,10,1585872000000,12054,Potsdam,196,27,169,178089,944
DE-BB,06-04-2020,RKI,29,28,1,1586131200000,12054,Potsdam,225,28,197,178089,944
DE-BB,07-04-2020,RKI,34,31,3,1586217600000,12054,Potsdam,259,31,228,178089,944
DE-BB,08-04-2020,RKI,62,62,0,1586304000000,12054,Potsdam,321,31,290,178089,944
DE-BB,09-04-2020,RKI,8,7,1,1586390400000,12054,Potsdam,329,32,297,178089,944
DE-BB,10-04-2020,RKI,48,47,1,1586476800000,12054,Potsdam,377,33,344,178089,944
DE-BB,11-04-2020,RKI,21,19,2,1586563200000,12054,Potsdam,398,35,363,178089,944
DE-BB,12-04-2020,RKI,14,11,3,1586649600000,12054,Potsdam,412,38,374,178089,944
DE-BB,14-04-2020,RKI,1,1,0,1586822400000,12054,Potsdam,413,38,375,178089,944
DE-BB,15-04-2020,RKI,23,20,3,1586908800000,12054,Potsdam,436,41,395,178089,944
DE-BB,16-04-2020,RKI,17,14,2,1586995200000,12054,Potsdam,453,43,409,178089,944
DE-BB,17-04-2020,RKI,39,39,0,1587081600000,12054,Potsdam,492,43,448,178089,944
DE-BB,20-04-2020,RKI,10,7,3,1587340800000,12054,Potsdam,502,46,455,178089,944
DE-BB,21-04-2020,RKI,3,2,1,1587427200000,12054,Potsdam,505,47,457,178089,944
DE-BB,22-04-2020,RKI,4,4,0,1587513600000,12054,Potsdam,509,47,461,178089,944
DE-BB,23-04-2020,RKI,9,8,1,1587600000000,12054,Potsdam,518,48,469,178089,944
DE-BB,24-04-2020,RKI,20,20,0,1587686400000,12054,Potsdam,538,48,489,178089,944
DE-BB,26-04-2020,RKI,0,0,0,1587859200000,12054,Potsdam,538,48,489,178089,944
DE-BB,27-04-2020,RKI,2,2,0,1587945600000,12054,Potsdam,540,48,491,178089,944
DE-BB,28-04-2020,RKI,9,9,0,1588032000000,12054,Potsdam,549,48,500,178089,944
DE-BB,29-04-2020,RKI,1,1,0,1588118400000,12054,Potsdam,550,48,501,178089,944
DE-BB,30-04-2020,RKI,5,5,0,1588204800000,12054,Potsdam,555,48,506,178089,944
DE-BB,01-05-2020,RKI,3,3,0,1588291200000,12054,Potsdam,558,48,509,178089,944
DE-BB,02-05-2020,RKI,2,2,0,1588377600000,12054,Potsdam,560,48,511,178089,944
DE-BB,04-05-2020,RKI,2,1,1,1588550400000,12054,Potsdam,562,49,512,178089,944
DE-BB,05-05-2020,RKI,4,4,0,1588636800000,12054,Potsdam,566,49,516,178089,944
DE-BB,06-05-2020,RKI,3,3,0,1588723200000,12054,Potsdam,569,49,519,178089,944
DE-BB,07-05-2020,RKI,1,1,0,1588809600000,12054,Potsdam,570,49,520,178089,944
DE-BB,08-05-2020,RKI,0,0,0,1588896000000,12054,Potsdam,570,49,520,178089,944
DE-BB,11-05-2020,RKI,0,0,0,1589155200000,12054,Potsdam,570,49,520,178089,944
DE-BB,18-05-2020,RKI,0,0,0,1589760000000,12054,Potsdam,570,49,520,178089,944
DE-BB,20-05-2020,RKI,1,1,0,1589932800000,12054,Potsdam,571,49,521,178089,944
DE-BB,22-05-2020,RKI,0,0,0,1590105600000,12054,Potsdam,571,49,521,178089,944
DE-BB,30-05-2020,RKI,0,0,0,1590796800000,12054,Potsdam,571,49,521,178089,944
DE-BB,02-06-2020,RKI,1,0,0,1591056000000,12054,Potsdam,572,49,521,178089,944
DE-BB,03-06-2020,RKI,0,0,0,1591142400000,12054,Potsdam,572,49,521,178089,944
DE-BB,11-03-2020,RKI,1,1,0,1583884800000,12060,Barnim,2,0,2,182760,124
DE-BB,12-03-2020,RKI,2,2,0,1583971200000,12060,Barnim,4,0,4,182760,124
DE-BB,13-03-2020,RKI,1,1,0,1584057600000,12060,Barnim,5,0,5,182760,124
DE-BB,15-03-2020,RKI,3,3,0,1584230400000,12060,Barnim,8,0,8,182760,124
DE-BB,16-03-2020,RKI,2,2,0,1584316800000,12060,Barnim,10,0,10,182760,124
DE-BB,17-03-2020,RKI,4,4,0,1584403200000,12060,Barnim,14,0,14,182760,124
DE-BB,18-03-2020,RKI,1,1,0,1584489600000,12060,Barnim,15,0,15,182760,124
DE-BB,19-03-2020,RKI,6,6,0,1584576000000,12060,Barnim,21,0,21,182760,124
DE-BB,20-03-2020,RKI,6,6,0,1584662400000,12060,Barnim,27,0,27,182760,124
DE-BB,21-03-2020,RKI,0,0,0,1584748800000,12060,Barnim,27,0,27,182760,124
DE-BB,22-03-2020,RKI,4,4,0,1584835200000,12060,Barnim,31,0,31,182760,124
DE-BB,23-03-2020,RKI,3,3,0,1584921600000,12060,Barnim,34,0,34,182760,124
DE-BB,24-03-2020,RKI,6,6,0,1585008000000,12060,Barnim,40,0,40,182760,124
DE-BB,25-03-2020,RKI,5,5,0,1585094400000,12060,Barnim,45,0,45,182760,124
DE-BB,26-03-2020,RKI,3,3,0,1585180800000,12060,Barnim,48,0,48,182760,124
DE-BB,27-03-2020,RKI,2,2,0,1585267200000,12060,Barnim,50,0,50,182760,124
DE-BB,29-03-2020,RKI,4,4,0,1585440000000,12060,Barnim,54,0,54,182760,124
DE-BB,30-03-2020,RKI,1,1,0,1585526400000,12060,Barnim,55,0,55,182760,124
DE-BB,31-03-2020,RKI,7,7,0,1585612800000,12060,Barnim,62,0,62,182760,124
DE-BB,01-04-2020,RKI,4,4,0,1585699200000,12060,Barnim,66,0,66,182760,124
DE-BB,02-04-2020,RKI,6,5,1,1585785600000,12060,Barnim,72,1,71,182760,124
DE-BB,03-04-2020,RKI,8,6,2,1585872000000,12060,Barnim,80,3,77,182760,124
DE-BB,04-04-2020,RKI,7,7,0,1585958400000,12060,Barnim,87,3,84,182760,124
DE-BB,05-04-2020,RKI,10,7,3,1586044800000,12060,Barnim,97,6,91,182760,124
DE-BB,06-04-2020,RKI,2,2,0,1586131200000,12060,Barnim,99,6,93,182760,124
DE-BB,07-04-2020,RKI,5,4,1,1586217600000,12060,Barnim,104,7,97,182760,124
DE-BB,08-04-2020,RKI,13,12,1,1586304000000,12060,Barnim,117,8,109,182760,124
DE-BB,09-04-2020,RKI,51,43,8,1586390400000,12060,Barnim,168,16,152,182760,124
DE-BB,10-04-2020,RKI,7,7,0,1586476800000,12060,Barnim,175,16,159,182760,124
DE-BB,11-04-2020,RKI,7,6,1,1586563200000,12060,Barnim,182,17,165,182760,124
DE-BB,12-04-2020,RKI,12,10,2,1586649600000,12060,Barnim,194,19,175,182760,124
DE-BB,13-04-2020,RKI,1,1,0,1586736000000,12060,Barnim,195,19,176,182760,124
DE-BB,14-04-2020,RKI,7,6,1,1586822400000,12060,Barnim,202,20,182,182760,124
DE-BB,15-04-2020,RKI,13,10,3,1586908800000,12060,Barnim,215,23,192,182760,124
DE-BB,16-04-2020,RKI,8,8,0,1586995200000,12060,Barnim,223,23,200,182760,124
DE-BB,17-04-2020,RKI,13,13,0,1587081600000,12060,Barnim,236,23,213,182760,124
DE-BB,18-04-2020,RKI,8,7,1,1587168000000,12060,Barnim,244,24,220,182760,124
DE-BB,19-04-2020,RKI,9,8,1,1587254400000,12060,Barnim,253,25,228,182760,124
DE-BB,20-04-2020,RKI,5,4,1,1587340800000,12060,Barnim,258,26,232,182760,124
DE-BB,21-04-2020,RKI,20,20,0,1587427200000,12060,Barnim,278,26,252,182760,124
DE-BB,22-04-2020,RKI,9,9,0,1587513600000,12060,Barnim,287,26,261,182760,124
DE-BB,23-04-2020,RKI,1,1,0,1587600000000,12060,Barnim,288,26,262,182760,124
DE-BB,24-04-2020,RKI,11,10,1,1587686400000,12060,Barnim,299,27,272,182760,124
DE-BB,25-04-2020,RKI,4,4,0,1587772800000,12060,Barnim,303,27,276,182760,124
DE-BB,26-04-2020,RKI,0,0,0,1587859200000,12060,Barnim,303,27,276,182760,124
DE-BB,27-04-2020,RKI,3,3,0,1587945600000,12060,Barnim,306,27,279,182760,124
DE-BB,28-04-2020,RKI,7,7,0,1588032000000,12060,Barnim,313,27,286,182760,124
DE-BB,29-04-2020,RKI,4,3,1,1588118400000,12060,Barnim,317,28,289,182760,124
DE-BB,30-04-2020,RKI,0,0,0,1588204800000,12060,Barnim,317,28,289,182760,124
DE-BB,01-05-2020,RKI,10,9,1,1588291200000,12060,Barnim,327,29,298,182760,124
DE-BB,02-05-2020,RKI,0,0,0,1588377600000,12060,Barnim,327,29,298,182760,124
DE-BB,03-05-2020,RKI,0,0,0,1588464000000,12060,Barnim,327,29,298,182760,124
DE-BB,05-05-2020,RKI,2,2,0,1588636800000,12060,Barnim,329,29,300,182760,124
DE-BB,06-05-2020,RKI,4,4,0,1588723200000,12060,Barnim,333,29,304,182760,124
DE-BB,07-05-2020,RKI,0,0,0,1588809600000,12060,Barnim,333,29,304,182760,124
DE-BB,08-05-2020,RKI,0,0,0,1588896000000,12060,Barnim,333,29,304,182760,124
DE-BB,09-05-2020,RKI,2,2,0,1588982400000,12060,Barnim,335,29,306,182760,124
DE-BB,10-05-2020,RKI,0,0,0,1589068800000,12060,Barnim,335,29,306,182760,124
DE-BB,12-05-2020,RKI,0,0,0,1589241600000,12060,Barnim,335,29,306,182760,124
DE-BB,13-05-2020,RKI,0,0,0,1589328000000,12060,Barnim,335,29,306,182760,124
DE-BB,14-05-2020,RKI,2,2,0,1589414400000,12060,Barnim,337,29,308,182760,124
DE-BB,22-05-2020,RKI,0,0,0,1590105600000,12060,Barnim,337,29,308,182760,124
DE-BB,28-05-2020,RKI,0,0,0,1590624000000,12060,Barnim,337,29,308,182760,124
DE-BB,30-05-2020,RKI,0,0,0,1590796800000,12060,Barnim,337,29,308,182760,124
DE-BB,02-06-2020,RKI,0,0,0,1591056000000,12060,Barnim,337,29,308,182760,124
DE-BB,04-06-2020,RKI,0,0,0,1591228800000,12060,Barnim,337,29,308,182760,124
DE-BB,14-03-2020,RKI,1,1,0,1584144000000,12061,Dahme-Spreewald,1,0,1,169067,74
DE-BB,15-03-2020,RKI,1,1,0,1584230400000,12061,Dahme-Spreewald,2,0,2,169067,74
DE-BB,16-03-2020,RKI,3,3,0,1584316800000,12061,Dahme-Spreewald,5,0,5,169067,74
DE-BB,17-03-2020,RKI,4,4,0,1584403200000,12061,Dahme-Spreewald,9,0,9,169067,74
DE-BB,19-03-2020,RKI,3,3,0,1584576000000,12061,Dahme-Spreewald,12,0,12,169067,74
DE-BB,20-03-2020,RKI,5,5,0,1584662400000,12061,Dahme-Spreewald,17,0,17,169067,74
DE-BB,21-03-2020,RKI,1,1,0,1584748800000,12061,Dahme-Spreewald,18,0,18,169067,74
DE-BB,23-03-2020,RKI,3,3,0,1584921600000,12061,Dahme-Spreewald,21,0,21,169067,74
DE-BB,24-03-2020,RKI,2,2,0,1585008000000,12061,Dahme-Spreewald,23,0,23,169067,74
DE-BB,25-03-2020,RKI,10,10,0,1585094400000,12061,Dahme-Spreewald,33,0,33,169067,74
DE-BB,26-03-2020,RKI,3,3,0,1585180800000,12061,Dahme-Spreewald,36,0,36,169067,74
DE-BB,27-03-2020,RKI,9,9,0,1585267200000,12061,Dahme-Spreewald,45,0,45,169067,74
DE-BB,28-03-2020,RKI,4,4,0,1585353600000,12061,Dahme-Spreewald,49,0,49,169067,74
DE-BB,29-03-2020,RKI,7,7,0,1585440000000,12061,Dahme-Spreewald,56,0,56,169067,74
DE-BB,30-03-2020,RKI,5,4,1,1585526400000,12061,Dahme-Spreewald,61,1,60,169067,74
DE-BB,31-03-2020,RKI,19,17,2,1585612800000,12061,Dahme-Spreewald,80,3,77,169067,74
DE-BB,01-04-2020,RKI,5,5,0,1585699200000,12061,Dahme-Spreewald,85,3,82,169067,74
DE-BB,02-04-2020,RKI,7,7,0,1585785600000,12061,Dahme-Spreewald,92,3,89,169067,74
DE-BB,03-04-2020,RKI,4,4,0,1585872000000,12061,Dahme-Spreewald,96,3,93,169067,74
DE-BB,04-04-2020,RKI,0,0,0,1585958400000,12061,Dahme-Spreewald,96,3,93,169067,74
DE-BB,05-04-2020,RKI,2,2,0,1586044800000,12061,Dahme-Spreewald,98,3,95,169067,74
DE-BB,06-04-2020,RKI,3,2,1,1586131200000,12061,Dahme-Spreewald,101,4,97,169067,74
DE-BB,07-04-2020,RKI,2,2,0,1586217600000,12061,Dahme-Spreewald,103,4,99,169067,74
DE-BB,08-04-2020,RKI,7,7,0,1586304000000,12061,Dahme-Spreewald,110,4,106,169067,74
DE-BB,09-04-2020,RKI,3,3,0,1586390400000,12061,Dahme-Spreewald,113,4,109,169067,74
DE-BB,10-04-2020,RKI,0,0,0,1586476800000,12061,Dahme-Spreewald,113,4,109,169067,74
DE-BB,11-04-2020,RKI,1,1,0,1586563200000,12061,Dahme-Spreewald,114,4,110,169067,74
DE-BB,13-04-2020,RKI,0,0,0,1586736000000,12061,Dahme-Spreewald,114,4,110,169067,74
DE-BB,14-04-2020,RKI,3,3,0,1586822400000,12061,Dahme-Spreewald,117,4,113,169067,74
DE-BB,15-04-2020,RKI,0,0,0,1586908800000,12061,Dahme-Spreewald,117,4,113,169067,74
DE-BB,16-04-2020,RKI,4,4,0,1586995200000,12061,Dahme-Spreewald,121,4,117,169067,74
DE-BB,17-04-2020,RKI,2,2,0,1587081600000,12061,Dahme-Spreewald,123,4,119,169067,74
DE-BB,18-04-2020,RKI,0,0,0,1587168000000,12061,Dahme-Spreewald,123,4,119,169067,74
DE-BB,19-04-2020,RKI,1,1,0,1587254400000,12061,Dahme-Spreewald,124,4,120,169067,74
DE-BB,21-04-2020,RKI,1,0,1,1587427200000,12061,Dahme-Spreewald,125,5,120,169067,74
DE-BB,22-04-2020,RKI,0,0,0,1587513600000,12061,Dahme-Spreewald,125,5,120,169067,74
DE-BB,23-04-2020,RKI,1,1,0,1587600000000,12061,Dahme-Spreewald,126,5,121,169067,74
DE-BB,24-04-2020,RKI,5,5,0,1587686400000,12061,Dahme-Spreewald,131,5,126,169067,74
DE-BB,25-04-2020,RKI,3,3,0,1587772800000,12061,Dahme-Spreewald,134,5,129,169067,74
DE-BB,26-04-2020,RKI,3,3,0,1587859200000,12061,Dahme-Spreewald,137,5,132,169067,74
DE-BB,27-04-2020,RKI,1,1,0,1587945600000,12061,Dahme-Spreewald,138,5,133,169067,74
DE-BB,28-04-2020,RKI,16,15,1,1588032000000,12061,Dahme-Spreewald,154,6,148,169067,74
DE-BB,29-04-2020,RKI,1,1,0,1588118400000,12061,Dahme-Spreewald,155,6,149,169067,74
DE-BB,30-04-2020,RKI,2,1,1,1588204800000,12061,Dahme-Spreewald,157,7,150,169067,74
DE-BB,01-05-2020,RKI,5,5,0,1588291200000,12061,Dahme-Spreewald,162,7,155,169067,74
DE-BB,05-05-2020,RKI,23,23,0,1588636800000,12061,Dahme-Spreewald,185,7,178,169067,74
DE-BB,06-05-2020,RKI,0,0,0,1588723200000,12061,Dahme-Spreewald,185,7,178,169067,74
DE-BB,07-05-2020,RKI,0,0,0,1588809600000,12061,Dahme-Spreewald,185,7,178,169067,74
DE-BB,11-05-2020,RKI,1,1,0,1589155200000,12061,Dahme-Spreewald,186,7,179,169067,74
DE-BB,18-05-2020,RKI,1,0,0,1589760000000,12061,Dahme-Spreewald,187,7,179,169067,74
DE-BB,21-05-2020,RKI,0,0,0,1590019200000,12061,Dahme-Spreewald,187,7,179,169067,74
DE-BB,23-05-2020,RKI,0,0,0,1590192000000,12061,Dahme-Spreewald,187,7,179,169067,74
DE-BB,25-05-2020,RKI,1,0,0,1590364800000,12061,Dahme-Spreewald,188,7,179,169067,74
DE-BB,27-05-2020,RKI,0,0,0,1590537600000,12061,Dahme-Spreewald,188,7,179,169067,74
DE-BB,29-05-2020,RKI,1,0,0,1590710400000,12061,Dahme-Spreewald,189,7,179,169067,74
DE-BB,30-05-2020,RKI,1,0,0,1590796800000,12061,Dahme-Spreewald,190,7,179,169067,74
DE-BB,31-05-2020,RKI,0,0,0,1590883200000,12061,Dahme-Spreewald,190,7,179,169067,74
DE-BB,03-06-2020,RKI,0,0,0,1591142400000,12061,Dahme-Spreewald,190,7,179,169067,74
DE-BB,04-06-2020,RKI,0,0,0,1591228800000,12061,Dahme-Spreewald,190,7,179,169067,74
DE-BB,10-03-2020,RKI,1,1,0,1583798400000,12062,Elbe-Elster,1,0,1,102638,54
DE-BB,12-03-2020,RKI,1,1,0,1583971200000,12062,Elbe-Elster,2,0,2,102638,54
DE-BB,17-03-2020,RKI,1,1,0,1584403200000,12062,Elbe-Elster,3,0,3,102638,54
DE-BB,18-03-2020,RKI,0,0,0,1584489600000,12062,Elbe-Elster,3,0,3,102638,54
DE-BB,20-03-2020,RKI,0,0,0,1584662400000,12062,Elbe-Elster,3,0,3,102638,54
DE-BB,22-03-2020,RKI,2,2,0,1584835200000,12062,Elbe-Elster,5,0,5,102638,54
DE-BB,24-03-2020,RKI,3,3,0,1585008000000,12062,Elbe-Elster,8,0,8,102638,54
DE-BB,25-03-2020,RKI,0,0,0,1585094400000,12062,Elbe-Elster,8,0,8,102638,54
DE-BB,26-03-2020,RKI,4,4,0,1585180800000,12062,Elbe-Elster,12,0,12,102638,54
DE-BB,27-03-2020,RKI,5,4,1,1585267200000,12062,Elbe-Elster,17,1,16,102638,54
DE-BB,28-03-2020,RKI,2,2,0,1585353600000,12062,Elbe-Elster,19,1,18,102638,54
DE-BB,29-03-2020,RKI,1,1,0,1585440000000,12062,Elbe-Elster,20,1,19,102638,54
DE-BB,30-03-2020,RKI,0,0,0,1585526400000,12062,Elbe-Elster,20,1,19,102638,54
DE-BB,31-03-2020,RKI,2,1,1,1585612800000,12062,Elbe-Elster,22,2,20,102638,54
DE-BB,01-04-2020,RKI,0,0,0,1585699200000,12062,Elbe-Elster,22,2,20,102638,54
DE-BB,02-04-2020,RKI,4,4,0,1585785600000,12062,Elbe-Elster,26,2,24,102638,54
DE-BB,03-04-2020,RKI,5,5,0,1585872000000,12062,Elbe-Elster,31,2,29,102638,54
DE-BB,04-04-2020,RKI,6,6,0,1585958400000,12062,Elbe-Elster,37,2,35,102638,54
DE-BB,06-04-2020,RKI,2,2,0,1586131200000,12062,Elbe-Elster,39,2,37,102638,54
DE-BB,07-04-2020,RKI,2,2,0,1586217600000,12062,Elbe-Elster,41,2,39,102638,54
DE-BB,09-04-2020,RKI,0,0,0,1586390400000,12062,Elbe-Elster,41,2,39,102638,54
DE-BB,10-04-2020,RKI,0,0,0,1586476800000,12062,Elbe-Elster,41,2,39,102638,54
DE-BB,11-04-2020,RKI,0,0,0,1586563200000,12062,Elbe-Elster,41,2,39,102638,54
DE-BB,12-04-2020,RKI,0,0,0,1586649600000,12062,Elbe-Elster,41,2,39,102638,54
DE-BB,16-04-2020,RKI,2,2,0,1586995200000,12062,Elbe-Elster,43,2,41,102638,54
DE-BB,21-04-2020,RKI,0,0,0,1587427200000,12062,Elbe-Elster,43,2,41,102638,54
DE-BB,06-05-2020,RKI,0,0,0,1588723200000,12062,Elbe-Elster,43,2,41,102638,54
DE-BB,07-05-2020,RKI,0,0,0,1588809600000,12062,Elbe-Elster,43,2,41,102638,54
DE-BB,13-05-2020,RKI,0,0,0,1589328000000,12062,Elbe-Elster,43,2,41,102638,54
DE-BB,26-05-2020,RKI,0,0,0,1590451200000,12062,Elbe-Elster,43,2,41,102638,54
DE-BB,08-03-2020,RKI,1,1,0,1583625600000,12063,Havelland,1,0,1,161909,94
DE-BB,09-03-2020,RKI,0,0,0,1583712000000,12063,Havelland,1,0,1,161909,94
DE-BB,12-03-2020,RKI,0,0,0,1583971200000,12063,Havelland,1,0,1,161909,94
DE-BB,13-03-2020,RKI,1,1,0,1584057600000,12063,Havelland,2,0,2,161909,94
DE-BB,16-03-2020,RKI,0,0,0,1584316800000,12063,Havelland,2,0,2,161909,94
DE-BB,17-03-2020,RKI,0,0,0,1584403200000,12063,Havelland,2,0,2,161909,94
DE-BB,20-03-2020,RKI,6,6,0,1584662400000,12063,Havelland,8,0,8,161909,94
DE-BB,21-03-2020,RKI,3,3,0,1584748800000,12063,Havelland,11,0,11,161909,94
DE-BB,23-03-2020,RKI,1,1,0,1584921600000,12063,Havelland,12,0,12,161909,94
DE-BB,24-03-2020,RKI,3,3,0,1585008000000,12063,Havelland,15,0,15,161909,94
DE-BB,25-03-2020,RKI,7,6,1,1585094400000,12063,Havelland,22,1,21,161909,94
DE-BB,26-03-2020,RKI,5,5,0,1585180800000,12063,Havelland,27,1,26,161909,94
DE-BB,27-03-2020,RKI,5,5,0,1585267200000,12063,Havelland,32,1,31,161909,94
DE-BB,28-03-2020,RKI,4,4,0,1585353600000,12063,Havelland,36,1,35,161909,94
DE-BB,29-03-2020,RKI,1,1,0,1585440000000,12063,Havelland,37,1,36,161909,94
DE-BB,30-03-2020,RKI,2,0,2,1585526400000,12063,Havelland,39,3,36,161909,94
DE-BB,31-03-2020,RKI,14,14,0,1585612800000,12063,Havelland,53,3,50,161909,94
DE-BB,01-04-2020,RKI,5,4,1,1585699200000,12063,Havelland,58,4,54,161909,94
DE-BB,02-04-2020,RKI,11,11,0,1585785600000,12063,Havelland,69,4,65,161909,94
DE-BB,03-04-2020,RKI,5,5,0,1585872000000,12063,Havelland,74,4,70,161909,94
DE-BB,04-04-2020,RKI,7,7,0,1585958400000,12063,Havelland,81,4,77,161909,94
DE-BB,05-04-2020,RKI,1,1,0,1586044800000,12063,Havelland,82,4,78,161909,94
DE-BB,06-04-2020,RKI,0,0,0,1586131200000,12063,Havelland,82,4,78,161909,94
DE-BB,07-04-2020,RKI,8,7,1,1586217600000,12063,Havelland,90,5,85,161909,94
DE-BB,08-04-2020,RKI,9,9,0,1586304000000,12063,Havelland,99,5,94,161909,94
DE-BB,09-04-2020,RKI,1,1,0,1586390400000,12063,Havelland,100,5,95,161909,94
DE-BB,10-04-2020,RKI,2,2,0,1586476800000,12063,Havelland,102,5,97,161909,94
DE-BB,11-04-2020,RKI,0,0,0,1586563200000,12063,Havelland,102,5,97,161909,94
DE-BB,12-04-2020,RKI,2,1,1,1586649600000,12063,Havelland,104,6,98,161909,94
DE-BB,14-04-2020,RKI,2,2,0,1586822400000,12063,Havelland,106,6,100,161909,94
DE-BB,15-04-2020,RKI,0,0,0,1586908800000,12063,Havelland,106,6,100,161909,94
DE-BB,16-04-2020,RKI,1,1,0,1586995200000,12063,Havelland,107,6,101,161909,94
DE-BB,17-04-2020,RKI,3,3,0,1587081600000,12063,Havelland,110,6,104,161909,94
DE-BB,20-04-2020,RKI,1,1,0,1587340800000,12063,Havelland,111,6,105,161909,94
DE-BB,21-04-2020,RKI,2,2,0,1587427200000,12063,Havelland,113,6,107,161909,94
DE-BB,22-04-2020,RKI,1,1,0,1587513600000,12063,Havelland,114,6,108,161909,94
DE-BB,23-04-2020,RKI,0,0,0,1587600000000,12063,Havelland,114,6,108,161909,94
DE-BB,25-04-2020,RKI,0,0,0,1587772800000,12063,Havelland,114,6,108,161909,94
DE-BB,27-04-2020,RKI,3,3,0,1587945600000,12063,Havelland,117,6,111,161909,94
DE-BB,29-04-2020,RKI,1,1,0,1588118400000,12063,Havelland,118,6,112,161909,94
DE-BB,01-05-2020,RKI,1,1,0,1588291200000,12063,Havelland,119,6,113,161909,94
DE-BB,02-05-2020,RKI,2,2,0,1588377600000,12063,Havelland,121,6,115,161909,94
DE-BB,04-05-2020,RKI,0,0,0,1588550400000,12063,Havelland,121,6,115,161909,94
DE-BB,05-05-2020,RKI,0,0,0,1588636800000,12063,Havelland,121,6,115,161909,94
DE-BB,06-05-2020,RKI,0,0,0,1588723200000,12063,Havelland,121,6,115,161909,94
DE-BB,07-05-2020,RKI,0,0,0,1588809600000,12063,Havelland,121,6,115,161909,94
DE-BB,15-05-2020,RKI,1,1,0,1589500800000,12063,Havelland,122,6,116,161909,94
DE-BB,16-05-2020,RKI,0,0,0,1589587200000,12063,Havelland,122,6,116,161909,94
DE-BB,19-05-2020,RKI,0,0,0,1589846400000,12063,Havelland,122,6,116,161909,94
DE-BB,20-05-2020,RKI,0,0,0,1589932800000,12063,Havelland,122,6,116,161909,94
DE-BB,25-05-2020,RKI,0,0,0,1590364800000,12063,Havelland,122,6,116,161909,94
DE-BB,11-03-2020,RKI,0,0,0,1583884800000,12064,Märkisch-Oderland,2,0,2,194328,90
DE-BB,12-03-2020,RKI,4,4,0,1583971200000,12064,Märkisch-Oderland,6,0,6,194328,90
DE-BB,13-03-2020,RKI,4,4,0,1584057600000,12064,Märkisch-Oderland,10,0,10,194328,90
DE-BB,14-03-2020,RKI,3,3,0,1584144000000,12064,Märkisch-Oderland,13,0,13,194328,90
DE-BB,15-03-2020,RKI,2,2,0,1584230400000,12064,Märkisch-Oderland,15,0,15,194328,90
DE-BB,16-03-2020,RKI,5,5,0,1584316800000,12064,Märkisch-Oderland,20,0,20,194328,90
DE-BB,17-03-2020,RKI,16,16,0,1584403200000,12064,Märkisch-Oderland,36,0,36,194328,90
DE-BB,18-03-2020,RKI,18,18,0,1584489600000,12064,Märkisch-Oderland,54,0,54,194328,90
DE-BB,19-03-2020,RKI,5,5,0,1584576000000,12064,Märkisch-Oderland,59,0,59,194328,90
DE-BB,20-03-2020,RKI,7,7,0,1584662400000,12064,Märkisch-Oderland,66,0,66,194328,90
DE-BB,21-03-2020,RKI,2,2,0,1584748800000,12064,Märkisch-Oderland,68,0,68,194328,90
DE-BB,23-03-2020,RKI,3,3,0,1584921600000,12064,Märkisch-Oderland,71,0,71,194328,90
DE-BB,24-03-2020,RKI,1,1,0,1585008000000,12064,Märkisch-Oderland,72,0,72,194328,90
DE-BB,25-03-2020,RKI,8,7,1,1585094400000,12064,Märkisch-Oderland,80,1,79,194328,90
DE-BB,26-03-2020,RKI,1,1,0,1585180800000,12064,Märkisch-Oderland,81,1,80,194328,90
DE-BB,27-03-2020,RKI,4,4,0,1585267200000,12064,Märkisch-Oderland,85,1,84,194328,90
DE-BB,28-03-2020,RKI,4,4,0,1585353600000,12064,Märkisch-Oderland,89,1,88,194328,90
DE-BB,29-03-2020,RKI,2,2,0,1585440000000,12064,Märkisch-Oderland,91,1,90,194328,90
DE-BB,30-03-2020,RKI,6,6,0,1585526400000,12064,Märkisch-Oderland,97,1,96,194328,90
DE-BB,31-03-2020,RKI,8,8,0,1585612800000,12064,Märkisch-Oderland,105,1,104,194328,90
DE-BB,01-04-2020,RKI,0,0,0,1585699200000,12064,Märkisch-Oderland,105,1,104,194328,90
DE-BB,02-04-2020,RKI,3,3,0,1585785600000,12064,Märkisch-Oderland,108,1,107,194328,90
DE-BB,03-04-2020,RKI,7,7,0,1585872000000,12064,Märkisch-Oderland,115,1,114,194328,90
DE-BB,04-04-2020,RKI,0,0,0,1585958400000,12064,Märkisch-Oderland,115,1,114,194328,90
DE-BB,05-04-2020,RKI,0,0,0,1586044800000,12064,Märkisch-Oderland,115,1,114,194328,90
DE-BB,06-04-2020,RKI,0,0,0,1586131200000,12064,Märkisch-Oderland,115,1,114,194328,90
DE-BB,07-04-2020,RKI,3,3,0,1586217600000,12064,Märkisch-Oderland,118,1,117,194328,90
DE-BB,08-04-2020,RKI,3,2,1,1586304000000,12064,Märkisch-Oderland,121,2,119,194328,90
DE-BB,09-04-2020,RKI,8,7,1,1586390400000,12064,Märkisch-Oderland,129,3,126,194328,90
DE-BB,10-04-2020,RKI,3,3,0,1586476800000,12064,Märkisch-Oderland,132,3,129,194328,90
DE-BB,11-04-2020,RKI,2,1,1,1586563200000,12064,Märkisch-Oderland,134,4,130,194328,90
DE-BB,12-04-2020,RKI,1,1,0,1586649600000,12064,Märkisch-Oderland,135,4,131,194328,90
DE-BB,13-04-2020,RKI,1,1,0,1586736000000,12064,Märkisch-Oderland,136,4,132,194328,90
DE-BB,14-04-2020,RKI,1,1,0,1586822400000,12064,Märkisch-Oderland,137,4,133,194328,90
DE-BB,15-04-2020,RKI,0,0,0,1586908800000,12064,Märkisch-Oderland,137,4,133,194328,90
DE-BB,16-04-2020,RKI,4,4,0,1586995200000,12064,Märkisch-Oderland,141,4,137,194328,90
DE-BB,17-04-2020,RKI,1,1,0,1587081600000,12064,Märkisch-Oderland,142,4,138,194328,90
DE-BB,18-04-2020,RKI,0,0,0,1587168000000,12064,Märkisch-Oderland,142,4,138,194328,90
DE-BB,19-04-2020,RKI,0,0,0,1587254400000,12064,Märkisch-Oderland,142,4,138,194328,90
DE-BB,20-04-2020,RKI,2,2,0,1587340800000,12064,Märkisch-Oderland,144,4,140,194328,90
DE-BB,21-04-2020,RKI,1,1,0,1587427200000,12064,Märkisch-Oderland,145,4,141,194328,90
DE-BB,22-04-2020,RKI,0,0,0,1587513600000,12064,Märkisch-Oderland,145,4,141,194328,90
DE-BB,23-04-2020,RKI,0,0,0,1587600000000,12064,Märkisch-Oderland,145,4,141,194328,90
DE-BB,24-04-2020,RKI,2,2,0,1587686400000,12064,Märkisch-Oderland,147,4,143,194328,90
DE-BB,27-04-2020,RKI,3,3,0,1587945600000,12064,Märkisch-Oderland,150,4,146,194328,90
DE-BB,28-04-2020,RKI,3,3,0,1588032000000,12064,Märkisch-Oderland,153,4,149,194328,90
DE-BB,29-04-2020,RKI,0,0,0,1588118400000,12064,Märkisch-Oderland,153,4,149,194328,90
DE-BB,30-04-2020,RKI,4,4,0,1588204800000,12064,Märkisch-Oderland,157,4,153,194328,90
DE-BB,01-05-2020,RKI,1,1,0,1588291200000,12064,Märkisch-Oderland,158,4,154,194328,90
DE-BB,03-05-2020,RKI,0,0,0,1588464000000,12064,Märkisch-Oderland,158,4,154,194328,90
DE-BB,04-05-2020,RKI,1,1,0,1588550400000,12064,Märkisch-Oderland,159,4,155,194328,90
DE-BB,05-05-2020,RKI,0,0,0,1588636800000,12064,Märkisch-Oderland,159,4,155,194328,90
DE-BB,14-05-2020,RKI,0,0,0,1589414400000,12064,Märkisch-Oderland,159,4,155,194328,90
DE-BB,19-05-2020,RKI,0,0,0,1589846400000,12064,Märkisch-Oderland,159,4,155,194328,90
DE-BB,20-05-2020,RKI,0,0,0,1589932800000,12064,Märkisch-Oderland,159,4,155,194328,90
DE-BB,22-05-2020,RKI,1,1,0,1590105600000,12064,Märkisch-Oderland,160,4,156,194328,90
DE-BB,25-05-2020,RKI,1,0,0,1590364800000,12064,Märkisch-Oderland,161,4,156,194328,90
DE-BB,28-05-2020,RKI,0,0,0,1590624000000,12064,Märkisch-Oderland,161,4,156,194328,90
DE-BB,29-05-2020,RKI,0,0,0,1590710400000,12064,Märkisch-Oderland,161,4,156,194328,90
DE-BB,02-06-2020,RKI,1,0,0,1591056000000,12064,Märkisch-Oderland,162,4,156,194328,90
DE-BB,12-03-2020,RKI,0,0,0,1583971200000,12065,Oberhavel,0,0,0,211249,117
DE-BB,13-03-2020,RKI,1,1,0,1584057600000,12065,Oberhavel,1,0,1,211249,117
DE-BB,15-03-2020,RKI,1,1,0,1584230400000,12065,Oberhavel,2,0,2,211249,117
DE-BB,16-03-2020,RKI,2,2,0,1584316800000,12065,Oberhavel,4,0,4,211249,117
DE-BB,17-03-2020,RKI,4,4,0,1584403200000,12065,Oberhavel,8,0,8,211249,117
DE-BB,18-03-2020,RKI,5,5,0,1584489600000,12065,Oberhavel,13,0,13,211249,117
DE-BB,19-03-2020,RKI,5,4,1,1584576000000,12065,Oberhavel,18,1,17,211249,117
DE-BB,20-03-2020,RKI,13,12,1,1584662400000,12065,Oberhavel,31,2,29,211249,117
DE-BB,22-03-2020,RKI,0,0,0,1584835200000,12065,Oberhavel,31,2,29,211249,117
DE-BB,23-03-2020,RKI,1,1,0,1584921600000,12065,Oberhavel,32,2,30,211249,117
DE-BB,24-03-2020,RKI,11,11,0,1585008000000,12065,Oberhavel,43,2,41,211249,117
DE-BB,25-03-2020,RKI,7,7,0,1585094400000,12065,Oberhavel,50,2,48,211249,117
DE-BB,26-03-2020,RKI,13,12,1,1585180800000,12065,Oberhavel,63,3,60,211249,117
DE-BB,27-03-2020,RKI,11,10,1,1585267200000,12065,Oberhavel,74,4,70,211249,117
DE-BB,28-03-2020,RKI,8,8,0,1585353600000,12065,Oberhavel,82,4,78,211249,117
DE-BB,29-03-2020,RKI,0,0,0,1585440000000,12065,Oberhavel,82,4,78,211249,117
DE-BB,30-03-2020,RKI,4,4,0,1585526400000,12065,Oberhavel,86,4,82,211249,117
DE-BB,31-03-2020,RKI,9,9,0,1585612800000,12065,Oberhavel,95,4,91,211249,117
DE-BB,01-04-2020,RKI,6,5,1,1585699200000,12065,Oberhavel,101,5,96,211249,117
DE-BB,02-04-2020,RKI,7,6,1,1585785600000,12065,Oberhavel,108,6,102,211249,117
DE-BB,03-04-2020,RKI,6,6,0,1585872000000,12065,Oberhavel,114,6,108,211249,117
DE-BB,04-04-2020,RKI,2,2,0,1585958400000,12065,Oberhavel,116,6,110,211249,117
DE-BB,05-04-2020,RKI,0,0,0,1586044800000,12065,Oberhavel,116,6,110,211249,117
DE-BB,06-04-2020,RKI,6,6,0,1586131200000,12065,Oberhavel,122,6,116,211249,117
DE-BB,07-04-2020,RKI,3,2,1,1586217600000,12065,Oberhavel,125,7,118,211249,117
DE-BB,08-04-2020,RKI,3,3,0,1586304000000,12065,Oberhavel,128,7,121,211249,117
DE-BB,09-04-2020,RKI,1,1,0,1586390400000,12065,Oberhavel,129,7,122,211249,117
DE-BB,11-04-2020,RKI,4,4,0,1586563200000,12065,Oberhavel,133,7,126,211249,117
DE-BB,12-04-2020,RKI,0,0,0,1586649600000,12065,Oberhavel,133,7,126,211249,117
DE-BB,13-04-2020,RKI,0,0,0,1586736000000,12065,Oberhavel,133,7,126,211249,117
DE-BB,14-04-2020,RKI,4,4,0,1586822400000,12065,Oberhavel,137,7,130,211249,117
DE-BB,15-04-2020,RKI,1,1,0,1586908800000,12065,Oberhavel,138,7,131,211249,117
DE-BB,16-04-2020,RKI,3,3,0,1586995200000,12065,Oberhavel,141,7,134,211249,117
DE-BB,17-04-2020,RKI,24,24,0,1587081600000,12065,Oberhavel,165,7,158,211249,117
DE-BB,18-04-2020,RKI,39,39,0,1587168000000,12065,Oberhavel,204,7,197,211249,117
DE-BB,19-04-2020,RKI,1,1,0,1587254400000,12065,Oberhavel,205,7,198,211249,117
DE-BB,20-04-2020,RKI,5,5,0,1587340800000,12065,Oberhavel,210,7,203,211249,117
DE-BB,21-04-2020,RKI,6,6,0,1587427200000,12065,Oberhavel,216,7,209,211249,117
DE-BB,22-04-2020,RKI,11,11,0,1587513600000,12065,Oberhavel,227,7,220,211249,117
DE-BB,23-04-2020,RKI,2,2,0,1587600000000,12065,Oberhavel,229,7,222,211249,117
DE-BB,24-04-2020,RKI,0,0,0,1587686400000,12065,Oberhavel,229,7,222,211249,117
DE-BB,27-04-2020,RKI,1,1,0,1587945600000,12065,Oberhavel,230,7,223,211249,117
DE-BB,28-04-2020,RKI,2,2,0,1588032000000,12065,Oberhavel,232,7,225,211249,117
DE-BB,29-04-2020,RKI,5,5,0,1588118400000,12065,Oberhavel,237,7,230,211249,117
DE-BB,30-04-2020,RKI,0,0,0,1588204800000,12065,Oberhavel,237,7,230,211249,117
DE-BB,01-05-2020,RKI,0,0,0,1588291200000,12065,Oberhavel,237,7,230,211249,117
DE-BB,04-05-2020,RKI,2,2,0,1588550400000,12065,Oberhavel,239,7,232,211249,117
DE-BB,05-05-2020,RKI,3,3,0,1588636800000,12065,Oberhavel,242,7,235,211249,117
DE-BB,06-05-2020,RKI,3,3,0,1588723200000,12065,Oberhavel,245,7,238,211249,117
DE-BB,07-05-2020,RKI,0,0,0,1588809600000,12065,Oberhavel,245,7,238,211249,117
DE-BB,08-05-2020,RKI,2,2,0,1588896000000,12065,Oberhavel,247,7,240,211249,117
DE-BB,09-05-2020,RKI,0,0,0,1588982400000,12065,Oberhavel,247,7,240,211249,117
DE-BB,12-05-2020,RKI,1,1,0,1589241600000,12065,Oberhavel,248,7,241,211249,117
DE-BB,13-05-2020,RKI,1,0,1,1589328000000,12065,Oberhavel,249,8,241,211249,117
DE-BB,15-05-2020,RKI,1,1,0,1589500800000,12065,Oberhavel,250,8,242,211249,117
DE-BB,28-05-2020,RKI,2,0,1,1590624000000,12065,Oberhavel,252,9,242,211249,117
DE-BB,10-03-2020,RKI,0,0,0,1583798400000,12066,Oberspreewald-Lausitz,0,0,0,110476,90
DE-BB,16-03-2020,RKI,1,1,0,1584316800000,12066,Oberspreewald-Lausitz,1,0,1,110476,90
DE-BB,17-03-2020,RKI,0,0,0,1584403200000,12066,Oberspreewald-Lausitz,1,0,1,110476,90
DE-BB,19-03-2020,RKI,0,0,0,1584576000000,12066,Oberspreewald-Lausitz,1,0,1,110476,90
DE-BB,23-03-2020,RKI,4,4,0,1584921600000,12066,Oberspreewald-Lausitz,5,0,5,110476,90
DE-BB,24-03-2020,RKI,1,1,0,1585008000000,12066,Oberspreewald-Lausitz,6,0,6,110476,90
DE-BB,27-03-2020,RKI,0,0,0,1585267200000,12066,Oberspreewald-Lausitz,6,0,6,110476,90
DE-BB,28-03-2020,RKI,1,1,0,1585353600000,12066,Oberspreewald-Lausitz,7,0,7,110476,90
DE-BB,30-03-2020,RKI,1,1,0,1585526400000,12066,Oberspreewald-Lausitz,8,0,8,110476,90
DE-BB,31-03-2020,RKI,0,0,0,1585612800000,12066,Oberspreewald-Lausitz,8,0,8,110476,90
DE-BB,01-04-2020,RKI,2,2,0,1585699200000,12066,Oberspreewald-Lausitz,10,0,10,110476,90
DE-BB,02-04-2020,RKI,2,2,0,1585785600000,12066,Oberspreewald-Lausitz,12,0,12,110476,90
DE-BB,03-04-2020,RKI,2,2,0,1585872000000,12066,Oberspreewald-Lausitz,14,0,14,110476,90
DE-BB,06-04-2020,RKI,2,1,1,1586131200000,12066,Oberspreewald-Lausitz,16,1,15,110476,90
DE-BB,08-04-2020,RKI,1,1,0,1586304000000,12066,Oberspreewald-Lausitz,17,1,16,110476,90
DE-BB,09-04-2020,RKI,2,2,0,1586390400000,12066,Oberspreewald-Lausitz,19,1,18,110476,90
DE-BB,13-04-2020,RKI,0,0,0,1586736000000,12066,Oberspreewald-Lausitz,19,1,18,110476,90
DE-BB,14-04-2020,RKI,0,0,0,1586822400000,12066,Oberspreewald-Lausitz,19,1,18,110476,90
DE-BB,16-04-2020,RKI,0,0,0,1586995200000,12066,Oberspreewald-Lausitz,19,1,18,110476,90
DE-BB,17-04-2020,RKI,0,0,0,1587081600000,12066,Oberspreewald-Lausitz,19,1,18,110476,90
DE-BB,22-04-2020,RKI,1,1,0,1587513600000,12066,Oberspreewald-Lausitz,20,1,19,110476,90
DE-BB,30-04-2020,RKI,0,0,0,1588204800000,12066,Oberspreewald-Lausitz,20,1,19,110476,90
DE-BB,07-05-2020,RKI,1,1,0,1588809600000,12066,Oberspreewald-Lausitz,21,1,20,110476,90
DE-BB,11-05-2020,RKI,0,0,0,1589155200000,12066,Oberspreewald-Lausitz,21,1,20,110476,90
DE-BB,13-05-2020,RKI,2,1,0,1589328000000,12066,Oberspreewald-Lausitz,23,1,21,110476,90
DE-BB,28-05-2020,RKI,0,0,0,1590624000000,12066,Oberspreewald-Lausitz,23,1,21,110476,90
DE-BB,04-06-2020,RKI,0,0,0,1591228800000,12066,Oberspreewald-Lausitz,23,1,21,110476,90
DE-BB,11-03-2020,RKI,0,0,0,1583884800000,12067,Oder-Spree,0,0,0,178658,79
DE-BB,12-03-2020,RKI,0,0,0,1583971200000,12067,Oder-Spree,0,0,0,178658,79
DE-BB,13-03-2020,RKI,0,0,0,1584057600000,12067,Oder-Spree,0,0,0,178658,79
DE-BB,14-03-2020,RKI,1,1,0,1584144000000,12067,Oder-Spree,1,0,1,178658,79
DE-BB,15-03-2020,RKI,2,2,0,1584230400000,12067,Oder-Spree,3,0,3,178658,79
DE-BB,17-03-2020,RKI,2,2,0,1584403200000,12067,Oder-Spree,5,0,5,178658,79
DE-BB,18-03-2020,RKI,8,8,0,1584489600000,12067,Oder-Spree,13,0,13,178658,79
DE-BB,19-03-2020,RKI,9,9,0,1584576000000,12067,Oder-Spree,22,0,22,178658,79
DE-BB,20-03-2020,RKI,2,2,0,1584662400000,12067,Oder-Spree,24,0,24,178658,79
DE-BB,21-03-2020,RKI,4,4,0,1584748800000,12067,Oder-Spree,28,0,28,178658,79
DE-BB,22-03-2020,RKI,1,1,0,1584835200000,12067,Oder-Spree,29,0,29,178658,79
DE-BB,23-03-2020,RKI,1,1,0,1584921600000,12067,Oder-Spree,30,0,30,178658,79
DE-BB,24-03-2020,RKI,3,3,0,1585008000000,12067,Oder-Spree,33,0,33,178658,79
DE-BB,25-03-2020,RKI,1,1,0,1585094400000,12067,Oder-Spree,34,0,34,178658,79
DE-BB,26-03-2020,RKI,8,8,0,1585180800000,12067,Oder-Spree,42,0,42,178658,79
DE-BB,27-03-2020,RKI,4,4,0,1585267200000,12067,Oder-Spree,46,0,46,178658,79
DE-BB,28-03-2020,RKI,6,6,0,1585353600000,12067,Oder-Spree,52,0,52,178658,79
DE-BB,29-03-2020,RKI,1,1,0,1585440000000,12067,Oder-Spree,53,0,53,178658,79
DE-BB,30-03-2020,RKI,1,1,0,1585526400000,12067,Oder-Spree,54,0,54,178658,79
DE-BB,31-03-2020,RKI,1,1,0,1585612800000,12067,Oder-Spree,55,0,55,178658,79
DE-BB,01-04-2020,RKI,0,0,0,1585699200000,12067,Oder-Spree,55,0,55,178658,79
DE-BB,02-04-2020,RKI,0,0,0,1585785600000,12067,Oder-Spree,55,0,55,178658,79
DE-BB,03-04-2020,RKI,1,1,0,1585872000000,12067,Oder-Spree,56,0,56,178658,79
DE-BB,04-04-2020,RKI,0,0,0,1585958400000,12067,Oder-Spree,56,0,56,178658,79
DE-BB,07-04-2020,RKI,5,5,0,1586217600000,12067,Oder-Spree,61,0,61,178658,79
DE-BB,09-04-2020,RKI,3,3,0,1586390400000,12067,Oder-Spree,64,0,64,178658,79
DE-BB,11-04-2020,RKI,1,1,0,1586563200000,12067,Oder-Spree,65,0,65,178658,79
DE-BB,12-04-2020,RKI,1,1,0,1586649600000,12067,Oder-Spree,66,0,66,178658,79
DE-BB,14-04-2020,RKI,1,1,0,1586822400000,12067,Oder-Spree,67,0,67,178658,79
DE-BB,17-04-2020,RKI,2,2,0,1587081600000,12067,Oder-Spree,69,0,69,178658,79
DE-BB,18-04-2020,RKI,0,0,0,1587168000000,12067,Oder-Spree,69,0,69,178658,79
DE-BB,20-04-2020,RKI,3,2,1,1587340800000,12067,Oder-Spree,72,1,71,178658,79
DE-BB,21-04-2020,RKI,0,0,0,1587427200000,12067,Oder-Spree,72,1,71,178658,79
DE-BB,22-04-2020,RKI,0,0,0,1587513600000,12067,Oder-Spree,72,1,71,178658,79
DE-BB,23-04-2020,RKI,0,0,0,1587600000000,12067,Oder-Spree,72,1,71,178658,79
DE-BB,24-04-2020,RKI,3,3,0,1587686400000,12067,Oder-Spree,75,1,74,178658,79
DE-BB,25-04-2020,RKI,2,2,0,1587772800000,12067,Oder-Spree,77,1,76,178658,79
DE-BB,27-04-2020,RKI,0,0,0,1587945600000,12067,Oder-Spree,77,1,76,178658,79
DE-BB,29-04-2020,RKI,2,2,0,1588118400000,12067,Oder-Spree,79,1,78,178658,79
DE-BB,30-04-2020,RKI,0,0,0,1588204800000,12067,Oder-Spree,79,1,78,178658,79
DE-BB,01-05-2020,RKI,1,1,0,1588291200000,12067,Oder-Spree,80,1,79,178658,79
DE-BB,02-05-2020,RKI,1,1,0,1588377600000,12067,Oder-Spree,81,1,80,178658,79
DE-BB,06-05-2020,RKI,0,0,0,1588723200000,12067,Oder-Spree,81,1,80,178658,79
DE-BB,13-05-2020,RKI,0,0,0,1589328000000,12067,Oder-Spree,81,1,80,178658,79
DE-BB,14-05-2020,RKI,0,0,0,1589414400000,12067,Oder-Spree,81,1,80,178658,79
DE-BB,26-05-2020,RKI,0,0,0,1590451200000,12067,Oder-Spree,81,1,80,178658,79
DE-BB,27-05-2020,RKI,0,0,0,1590537600000,12067,Oder-Spree,81,1,80,178658,79
DE-BB,02-06-2020,RKI,0,0,0,1591056000000,12067,Oder-Spree,81,1,80,178658,79
DE-BB,19-03-2020,RKI,0,0,0,1584576000000,12068,Ostprignitz-Ruppin,4,0,4,99078,39
DE-BB,25-03-2020,RKI,1,1,0,1585094400000,12068,Ostprignitz-Ruppin,5,0,5,99078,39
DE-BB,26-03-2020,RKI,0,0,0,1585180800000,12068,Ostprignitz-Ruppin,5,0,5,99078,39
DE-BB,27-03-2020,RKI,1,1,0,1585267200000,12068,Ostprignitz-Ruppin,6,0,6,99078,39
DE-BB,28-03-2020,RKI,0,0,0,1585353600000,12068,Ostprignitz-Ruppin,6,0,6,99078,39
DE-BB,30-03-2020,RKI,1,1,0,1585526400000,12068,Ostprignitz-Ruppin,7,0,7,99078,39
DE-BB,31-03-2020,RKI,3,3,0,1585612800000,12068,Ostprignitz-Ruppin,10,0,10,99078,39
DE-BB,01-04-2020,RKI,0,0,0,1585699200000,12068,Ostprignitz-Ruppin,10,0,10,99078,39
DE-BB,02-04-2020,RKI,1,1,0,1585785600000,12068,Ostprignitz-Ruppin,11,0,11,99078,39
DE-BB,03-04-2020,RKI,3,3,0,1585872000000,12068,Ostprignitz-Ruppin,14,0,14,99078,39
DE-BB,04-04-2020,RKI,0,0,0,1585958400000,12068,Ostprignitz-Ruppin,14,0,14,99078,39
DE-BB,06-04-2020,RKI,0,0,0,1586131200000,12068,Ostprignitz-Ruppin,14,0,14,99078,39
DE-BB,07-04-2020,RKI,0,0,0,1586217600000,12068,Ostprignitz-Ruppin,14,0,14,99078,39
DE-BB,08-04-2020,RKI,0,0,0,1586304000000,12068,Ostprignitz-Ruppin,14,0,14,99078,39
DE-BB,09-04-2020,RKI,6,6,0,1586390400000,12068,Ostprignitz-Ruppin,20,0,20,99078,39
DE-BB,10-04-2020,RKI,0,0,0,1586476800000,12068,Ostprignitz-Ruppin,20,0,20,99078,39
DE-BB,18-04-2020,RKI,0,0,0,1587168000000,12068,Ostprignitz-Ruppin,20,0,20,99078,39
DE-BB,21-04-2020,RKI,8,8,0,1587427200000,12068,Ostprignitz-Ruppin,28,0,28,99078,39
DE-BB,22-04-2020,RKI,1,1,0,1587513600000,12068,Ostprignitz-Ruppin,29,0,29,99078,39
DE-BB,23-04-2020,RKI,3,3,0,1587600000000,12068,Ostprignitz-Ruppin,32,0,32,99078,39
DE-BB,24-04-2020,RKI,0,0,0,1587686400000,12068,Ostprignitz-Ruppin,32,0,32,99078,39
DE-BB,28-04-2020,RKI,5,5,0,1588032000000,12068,Ostprignitz-Ruppin,37,0,37,99078,39
DE-BB,29-04-2020,RKI,3,3,0,1588118400000,12068,Ostprignitz-Ruppin,40,0,40,99078,39
DE-BB,30-04-2020,RKI,0,0,0,1588204800000,12068,Ostprignitz-Ruppin,40,0,40,99078,39
DE-BB,02-05-2020,RKI,0,0,0,1588377600000,12068,Ostprignitz-Ruppin,40,0,40,99078,39
DE-BB,08-05-2020,RKI,4,4,0,1588896000000,12068,Ostprignitz-Ruppin,44,0,44,99078,39
DE-BB,14-05-2020,RKI,5,5,0,1589414400000,12068,Ostprignitz-Ruppin,49,0,49,99078,39
DE-BB,18-05-2020,RKI,0,0,0,1589760000000,12068,Ostprignitz-Ruppin,49,0,49,99078,39
DE-BB,19-05-2020,RKI,0,0,0,1589846400000,12068,Ostprignitz-Ruppin,49,0,49,99078,39
DE-BB,13-03-2020,RKI,0,0,0,1584057600000,12069,Potsdam-Mittelmark,3,0,3,214664,83
DE-BB,15-03-2020,RKI,1,1,0,1584230400000,12069,Potsdam-Mittelmark,4,0,4,214664,83
DE-BB,17-03-2020,RKI,2,2,0,1584403200000,12069,Potsdam-Mittelmark,6,0,6,214664,83
DE-BB,18-03-2020,RKI,4,4,0,1584489600000,12069,Potsdam-Mittelmark,10,0,10,214664,83
DE-BB,19-03-2020,RKI,2,2,0,1584576000000,12069,Potsdam-Mittelmark,12,0,12,214664,83
DE-BB,20-03-2020,RKI,4,4,0,1584662400000,12069,Potsdam-Mittelmark,16,0,16,214664,83
DE-BB,21-03-2020,RKI,4,4,0,1584748800000,12069,Potsdam-Mittelmark,20,0,20,214664,83
DE-BB,22-03-2020,RKI,2,2,0,1584835200000,12069,Potsdam-Mittelmark,22,0,22,214664,83
DE-BB,23-03-2020,RKI,9,9,0,1584921600000,12069,Potsdam-Mittelmark,31,0,31,214664,83
DE-BB,24-03-2020,RKI,2,2,0,1585008000000,12069,Potsdam-Mittelmark,33,0,33,214664,83
DE-BB,25-03-2020,RKI,16,16,0,1585094400000,12069,Potsdam-Mittelmark,49,0,49,214664,83
DE-BB,26-03-2020,RKI,8,8,0,1585180800000,12069,Potsdam-Mittelmark,57,0,57,214664,83
DE-BB,27-03-2020,RKI,4,4,0,1585267200000,12069,Potsdam-Mittelmark,61,0,61,214664,83
DE-BB,28-03-2020,RKI,1,1,0,1585353600000,12069,Potsdam-Mittelmark,62,0,62,214664,83
DE-BB,29-03-2020,RKI,1,1,0,1585440000000,12069,Potsdam-Mittelmark,63,0,63,214664,83
DE-BB,30-03-2020,RKI,13,12,1,1585526400000,12069,Potsdam-Mittelmark,76,1,75,214664,83
DE-BB,31-03-2020,RKI,24,20,4,1585612800000,12069,Potsdam-Mittelmark,100,5,95,214664,83
DE-BB,01-04-2020,RKI,12,11,1,1585699200000,12069,Potsdam-Mittelmark,112,6,106,214664,83
DE-BB,02-04-2020,RKI,39,35,4,1585785600000,12069,Potsdam-Mittelmark,151,10,141,214664,83
DE-BB,03-04-2020,RKI,29,27,2,1585872000000,12069,Potsdam-Mittelmark,180,12,168,214664,83
DE-BB,04-04-2020,RKI,3,3,0,1585958400000,12069,Potsdam-Mittelmark,183,12,171,214664,83
DE-BB,05-04-2020,RKI,5,5,0,1586044800000,12069,Potsdam-Mittelmark,188,12,176,214664,83
DE-BB,06-04-2020,RKI,11,9,2,1586131200000,12069,Potsdam-Mittelmark,199,14,185,214664,83
DE-BB,07-04-2020,RKI,8,8,0,1586217600000,12069,Potsdam-Mittelmark,207,14,193,214664,83
DE-BB,08-04-2020,RKI,6,6,0,1586304000000,12069,Potsdam-Mittelmark,213,14,199,214664,83
DE-BB,09-04-2020,RKI,9,9,0,1586390400000,12069,Potsdam-Mittelmark,222,14,208,214664,83
DE-BB,11-04-2020,RKI,1,1,0,1586563200000,12069,Potsdam-Mittelmark,223,14,209,214664,83
DE-BB,12-04-2020,RKI,3,3,0,1586649600000,12069,Potsdam-Mittelmark,226,14,212,214664,83
DE-BB,14-04-2020,RKI,17,17,0,1586822400000,12069,Potsdam-Mittelmark,243,14,229,214664,83
DE-BB,15-04-2020,RKI,16,14,2,1586908800000,12069,Potsdam-Mittelmark,259,16,243,214664,83
DE-BB,16-04-2020,RKI,9,7,2,1586995200000,12069,Potsdam-Mittelmark,268,18,250,214664,83
DE-BB,17-04-2020,RKI,9,9,0,1587081600000,12069,Potsdam-Mittelmark,277,18,259,214664,83
DE-BB,18-04-2020,RKI,2,1,1,1587168000000,12069,Potsdam-Mittelmark,279,19,260,214664,83
DE-BB,19-04-2020,RKI,9,8,1,1587254400000,12069,Potsdam-Mittelmark,288,20,268,214664,83
DE-BB,20-04-2020,RKI,19,16,3,1587340800000,12069,Potsdam-Mittelmark,307,23,284,214664,83
DE-BB,21-04-2020,RKI,8,7,1,1587427200000,12069,Potsdam-Mittelmark,315,24,291,214664,83
DE-BB,22-04-2020,RKI,7,6,1,1587513600000,12069,Potsdam-Mittelmark,322,25,297,214664,83
DE-BB,23-04-2020,RKI,10,9,1,1587600000000,12069,Potsdam-Mittelmark,332,26,306,214664,83
DE-BB,24-04-2020,RKI,34,32,1,1587686400000,12069,Potsdam-Mittelmark,366,27,338,214664,83
DE-BB,25-04-2020,RKI,8,7,1,1587772800000,12069,Potsdam-Mittelmark,374,28,345,214664,83
DE-BB,27-04-2020,RKI,7,6,1,1587945600000,12069,Potsdam-Mittelmark,381,29,351,214664,83
DE-BB,28-04-2020,RKI,11,10,1,1588032000000,12069,Potsdam-Mittelmark,392,30,361,214664,83
DE-BB,29-04-2020,RKI,6,6,0,1588118400000,12069,Potsdam-Mittelmark,398,30,367,214664,83
DE-BB,30-04-2020,RKI,9,8,1,1588204800000,12069,Potsdam-Mittelmark,407,31,375,214664,83
DE-BB,01-05-2020,RKI,1,1,0,1588291200000,12069,Potsdam-Mittelmark,408,31,376,214664,83
DE-BB,02-05-2020,RKI,2,2,0,1588377600000,12069,Potsdam-Mittelmark,410,31,378,214664,83
DE-BB,03-05-2020,RKI,0,0,0,1588464000000,12069,Potsdam-Mittelmark,410,31,378,214664,83
DE-BB,04-05-2020,RKI,7,6,1,1588550400000,12069,Potsdam-Mittelmark,417,32,384,214664,83
DE-BB,05-05-2020,RKI,7,7,0,1588636800000,12069,Potsdam-Mittelmark,424,32,391,214664,83
DE-BB,06-05-2020,RKI,4,4,0,1588723200000,12069,Potsdam-Mittelmark,428,32,395,214664,83
DE-BB,08-05-2020,RKI,1,1,0,1588896000000,12069,Potsdam-Mittelmark,429,32,396,214664,83
DE-BB,09-05-2020,RKI,0,0,0,1588982400000,12069,Potsdam-Mittelmark,429,32,396,214664,83
DE-BB,10-05-2020,RKI,0,0,0,1589068800000,12069,Potsdam-Mittelmark,429,32,396,214664,83
DE-BB,11-05-2020,RKI,5,3,0,1589155200000,12069,Potsdam-Mittelmark,434,32,399,214664,83
DE-BB,12-05-2020,RKI,1,1,0,1589241600000,12069,Potsdam-Mittelmark,435,32,400,214664,83
DE-BB,13-05-2020,RKI,1,1,0,1589328000000,12069,Potsdam-Mittelmark,436,32,401,214664,83
DE-BB,14-05-2020,RKI,1,0,0,1589414400000,12069,Potsdam-Mittelmark,437,32,401,214664,83
DE-BB,15-05-2020,RKI,1,1,0,1589500800000,12069,Potsdam-Mittelmark,438,32,402,214664,83
DE-BB,16-05-2020,RKI,11,9,0,1589587200000,12069,Potsdam-Mittelmark,449,32,411,214664,83
DE-BB,17-05-2020,RKI,0,0,0,1589673600000,12069,Potsdam-Mittelmark,449,32,411,214664,83
DE-BB,18-05-2020,RKI,1,1,0,1589760000000,12069,Potsdam-Mittelmark,450,32,412,214664,83
DE-BB,20-05-2020,RKI,7,6,0,1589932800000,12069,Potsdam-Mittelmark,457,32,418,214664,83
DE-BB,21-05-2020,RKI,1,1,0,1590019200000,12069,Potsdam-Mittelmark,458,32,419,214664,83
DE-BB,22-05-2020,RKI,0,0,0,1590105600000,12069,Potsdam-Mittelmark,458,32,419,214664,83
DE-BB,23-05-2020,RKI,3,2,0,1590192000000,12069,Potsdam-Mittelmark,461,32,421,214664,83
DE-BB,25-05-2020,RKI,2,0,0,1590364800000,12069,Potsdam-Mittelmark,463,32,421,214664,83
DE-BB,26-05-2020,RKI,2,2,0,1590451200000,12069,Potsdam-Mittelmark,465,32,423,214664,83
DE-BB,27-05-2020,RKI,2,0,0,1590537600000,12069,Potsdam-Mittelmark,467,32,423,214664,83
DE-BB,28-05-2020,RKI,1,0,0,1590624000000,12069,Potsdam-Mittelmark,468,32,423,214664,83
DE-BB,29-05-2020,RKI,3,0,0,1590710400000,12069,Potsdam-Mittelmark,471,32,423,214664,83
DE-BB,24-03-2020,RKI,3,3,0,1585008000000,12070,Prignitz,3,0,3,76508,36
DE-BB,25-03-2020,RKI,0,0,0,1585094400000,12070,Prignitz,3,0,3,76508,36
DE-BB,26-03-2020,RKI,2,2,0,1585180800000,12070,Prignitz,5,0,5,76508,36
DE-BB,03-04-2020,RKI,2,2,0,1585872000000,12070,Prignitz,7,0,7,76508,36
DE-BB,04-04-2020,RKI,1,1,0,1585958400000,12070,Prignitz,8,0,8,76508,36
DE-BB,06-04-2020,RKI,1,1,0,1586131200000,12070,Prignitz,9,0,9,76508,36
DE-BB,07-04-2020,RKI,0,0,0,1586217600000,12070,Prignitz,9,0,9,76508,36
DE-BB,08-04-2020,RKI,0,0,0,1586304000000,12070,Prignitz,9,0,9,76508,36
DE-BB,09-04-2020,RKI,1,1,0,1586390400000,12070,Prignitz,10,0,10,76508,36
DE-BB,14-04-2020,RKI,2,2,0,1586822400000,12070,Prignitz,12,0,12,76508,36
DE-BB,02-05-2020,RKI,0,0,0,1588377600000,12070,Prignitz,12,0,12,76508,36
DE-BB,12-05-2020,RKI,0,0,0,1589241600000,12070,Prignitz,12,0,12,76508,36
DE-BB,09-03-2020,RKI,0,0,0,1583712000000,12071,Spree-Neiße,0,0,0,114429,69
DE-BB,11-03-2020,RKI,0,0,0,1583884800000,12071,Spree-Neiße,0,0,0,114429,69
DE-BB,12-03-2020,RKI,1,1,0,1583971200000,12071,Spree-Neiße,1,0,1,114429,69
DE-BB,13-03-2020,RKI,2,2,0,1584057600000,12071,Spree-Neiße,3,0,3,114429,69
DE-BB,14-03-2020,RKI,1,1,0,1584144000000,12071,Spree-Neiße,4,0,4,114429,69
DE-BB,16-03-2020,RKI,1,1,0,1584316800000,12071,Spree-Neiße,5,0,5,114429,69
DE-BB,17-03-2020,RKI,6,6,0,1584403200000,12071,Spree-Neiße,11,0,11,114429,69
DE-BB,18-03-2020,RKI,0,0,0,1584489600000,12071,Spree-Neiße,11,0,11,114429,69
DE-BB,19-03-2020,RKI,1,1,0,1584576000000,12071,Spree-Neiße,12,0,12,114429,69
DE-BB,20-03-2020,RKI,0,0,0,1584662400000,12071,Spree-Neiße,12,0,12,114429,69
DE-BB,23-03-2020,RKI,5,5,0,1584921600000,12071,Spree-Neiße,17,0,17,114429,69
DE-BB,25-03-2020,RKI,5,5,0,1585094400000,12071,Spree-Neiße,22,0,22,114429,69
DE-BB,26-03-2020,RKI,2,2,0,1585180800000,12071,Spree-Neiße,24,0,24,114429,69
DE-BB,27-03-2020,RKI,2,2,0,1585267200000,12071,Spree-Neiße,26,0,26,114429,69
DE-BB,28-03-2020,RKI,1,1,0,1585353600000,12071,Spree-Neiße,27,0,27,114429,69
DE-BB,30-03-2020,RKI,1,1,0,1585526400000,12071,Spree-Neiße,28,0,28,114429,69
DE-BB,31-03-2020,RKI,0,0,0,1585612800000,12071,Spree-Neiße,28,0,28,114429,69
DE-BB,01-04-2020,RKI,0,0,0,1585699200000,12071,Spree-Neiße,28,0,28,114429,69
DE-BB,02-04-2020,RKI,0,0,0,1585785600000,12071,Spree-Neiße,28,0,28,114429,69
DE-BB,03-04-2020,RKI,0,0,0,1585872000000,12071,Spree-Neiße,28,0,28,114429,69
DE-BB,06-04-2020,RKI,1,1,0,1586131200000,12071,Spree-Neiße,29,0,29,114429,69
DE-BB,14-04-2020,RKI,0,0,0,1586822400000,12071,Spree-Neiße,29,0,29,114429,69
DE-BB,18-04-2020,RKI,0,0,0,1587168000000,12071,Spree-Neiße,29,0,29,114429,69
DE-BB,20-04-2020,RKI,0,0,0,1587340800000,12071,Spree-Neiße,29,0,29,114429,69
DE-BB,24-04-2020,RKI,2,2,0,1587686400000,12071,Spree-Neiße,31,0,31,114429,69
DE-BB,26-04-2020,RKI,0,0,0,1587859200000,12071,Spree-Neiße,31,0,31,114429,69
DE-BB,27-04-2020,RKI,4,4,0,1587945600000,12071,Spree-Neiße,35,0,35,114429,69
DE-BB,30-05-2020,RKI,0,0,0,1590796800000,12071,Spree-Neiße,35,0,35,114429,69
DE-BB,13-03-2020,RKI,0,0,0,1584057600000,12072,Teltow-Fläming,0,0,0,168296,80
DE-BB,14-03-2020,RKI,3,3,0,1584144000000,12072,Teltow-Fläming,3,0,3,168296,80
DE-BB,17-03-2020,RKI,3,3,0,1584403200000,12072,Teltow-Fläming,6,0,6,168296,80
DE-BB,18-03-2020,RKI,0,0,0,1584489600000,12072,Teltow-Fläming,6,0,6,168296,80
DE-BB,19-03-2020,RKI,0,0,0,1584576000000,12072,Teltow-Fläming,6,0,6,168296,80
DE-BB,20-03-2020,RKI,3,3,0,1584662400000,12072,Teltow-Fläming,9,0,9,168296,80
DE-BB,21-03-2020,RKI,2,2,0,1584748800000,12072,Teltow-Fläming,11,0,11,168296,80
DE-BB,22-03-2020,RKI,1,1,0,1584835200000,12072,Teltow-Fläming,12,0,12,168296,80
DE-BB,25-03-2020,RKI,13,13,0,1585094400000,12072,Teltow-Fläming,25,0,25,168296,80
DE-BB,26-03-2020,RKI,0,0,0,1585180800000,12072,Teltow-Fläming,25,0,25,168296,80
DE-BB,27-03-2020,RKI,4,4,0,1585267200000,12072,Teltow-Fläming,29,0,29,168296,80
DE-BB,28-03-2020,RKI,0,0,0,1585353600000,12072,Teltow-Fläming,29,0,29,168296,80
DE-BB,30-03-2020,RKI,6,4,2,1585526400000,12072,Teltow-Fläming,35,2,33,168296,80
DE-BB,31-03-2020,RKI,4,4,0,1585612800000,12072,Teltow-Fläming,39,2,37,168296,80
DE-BB,01-04-2020,RKI,1,1,0,1585699200000,12072,Teltow-Fläming,40,2,38,168296,80
DE-BB,02-04-2020,RKI,5,4,1,1585785600000,12072,Teltow-Fläming,45,3,42,168296,80
DE-BB,03-04-2020,RKI,2,1,1,1585872000000,12072,Teltow-Fläming,47,4,43,168296,80
DE-BB,04-04-2020,RKI,2,1,1,1585958400000,12072,Teltow-Fläming,49,5,44,168296,80
DE-BB,06-04-2020,RKI,1,1,0,1586131200000,12072,Teltow-Fläming,50,5,45,168296,80
DE-BB,07-04-2020,RKI,10,8,2,1586217600000,12072,Teltow-Fläming,60,7,53,168296,80
DE-BB,08-04-2020,RKI,4,3,1,1586304000000,12072,Teltow-Fläming,64,8,56,168296,80
DE-BB,09-04-2020,RKI,1,1,0,1586390400000,12072,Teltow-Fläming,65,8,57,168296,80
DE-BB,10-04-2020,RKI,0,0,0,1586476800000,12072,Teltow-Fläming,65,8,57,168296,80
DE-BB,11-04-2020,RKI,0,0,0,1586563200000,12072,Teltow-Fläming,65,8,57,168296,80
DE-BB,14-04-2020,RKI,4,4,0,1586822400000,12072,Teltow-Fläming,69,8,61,168296,80
DE-BB,15-04-2020,RKI,1,1,0,1586908800000,12072,Teltow-Fläming,70,8,62,168296,80
DE-BB,16-04-2020,RKI,2,2,0,1586995200000,12072,Teltow-Fläming,72,8,64,168296,80
DE-BB,17-04-2020,RKI,1,1,0,1587081600000,12072,Teltow-Fläming,73,8,65,168296,80
DE-BB,18-04-2020,RKI,2,1,1,1587168000000,12072,Teltow-Fläming,75,9,66,168296,80
DE-BB,19-04-2020,RKI,2,2,0,1587254400000,12072,Teltow-Fläming,77,9,68,168296,80
DE-BB,20-04-2020,RKI,0,0,0,1587340800000,12072,Teltow-Fläming,77,9,68,168296,80
DE-BB,21-04-2020,RKI,4,4,0,1587427200000,12072,Teltow-Fläming,81,9,72,168296,80
DE-BB,22-04-2020,RKI,2,2,0,1587513600000,12072,Teltow-Fläming,83,9,74,168296,80
DE-BB,23-04-2020,RKI,1,1,0,1587600000000,12072,Teltow-Fläming,84,9,75,168296,80
DE-BB,24-04-2020,RKI,1,1,0,1587686400000,12072,Teltow-Fläming,85,9,76,168296,80
DE-BB,27-04-2020,RKI,1,-1,1,1587945600000,12072,Teltow-Fläming,86,10,75,168296,80
DE-BB,28-04-2020,RKI,1,1,0,1588032000000,12072,Teltow-Fläming,87,10,76,168296,80
DE-BB,29-04-2020,RKI,2,2,0,1588118400000,12072,Teltow-Fläming,89,10,78,168296,80
DE-BB,02-05-2020,RKI,0,0,0,1588377600000,12072,Teltow-Fläming,89,10,78,168296,80
DE-BB,03-05-2020,RKI,1,1,0,1588464000000,12072,Teltow-Fläming,90,10,79,168296,80
DE-BB,04-05-2020,RKI,1,1,0,1588550400000,12072,Teltow-Fläming,91,10,80,168296,80
DE-BB,06-05-2020,RKI,3,3,0,1588723200000,12072,Teltow-Fläming,94,10,83,168296,80
DE-BB,08-05-2020,RKI,4,4,0,1588896000000,12072,Teltow-Fläming,98,10,87,168296,80
DE-BB,14-05-2020,RKI,0,0,0,1589414400000,12072,Teltow-Fläming,98,10,87,168296,80
DE-BB,20-05-2020,RKI,0,0,0,1589932800000,12072,Teltow-Fläming,98,10,87,168296,80
DE-BB,18-03-2020,RKI,2,2,0,1584489600000,12073,Uckermark,2,0,2,119552,39
DE-BB,24-03-2020,RKI,0,0,0,1585008000000,12073,Uckermark,2,0,2,119552,39
DE-BB,26-03-2020,RKI,2,2,0,1585180800000,12073,Uckermark,4,0,4,119552,39
DE-BB,27-03-2020,RKI,0,0,0,1585267200000,12073,Uckermark,4,0,4,119552,39
DE-BB,28-03-2020,RKI,0,0,0,1585353600000,12073,Uckermark,4,0,4,119552,39
DE-BB,30-03-2020,RKI,7,6,1,1585526400000,12073,Uckermark,11,1,10,119552,39
DE-BB,01-04-2020,RKI,2,2,0,1585699200000,12073,Uckermark,13,1,12,119552,39
DE-BB,02-04-2020,RKI,0,0,0,1585785600000,12073,Uckermark,13,1,12,119552,39
DE-BB,06-04-2020,RKI,0,0,0,1586131200000,12073,Uckermark,13,1,12,119552,39
DE-BB,07-04-2020,RKI,0,0,0,1586217600000,12073,Uckermark,13,1,12,119552,39
DE-BB,10-04-2020,RKI,2,2,0,1586476800000,12073,Uckermark,15,1,14,119552,39
DE-BB,11-04-2020,RKI,0,0,0,1586563200000,12073,Uckermark,15,1,14,119552,39
DE-BB,12-04-2020,RKI,0,0,0,1586649600000,12073,Uckermark,15,1,14,119552,39
DE-BB,17-04-2020,RKI,1,1,0,1587081600000,12073,Uckermark,16,1,15,119552,39
DE-BB,18-04-2020,RKI,0,0,0,1587168000000,12073,Uckermark,16,1,15,119552,39
DE-BB,20-04-2020,RKI,0,0,0,1587340800000,12073,Uckermark,16,1,15,119552,39
DE-BB,21-04-2020,RKI,1,1,0,1587427200000,12073,Uckermark,17,1,16,119552,39
DE-BB,30-04-2020,RKI,0,0,0,1588204800000,12073,Uckermark,17,1,16,119552,39
DE-BB,27-05-2020,RKI,0,0,0,1590537600000,12073,Uckermark,17,1,16,119552,39
DE-HB,02-03-2020,RKI,0,0,0,1583107200000,04011,Bremen,0,0,0,569352,1749
DE-HB,03-03-2020,RKI,1,1,0,1583193600000,04011,Bremen,1,0,1,569352,1749
DE-HB,09-03-2020,RKI,5,5,0,1583712000000,04011,Bremen,6,0,6,569352,1749
DE-HB,10-03-2020,RKI,10,10,0,1583798400000,04011,Bremen,16,0,16,569352,1749
DE-HB,11-03-2020,RKI,10,10,0,1583884800000,04011,Bremen,26,0,26,569352,1749
DE-HB,12-03-2020,RKI,5,5,0,1583971200000,04011,Bremen,31,0,31,569352,1749
DE-HB,13-03-2020,RKI,3,3,0,1584057600000,04011,Bremen,34,0,34,569352,1749
DE-HB,14-03-2020,RKI,1,1,0,1584144000000,04011,Bremen,35,0,35,569352,1749
DE-HB,15-03-2020,RKI,2,2,0,1584230400000,04011,Bremen,37,0,37,569352,1749
DE-HB,16-03-2020,RKI,0,0,0,1584316800000,04011,Bremen,37,0,37,569352,1749
DE-HB,17-03-2020,RKI,7,6,1,1584403200000,04011,Bremen,44,1,43,569352,1749
DE-HB,18-03-2020,RKI,8,8,0,1584489600000,04011,Bremen,52,1,51,569352,1749
DE-HB,19-03-2020,RKI,35,35,0,1584576000000,04011,Bremen,87,1,86,569352,1749
DE-HB,20-03-2020,RKI,23,23,0,1584662400000,04011,Bremen,110,1,109,569352,1749
DE-HB,21-03-2020,RKI,21,21,0,1584748800000,04011,Bremen,131,1,130,569352,1749
DE-HB,22-03-2020,RKI,3,3,0,1584835200000,04011,Bremen,134,1,133,569352,1749
DE-HB,23-03-2020,RKI,11,11,0,1584921600000,04011,Bremen,145,1,144,569352,1749
DE-HB,24-03-2020,RKI,18,17,1,1585008000000,04011,Bremen,163,2,161,569352,1749
DE-HB,25-03-2020,RKI,8,8,0,1585094400000,04011,Bremen,171,2,169,569352,1749
DE-HB,26-03-2020,RKI,30,28,2,1585180800000,04011,Bremen,201,4,197,569352,1749
DE-HB,27-03-2020,RKI,19,18,1,1585267200000,04011,Bremen,220,5,215,569352,1749
DE-HB,28-03-2020,RKI,21,21,0,1585353600000,04011,Bremen,241,5,236,569352,1749
DE-HB,29-03-2020,RKI,0,0,0,1585440000000,04011,Bremen,241,5,236,569352,1749
DE-HB,30-03-2020,RKI,6,4,2,1585526400000,04011,Bremen,247,7,240,569352,1749
DE-HB,31-03-2020,RKI,14,13,1,1585612800000,04011,Bremen,261,8,253,569352,1749
DE-HB,01-04-2020,RKI,15,14,1,1585699200000,04011,Bremen,276,9,267,569352,1749
DE-HB,02-04-2020,RKI,10,9,1,1585785600000,04011,Bremen,286,10,276,569352,1749
DE-HB,03-04-2020,RKI,31,26,5,1585872000000,04011,Bremen,317,15,302,569352,1749
DE-HB,04-04-2020,RKI,12,11,1,1585958400000,04011,Bremen,329,16,313,569352,1749
DE-HB,05-04-2020,RKI,2,2,0,1586044800000,04011,Bremen,331,16,315,569352,1749
DE-HB,06-04-2020,RKI,4,4,0,1586131200000,04011,Bremen,335,16,319,569352,1749
DE-HB,07-04-2020,RKI,34,32,2,1586217600000,04011,Bremen,369,18,351,569352,1749
DE-HB,08-04-2020,RKI,5,5,0,1586304000000,04011,Bremen,374,18,356,569352,1749
DE-HB,09-04-2020,RKI,17,15,2,1586390400000,04011,Bremen,391,20,371,569352,1749
DE-HB,10-04-2020,RKI,8,7,1,1586476800000,04011,Bremen,399,21,378,569352,1749
DE-HB,11-04-2020,RKI,12,10,2,1586563200000,04011,Bremen,411,23,388,569352,1749
DE-HB,12-04-2020,RKI,2,2,0,1586649600000,04011,Bremen,413,23,390,569352,1749
DE-HB,13-04-2020,RKI,5,2,3,1586736000000,04011,Bremen,418,26,392,569352,1749
DE-HB,14-04-2020,RKI,5,5,0,1586822400000,04011,Bremen,423,26,397,569352,1749
DE-HB,15-04-2020,RKI,14,13,1,1586908800000,04011,Bremen,437,27,410,569352,1749
DE-HB,16-04-2020,RKI,42,42,0,1586995200000,04011,Bremen,479,27,452,569352,1749
DE-HB,17-04-2020,RKI,11,10,1,1587081600000,04011,Bremen,490,28,462,569352,1749
DE-HB,18-04-2020,RKI,15,15,0,1587168000000,04011,Bremen,505,28,477,569352,1749
DE-HB,19-04-2020,RKI,11,11,0,1587254400000,04011,Bremen,516,28,488,569352,1749
DE-HB,20-04-2020,RKI,5,5,0,1587340800000,04011,Bremen,521,28,493,569352,1749
DE-HB,21-04-2020,RKI,15,12,3,1587427200000,04011,Bremen,536,31,505,569352,1749
DE-HB,22-04-2020,RKI,100,100,0,1587513600000,04011,Bremen,636,31,605,569352,1749
DE-HB,23-04-2020,RKI,14,14,0,1587600000000,04011,Bremen,650,31,619,569352,1749
DE-HB,24-04-2020,RKI,10,10,0,1587686400000,04011,Bremen,660,31,629,569352,1749
DE-HB,25-04-2020,RKI,12,12,0,1587772800000,04011,Bremen,672,31,641,569352,1749
DE-HB,26-04-2020,RKI,13,13,0,1587859200000,04011,Bremen,685,31,654,569352,1749
DE-HB,27-04-2020,RKI,6,6,0,1587945600000,04011,Bremen,691,31,660,569352,1749
DE-HB,28-04-2020,RKI,34,32,2,1588032000000,04011,Bremen,725,33,692,569352,1749
DE-HB,29-04-2020,RKI,37,37,0,1588118400000,04011,Bremen,762,33,729,569352,1749
DE-HB,30-04-2020,RKI,18,18,0,1588204800000,04011,Bremen,780,33,747,569352,1749
DE-HB,01-05-2020,RKI,10,10,0,1588291200000,04011,Bremen,790,33,757,569352,1749
DE-HB,02-05-2020,RKI,2,2,0,1588377600000,04011,Bremen,792,33,759,569352,1749
DE-HB,03-05-2020,RKI,15,15,0,1588464000000,04011,Bremen,807,33,774,569352,1749
DE-HB,04-05-2020,RKI,15,15,0,1588550400000,04011,Bremen,822,33,789,569352,1749
DE-HB,05-05-2020,RKI,2,2,0,1588636800000,04011,Bremen,824,33,791,569352,1749
DE-HB,06-05-2020,RKI,44,44,0,1588723200000,04011,Bremen,868,33,835,569352,1749
DE-HB,07-05-2020,RKI,26,25,1,1588809600000,04011,Bremen,894,34,860,569352,1749
DE-HB,08-05-2020,RKI,21,21,0,1588896000000,04011,Bremen,915,34,881,569352,1749
DE-HB,09-05-2020,RKI,14,13,1,1588982400000,04011,Bremen,929,35,894,569352,1749
DE-HB,10-05-2020,RKI,9,7,1,1589068800000,04011,Bremen,938,36,901,569352,1749
DE-HB,11-05-2020,RKI,2,2,0,1589155200000,04011,Bremen,940,36,903,569352,1749
DE-HB,12-05-2020,RKI,18,17,0,1589241600000,04011,Bremen,958,36,920,569352,1749
DE-HB,13-05-2020,RKI,28,26,1,1589328000000,04011,Bremen,986,37,946,569352,1749
DE-HB,14-05-2020,RKI,21,16,0,1589414400000,04011,Bremen,1007,37,962,569352,1749
DE-HB,15-05-2020,RKI,20,18,0,1589500800000,04011,Bremen,1027,37,980,569352,1749
DE-HB,16-05-2020,RKI,18,15,1,1589587200000,04011,Bremen,1045,38,995,569352,1749
DE-HB,17-05-2020,RKI,9,9,0,1589673600000,04011,Bremen,1054,38,1004,569352,1749
DE-HB,18-05-2020,RKI,10,9,0,1589760000000,04011,Bremen,1064,38,1013,569352,1749
DE-HB,19-05-2020,RKI,17,11,1,1589846400000,04011,Bremen,1081,39,1024,569352,1749
DE-HB,20-05-2020,RKI,15,15,0,1589932800000,04011,Bremen,1096,39,1039,569352,1749
DE-HB,21-05-2020,RKI,15,15,0,1590019200000,04011,Bremen,1111,39,1054,569352,1749
DE-HB,22-05-2020,RKI,3,2,0,1590105600000,04011,Bremen,1114,39,1056,569352,1749
DE-HB,23-05-2020,RKI,1,0,0,1590192000000,04011,Bremen,1115,39,1056,569352,1749
DE-HB,24-05-2020,RKI,11,8,0,1590278400000,04011,Bremen,1126,39,1064,569352,1749
DE-HB,25-05-2020,RKI,1,0,0,1590364800000,04011,Bremen,1127,39,1064,569352,1749
DE-HB,26-05-2020,RKI,6,2,0,1590451200000,04011,Bremen,1133,39,1066,569352,1749
DE-HB,27-05-2020,RKI,21,10,0,1590537600000,04011,Bremen,1154,39,1076,569352,1749
DE-HB,28-05-2020,RKI,18,3,0,1590624000000,04011,Bremen,1172,39,1079,569352,1749
DE-HB,29-05-2020,RKI,16,5,0,1590710400000,04011,Bremen,1188,39,1084,569352,1749
DE-HB,30-05-2020,RKI,15,1,0,1590796800000,04011,Bremen,1203,39,1085,569352,1749
DE-HB,31-05-2020,RKI,0,0,0,1590883200000,04011,Bremen,1203,39,1085,569352,1749
DE-HB,01-06-2020,RKI,0,0,0,1590969600000,04011,Bremen,1203,39,1085,569352,1749
DE-HB,02-06-2020,RKI,5,0,0,1591056000000,04011,Bremen,1208,39,1085,569352,1749
DE-HB,03-06-2020,RKI,10,0,0,1591142400000,04011,Bremen,1218,39,1085,569352,1749
DE-HB,04-06-2020,RKI,9,0,0,1591228800000,04011,Bremen,1227,39,1085,569352,1749
DE-HB,05-06-2020,RKI,8,0,0,1591315200000,04011,Bremen,1235,39,1085,569352,1749
DE-HB,12-03-2020,RKI,0,0,0,1583971200000,04012,Bremerhaven,0,0,0,113634,1211
DE-HB,13-03-2020,RKI,3,3,0,1584057600000,04012,Bremerhaven,3,0,3,113634,1211
DE-HB,14-03-2020,RKI,0,0,0,1584144000000,04012,Bremerhaven,3,0,3,113634,1211
DE-HB,17-03-2020,RKI,3,3,0,1584403200000,04012,Bremerhaven,6,0,6,113634,1211
DE-HB,18-03-2020,RKI,0,0,0,1584489600000,04012,Bremerhaven,6,0,6,113634,1211
DE-HB,19-03-2020,RKI,1,1,0,1584576000000,04012,Bremerhaven,7,0,7,113634,1211
DE-HB,25-03-2020,RKI,1,1,0,1585094400000,04012,Bremerhaven,8,0,8,113634,1211
DE-HB,28-03-2020,RKI,2,2,0,1585353600000,04012,Bremerhaven,10,0,10,113634,1211
DE-HB,30-03-2020,RKI,0,0,0,1585526400000,04012,Bremerhaven,10,0,10,113634,1211
DE-HB,31-03-2020,RKI,1,1,0,1585612800000,04012,Bremerhaven,11,0,11,113634,1211
DE-HB,03-04-2020,RKI,0,0,0,1585872000000,04012,Bremerhaven,11,0,11,113634,1211
DE-HB,04-04-2020,RKI,1,1,0,1585958400000,04012,Bremerhaven,12,0,12,113634,1211
DE-HB,07-04-2020,RKI,0,0,0,1586217600000,04012,Bremerhaven,12,0,12,113634,1211
DE-HB,16-04-2020,RKI,0,0,0,1586995200000,04012,Bremerhaven,12,0,12,113634,1211
DE-HB,20-04-2020,RKI,0,0,0,1587340800000,04012,Bremerhaven,12,0,12,113634,1211
DE-HB,21-04-2020,RKI,0,0,0,1587427200000,04012,Bremerhaven,12,0,12,113634,1211
DE-HB,23-04-2020,RKI,1,1,0,1587600000000,04012,Bremerhaven,13,0,13,113634,1211
DE-HB,24-04-2020,RKI,5,5,0,1587686400000,04012,Bremerhaven,18,0,18,113634,1211
DE-HB,25-04-2020,RKI,1,1,0,1587772800000,04012,Bremerhaven,19,0,19,113634,1211
DE-HB,28-04-2020,RKI,4,4,0,1588032000000,04012,Bremerhaven,23,0,23,113634,1211
DE-HB,29-04-2020,RKI,2,2,0,1588118400000,04012,Bremerhaven,25,0,25,113634,1211
DE-HB,30-04-2020,RKI,2,2,0,1588204800000,04012,Bremerhaven,27,0,27,113634,1211
DE-HB,01-05-2020,RKI,0,0,0,1588291200000,04012,Bremerhaven,27,0,27,113634,1211
DE-HB,02-05-2020,RKI,0,0,0,1588377600000,04012,Bremerhaven,27,0,27,113634,1211
DE-HB,03-05-2020,RKI,0,0,0,1588464000000,04012,Bremerhaven,27,0,27,113634,1211
DE-HB,04-05-2020,RKI,0,0,0,1588550400000,04012,Bremerhaven,27,0,27,113634,1211
DE-HB,05-05-2020,RKI,6,5,1,1588636800000,04012,Bremerhaven,33,1,32,113634,1211
DE-HB,06-05-2020,RKI,7,7,0,1588723200000,04012,Bremerhaven,40,1,39,113634,1211
DE-HB,07-05-2020,RKI,1,1,0,1588809600000,04012,Bremerhaven,41,1,40,113634,1211
DE-HB,08-05-2020,RKI,5,3,2,1588896000000,04012,Bremerhaven,46,3,43,113634,1211
DE-HB,10-05-2020,RKI,1,1,0,1589068800000,04012,Bremerhaven,47,3,44,113634,1211
DE-HB,12-05-2020,RKI,0,0,0,1589241600000,04012,Bremerhaven,47,3,44,113634,1211
DE-HB,14-05-2020,RKI,0,0,0,1589414400000,04012,Bremerhaven,47,3,44,113634,1211
DE-HB,20-05-2020,RKI,0,0,0,1589932800000,04012,Bremerhaven,47,3,44,113634,1211
DE-HB,23-05-2020,RKI,0,0,0,1590192000000,04012,Bremerhaven,47,3,44,113634,1211
DE-HB,24-05-2020,RKI,0,0,0,1590278400000,04012,Bremerhaven,47,3,44,113634,1211
DE-HB,26-05-2020,RKI,2,0,0,1590451200000,04012,Bremerhaven,49,3,44,113634,1211
DE-HB,27-05-2020,RKI,3,0,0,1590537600000,04012,Bremerhaven,52,3,44,113634,1211
DE-HB,28-05-2020,RKI,6,0,0,1590624000000,04012,Bremerhaven,58,3,44,113634,1211
DE-HB,29-05-2020,RKI,11,0,0,1590710400000,04012,Bremerhaven,69,3,44,113634,1211
DE-HB,30-05-2020,RKI,7,0,0,1590796800000,04012,Bremerhaven,76,3,44,113634,1211
DE-HB,31-05-2020,RKI,5,0,0,1590883200000,04012,Bremerhaven,81,3,44,113634,1211
DE-HB,02-06-2020,RKI,4,1,0,1591056000000,04012,Bremerhaven,85,3,45,113634,1211
DE-HB,03-06-2020,RKI,5,0,0,1591142400000,04012,Bremerhaven,90,3,45,113634,1211
DE-HB,04-06-2020,RKI,23,0,0,1591228800000,04012,Bremerhaven,113,3,45,113634,1211
DE-HB,05-06-2020,RKI,5,0,0,1591315200000,04012,Bremerhaven,118,3,45,113634,1211
DE-HH,29-02-2020,RKI,0,0,0,1582934400000,02000,Hamburg,0,0,0,1841179,2505
DE-HH,01-03-2020,RKI,1,1,0,1583020800000,02000,Hamburg,1,0,1,1841179,2505
DE-HH,03-03-2020,RKI,2,2,0,1583193600000,02000,Hamburg,3,0,3,1841179,2505
DE-HH,04-03-2020,RKI,2,2,0,1583280000000,02000,Hamburg,5,0,5,1841179,2505
DE-HH,05-03-2020,RKI,4,4,0,1583366400000,02000,Hamburg,9,0,9,1841179,2505
DE-HH,06-03-2020,RKI,2,1,1,1583452800000,02000,Hamburg,11,1,10,1841179,2505
DE-HH,07-03-2020,RKI,3,3,0,1583539200000,02000,Hamburg,14,1,13,1841179,2505
DE-HH,08-03-2020,RKI,4,4,0,1583625600000,02000,Hamburg,18,1,17,1841179,2505
DE-HH,09-03-2020,RKI,19,19,0,1583712000000,02000,Hamburg,37,1,36,1841179,2505
DE-HH,10-03-2020,RKI,27,27,0,1583798400000,02000,Hamburg,64,1,63,1841179,2505
DE-HH,11-03-2020,RKI,28,28,0,1583884800000,02000,Hamburg,92,1,91,1841179,2505
DE-HH,12-03-2020,RKI,41,40,1,1583971200000,02000,Hamburg,133,2,131,1841179,2505
DE-HH,13-03-2020,RKI,35,34,1,1584057600000,02000,Hamburg,168,3,165,1841179,2505
DE-HH,14-03-2020,RKI,76,75,1,1584144000000,02000,Hamburg,244,4,240,1841179,2505
DE-HH,15-03-2020,RKI,78,78,0,1584230400000,02000,Hamburg,322,4,318,1841179,2505
DE-HH,16-03-2020,RKI,79,79,0,1584316800000,02000,Hamburg,401,4,397,1841179,2505
DE-HH,17-03-2020,RKI,131,130,1,1584403200000,02000,Hamburg,532,5,527,1841179,2505
DE-HH,18-03-2020,RKI,133,133,0,1584489600000,02000,Hamburg,665,5,660,1841179,2505
DE-HH,19-03-2020,RKI,189,187,2,1584576000000,02000,Hamburg,854,7,847,1841179,2505
DE-HH,20-03-2020,RKI,144,142,2,1584662400000,02000,Hamburg,998,9,989,1841179,2505
DE-HH,21-03-2020,RKI,108,107,1,1584748800000,02000,Hamburg,1106,10,1096,1841179,2505
DE-HH,22-03-2020,RKI,147,145,2,1584835200000,02000,Hamburg,1253,12,1241,1841179,2505
DE-HH,23-03-2020,RKI,132,131,1,1584921600000,02000,Hamburg,1385,13,1372,1841179,2505
DE-HH,24-03-2020,RKI,204,201,3,1585008000000,02000,Hamburg,1589,16,1573,1841179,2505
DE-HH,25-03-2020,RKI,163,152,11,1585094400000,02000,Hamburg,1752,27,1725,1841179,2505
DE-HH,26-03-2020,RKI,169,163,6,1585180800000,02000,Hamburg,1921,33,1888,1841179,2505
DE-HH,27-03-2020,RKI,138,129,9,1585267200000,02000,Hamburg,2059,42,2017,1841179,2505
DE-HH,28-03-2020,RKI,145,136,9,1585353600000,02000,Hamburg,2204,51,2153,1841179,2505
DE-HH,29-03-2020,RKI,115,114,1,1585440000000,02000,Hamburg,2319,52,2267,1841179,2505
DE-HH,30-03-2020,RKI,69,65,4,1585526400000,02000,Hamburg,2388,56,2332,1841179,2505
DE-HH,31-03-2020,RKI,158,150,8,1585612800000,02000,Hamburg,2546,64,2482,1841179,2505
DE-HH,01-04-2020,RKI,136,128,8,1585699200000,02000,Hamburg,2682,72,2610,1841179,2505
DE-HH,02-04-2020,RKI,167,153,14,1585785600000,02000,Hamburg,2849,86,2763,1841179,2505
DE-HH,03-04-2020,RKI,157,136,21,1585872000000,02000,Hamburg,3006,107,2899,1841179,2505
DE-HH,04-04-2020,RKI,111,105,6,1585958400000,02000,Hamburg,3117,113,3004,1841179,2505
DE-HH,05-04-2020,RKI,106,98,8,1586044800000,02000,Hamburg,3223,121,3102,1841179,2505
DE-HH,06-04-2020,RKI,98,87,11,1586131200000,02000,Hamburg,3321,132,3189,1841179,2505
DE-HH,07-04-2020,RKI,213,190,23,1586217600000,02000,Hamburg,3534,155,3379,1841179,2505
DE-HH,08-04-2020,RKI,115,107,8,1586304000000,02000,Hamburg,3649,163,3486,1841179,2505
DE-HH,09-04-2020,RKI,112,109,3,1586390400000,02000,Hamburg,3761,166,3595,1841179,2505
DE-HH,10-04-2020,RKI,97,96,1,1586476800000,02000,Hamburg,3858,167,3691,1841179,2505
DE-HH,11-04-2020,RKI,77,74,3,1586563200000,02000,Hamburg,3935,170,3765,1841179,2505
DE-HH,12-04-2020,RKI,44,36,8,1586649600000,02000,Hamburg,3979,178,3801,1841179,2505
DE-HH,13-04-2020,RKI,41,35,6,1586736000000,02000,Hamburg,4020,184,3836,1841179,2505
DE-HH,14-04-2020,RKI,75,67,8,1586822400000,02000,Hamburg,4095,192,3903,1841179,2505
DE-HH,15-04-2020,RKI,82,77,5,1586908800000,02000,Hamburg,4177,197,3980,1841179,2505
DE-HH,16-04-2020,RKI,71,64,7,1586995200000,02000,Hamburg,4248,204,4044,1841179,2505
DE-HH,17-04-2020,RKI,108,100,7,1587081600000,02000,Hamburg,4356,211,4144,1841179,2505
DE-HH,18-04-2020,RKI,41,40,1,1587168000000,02000,Hamburg,4397,212,4184,1841179,2505
DE-HH,19-04-2020,RKI,21,19,2,1587254400000,02000,Hamburg,4418,214,4203,1841179,2505
DE-HH,20-04-2020,RKI,33,30,3,1587340800000,02000,Hamburg,4451,217,4233,1841179,2505
DE-HH,21-04-2020,RKI,57,54,3,1587427200000,02000,Hamburg,4508,220,4287,1841179,2505
DE-HH,22-04-2020,RKI,47,45,2,1587513600000,02000,Hamburg,4555,222,4332,1841179,2505
DE-HH,23-04-2020,RKI,49,41,8,1587600000000,02000,Hamburg,4604,230,4373,1841179,2505
DE-HH,24-04-2020,RKI,41,40,1,1587686400000,02000,Hamburg,4645,231,4413,1841179,2505
DE-HH,25-04-2020,RKI,43,39,4,1587772800000,02000,Hamburg,4688,235,4452,1841179,2505
DE-HH,26-04-2020,RKI,17,15,2,1587859200000,02000,Hamburg,4705,237,4467,1841179,2505
DE-HH,27-04-2020,RKI,20,17,3,1587945600000,02000,Hamburg,4725,240,4484,1841179,2505
DE-HH,28-04-2020,RKI,25,24,1,1588032000000,02000,Hamburg,4750,241,4508,1841179,2505
DE-HH,29-04-2020,RKI,41,39,2,1588118400000,02000,Hamburg,4791,243,4547,1841179,2505
DE-HH,30-04-2020,RKI,24,23,1,1588204800000,02000,Hamburg,4815,244,4570,1841179,2505
DE-HH,01-05-2020,RKI,6,6,0,1588291200000,02000,Hamburg,4821,244,4576,1841179,2505
DE-HH,02-05-2020,RKI,12,12,0,1588377600000,02000,Hamburg,4833,244,4588,1841179,2505
DE-HH,03-05-2020,RKI,2,2,0,1588464000000,02000,Hamburg,4835,244,4590,1841179,2505
DE-HH,04-05-2020,RKI,8,4,4,1588550400000,02000,Hamburg,4843,248,4594,1841179,2505
DE-HH,05-05-2020,RKI,20,18,2,1588636800000,02000,Hamburg,4863,250,4612,1841179,2505
DE-HH,06-05-2020,RKI,20,19,1,1588723200000,02000,Hamburg,4883,251,4631,1841179,2505
DE-HH,07-05-2020,RKI,17,17,0,1588809600000,02000,Hamburg,4900,251,4648,1841179,2505
DE-HH,08-05-2020,RKI,11,11,0,1588896000000,02000,Hamburg,4911,251,4659,1841179,2505
DE-HH,09-05-2020,RKI,9,9,0,1588982400000,02000,Hamburg,4920,251,4668,1841179,2505
DE-HH,10-05-2020,RKI,2,2,0,1589068800000,02000,Hamburg,4922,251,4670,1841179,2505
DE-HH,11-05-2020,RKI,4,3,1,1589155200000,02000,Hamburg,4926,252,4673,1841179,2505
DE-HH,12-05-2020,RKI,1,0,0,1589241600000,02000,Hamburg,4927,252,4673,1841179,2505
DE-HH,13-05-2020,RKI,14,13,0,1589328000000,02000,Hamburg,4941,252,4686,1841179,2505
DE-HH,14-05-2020,RKI,9,4,1,1589414400000,02000,Hamburg,4950,253,4690,1841179,2505
DE-HH,15-05-2020,RKI,12,6,0,1589500800000,02000,Hamburg,4962,253,4696,1841179,2505
DE-HH,16-05-2020,RKI,5,3,0,1589587200000,02000,Hamburg,4967,253,4699,1841179,2505
DE-HH,17-05-2020,RKI,0,0,0,1589673600000,02000,Hamburg,4967,253,4699,1841179,2505
DE-HH,18-05-2020,RKI,0,0,0,1589760000000,02000,Hamburg,4967,253,4699,1841179,2505
DE-HH,19-05-2020,RKI,2,1,0,1589846400000,02000,Hamburg,4969,253,4700,1841179,2505
DE-HH,20-05-2020,RKI,12,4,0,1589932800000,02000,Hamburg,4981,253,4704,1841179,2505
DE-HH,21-05-2020,RKI,1,1,0,1590019200000,02000,Hamburg,4982,253,4705,1841179,2505
DE-HH,22-05-2020,RKI,2,0,0,1590105600000,02000,Hamburg,4984,253,4705,1841179,2505
DE-HH,23-05-2020,RKI,1,1,0,1590192000000,02000,Hamburg,4985,253,4706,1841179,2505
DE-HH,25-05-2020,RKI,1,1,0,1590364800000,02000,Hamburg,4986,253,4707,1841179,2505
DE-HH,26-05-2020,RKI,2,0,0,1590451200000,02000,Hamburg,4988,253,4707,1841179,2505
DE-HH,27-05-2020,RKI,0,0,0,1590537600000,02000,Hamburg,4988,253,4707,1841179,2505
DE-HH,29-05-2020,RKI,3,0,0,1590710400000,02000,Hamburg,4991,253,4707,1841179,2505
DE-HH,30-05-2020,RKI,0,0,0,1590796800000,02000,Hamburg,4991,253,4707,1841179,2505
DE-HH,31-05-2020,RKI,5,0,0,1590883200000,02000,Hamburg,4996,253,4707,1841179,2505
DE-HH,01-06-2020,RKI,1,0,0,1590969600000,02000,Hamburg,4997,253,4707,1841179,2505
DE-HH,02-06-2020,RKI,1,0,0,1591056000000,02000,Hamburg,4998,253,4707,1841179,2505
DE-HH,03-06-2020,RKI,8,0,0,1591142400000,02000,Hamburg,5006,253,4707,1841179,2505
DE-HH,04-06-2020,RKI,3,0,0,1591228800000,02000,Hamburg,5009,253,4707,1841179,2505
DE-HE,16-03-2020,RKI,5,5,0,1584316800000,06411,Darmstadt,6,0,6,159207,1304
DE-HE,17-03-2020,RKI,0,0,0,1584403200000,06411,Darmstadt,6,0,6,159207,1304
DE-HE,18-03-2020,RKI,5,5,0,1584489600000,06411,Darmstadt,11,0,11,159207,1304
DE-HE,19-03-2020,RKI,1,1,0,1584576000000,06411,Darmstadt,12,0,12,159207,1304
DE-HE,20-03-2020,RKI,5,5,0,1584662400000,06411,Darmstadt,17,0,17,159207,1304
DE-HE,21-03-2020,RKI,3,3,0,1584748800000,06411,Darmstadt,20,0,20,159207,1304
DE-HE,24-03-2020,RKI,2,2,0,1585008000000,06411,Darmstadt,22,0,22,159207,1304
DE-HE,25-03-2020,RKI,7,7,0,1585094400000,06411,Darmstadt,29,0,29,159207,1304
DE-HE,26-03-2020,RKI,9,9,0,1585180800000,06411,Darmstadt,38,0,38,159207,1304
DE-HE,27-03-2020,RKI,11,11,0,1585267200000,06411,Darmstadt,49,0,49,159207,1304
DE-HE,28-03-2020,RKI,0,0,0,1585353600000,06411,Darmstadt,49,0,49,159207,1304
DE-HE,29-03-2020,RKI,2,2,0,1585440000000,06411,Darmstadt,51,0,51,159207,1304
DE-HE,30-03-2020,RKI,5,5,0,1585526400000,06411,Darmstadt,56,0,56,159207,1304
DE-HE,31-03-2020,RKI,1,1,0,1585612800000,06411,Darmstadt,57,0,57,159207,1304
DE-HE,01-04-2020,RKI,6,6,0,1585699200000,06411,Darmstadt,63,0,63,159207,1304
DE-HE,02-04-2020,RKI,3,3,0,1585785600000,06411,Darmstadt,66,0,66,159207,1304
DE-HE,03-04-2020,RKI,3,2,1,1585872000000,06411,Darmstadt,69,1,68,159207,1304
DE-HE,04-04-2020,RKI,6,6,0,1585958400000,06411,Darmstadt,75,1,74,159207,1304
DE-HE,05-04-2020,RKI,0,0,0,1586044800000,06411,Darmstadt,75,1,74,159207,1304
DE-HE,06-04-2020,RKI,0,0,0,1586131200000,06411,Darmstadt,75,1,74,159207,1304
DE-HE,07-04-2020,RKI,3,3,0,1586217600000,06411,Darmstadt,78,1,77,159207,1304
DE-HE,08-04-2020,RKI,8,8,0,1586304000000,06411,Darmstadt,86,1,85,159207,1304
DE-HE,09-04-2020,RKI,5,4,1,1586390400000,06411,Darmstadt,91,2,89,159207,1304
DE-HE,10-04-2020,RKI,5,4,1,1586476800000,06411,Darmstadt,96,3,93,159207,1304
DE-HE,11-04-2020,RKI,1,1,0,1586563200000,06411,Darmstadt,97,3,94,159207,1304
DE-HE,12-04-2020,RKI,1,0,1,1586649600000,06411,Darmstadt,98,4,94,159207,1304
DE-HE,13-04-2020,RKI,0,0,0,1586736000000,06411,Darmstadt,98,4,94,159207,1304
DE-HE,14-04-2020,RKI,0,0,0,1586822400000,06411,Darmstadt,98,4,94,159207,1304
DE-HE,15-04-2020,RKI,3,3,0,1586908800000,06411,Darmstadt,101,4,97,159207,1304
DE-HE,16-04-2020,RKI,6,4,2,1586995200000,06411,Darmstadt,107,6,101,159207,1304
DE-HE,17-04-2020,RKI,2,1,1,1587081600000,06411,Darmstadt,109,7,102,159207,1304
DE-HE,18-04-2020,RKI,3,3,0,1587168000000,06411,Darmstadt,112,7,105,159207,1304
DE-HE,19-04-2020,RKI,20,17,3,1587254400000,06411,Darmstadt,132,10,122,159207,1304
DE-HE,20-04-2020,RKI,0,0,0,1587340800000,06411,Darmstadt,132,10,122,159207,1304
DE-HE,21-04-2020,RKI,4,3,1,1587427200000,06411,Darmstadt,136,11,125,159207,1304
DE-HE,22-04-2020,RKI,12,11,1,1587513600000,06411,Darmstadt,148,12,136,159207,1304
DE-HE,23-04-2020,RKI,3,3,0,1587600000000,06411,Darmstadt,151,12,139,159207,1304
DE-HE,24-04-2020,RKI,1,0,1,1587686400000,06411,Darmstadt,152,13,139,159207,1304
DE-HE,25-04-2020,RKI,1,1,0,1587772800000,06411,Darmstadt,153,13,140,159207,1304
DE-HE,27-04-2020,RKI,3,3,0,1587945600000,06411,Darmstadt,156,13,143,159207,1304
DE-HE,28-04-2020,RKI,1,1,0,1588032000000,06411,Darmstadt,157,13,144,159207,1304
DE-HE,29-04-2020,RKI,0,0,0,1588118400000,06411,Darmstadt,157,13,144,159207,1304
DE-HE,30-04-2020,RKI,2,1,1,1588204800000,06411,Darmstadt,159,14,145,159207,1304
DE-HE,03-05-2020,RKI,1,1,0,1588464000000,06411,Darmstadt,160,14,146,159207,1304
DE-HE,05-05-2020,RKI,1,1,0,1588636800000,06411,Darmstadt,161,14,147,159207,1304
DE-HE,06-05-2020,RKI,4,4,0,1588723200000,06411,Darmstadt,165,14,151,159207,1304
DE-HE,09-05-2020,RKI,2,2,0,1588982400000,06411,Darmstadt,167,14,153,159207,1304
DE-HE,11-05-2020,RKI,0,0,0,1589155200000,06411,Darmstadt,167,14,153,159207,1304
DE-HE,13-05-2020,RKI,0,0,0,1589328000000,06411,Darmstadt,167,14,153,159207,1304
DE-HE,14-05-2020,RKI,1,1,0,1589414400000,06411,Darmstadt,168,14,154,159207,1304
DE-HE,15-05-2020,RKI,0,0,0,1589500800000,06411,Darmstadt,168,14,154,159207,1304
DE-HE,19-05-2020,RKI,1,1,0,1589846400000,06411,Darmstadt,169,14,155,159207,1304
DE-HE,04-03-2020,RKI,0,0,0,1583280000000,06412,Frankfurt am Main,1,0,1,753056,3033
DE-HE,05-03-2020,RKI,1,1,0,1583366400000,06412,Frankfurt am Main,2,0,2,753056,3033
DE-HE,09-03-2020,RKI,0,0,0,1583712000000,06412,Frankfurt am Main,2,0,2,753056,3033
DE-HE,10-03-2020,RKI,2,2,0,1583798400000,06412,Frankfurt am Main,4,0,4,753056,3033
DE-HE,11-03-2020,RKI,2,2,0,1583884800000,06412,Frankfurt am Main,6,0,6,753056,3033
DE-HE,12-03-2020,RKI,1,1,0,1583971200000,06412,Frankfurt am Main,7,0,7,753056,3033
DE-HE,13-03-2020,RKI,10,10,0,1584057600000,06412,Frankfurt am Main,17,0,17,753056,3033
DE-HE,14-03-2020,RKI,9,9,0,1584144000000,06412,Frankfurt am Main,26,0,26,753056,3033
DE-HE,16-03-2020,RKI,14,14,0,1584316800000,06412,Frankfurt am Main,40,0,40,753056,3033
DE-HE,17-03-2020,RKI,30,30,0,1584403200000,06412,Frankfurt am Main,70,0,70,753056,3033
DE-HE,18-03-2020,RKI,13,13,0,1584489600000,06412,Frankfurt am Main,83,0,83,753056,3033
DE-HE,19-03-2020,RKI,23,23,0,1584576000000,06412,Frankfurt am Main,106,0,106,753056,3033
DE-HE,20-03-2020,RKI,25,25,0,1584662400000,06412,Frankfurt am Main,131,0,131,753056,3033
DE-HE,21-03-2020,RKI,10,10,0,1584748800000,06412,Frankfurt am Main,141,0,141,753056,3033
DE-HE,22-03-2020,RKI,3,3,0,1584835200000,06412,Frankfurt am Main,144,0,144,753056,3033
DE-HE,23-03-2020,RKI,31,31,0,1584921600000,06412,Frankfurt am Main,175,0,175,753056,3033
DE-HE,24-03-2020,RKI,21,21,0,1585008000000,06412,Frankfurt am Main,196,0,196,753056,3033
DE-HE,25-03-2020,RKI,21,21,0,1585094400000,06412,Frankfurt am Main,217,0,217,753056,3033
DE-HE,26-03-2020,RKI,47,44,3,1585180800000,06412,Frankfurt am Main,264,3,261,753056,3033
DE-HE,27-03-2020,RKI,32,31,1,1585267200000,06412,Frankfurt am Main,296,4,292,753056,3033
DE-HE,28-03-2020,RKI,8,8,0,1585353600000,06412,Frankfurt am Main,304,4,300,753056,3033
DE-HE,29-03-2020,RKI,39,34,5,1585440000000,06412,Frankfurt am Main,343,9,334,753056,3033
DE-HE,30-03-2020,RKI,22,18,4,1585526400000,06412,Frankfurt am Main,365,13,352,753056,3033
DE-HE,31-03-2020,RKI,37,37,0,1585612800000,06412,Frankfurt am Main,402,13,389,753056,3033
DE-HE,01-04-2020,RKI,44,43,1,1585699200000,06412,Frankfurt am Main,446,14,432,753056,3033
DE-HE,02-04-2020,RKI,39,38,1,1585785600000,06412,Frankfurt am Main,485,15,470,753056,3033
DE-HE,03-04-2020,RKI,29,28,1,1585872000000,06412,Frankfurt am Main,514,16,498,753056,3033
DE-HE,04-04-2020,RKI,36,34,2,1585958400000,06412,Frankfurt am Main,550,18,532,753056,3033
DE-HE,05-04-2020,RKI,25,24,1,1586044800000,06412,Frankfurt am Main,575,19,556,753056,3033
DE-HE,06-04-2020,RKI,27,25,2,1586131200000,06412,Frankfurt am Main,602,21,581,753056,3033
DE-HE,07-04-2020,RKI,41,39,2,1586217600000,06412,Frankfurt am Main,643,23,620,753056,3033
DE-HE,08-04-2020,RKI,57,50,7,1586304000000,06412,Frankfurt am Main,700,30,670,753056,3033
DE-HE,09-04-2020,RKI,56,51,5,1586390400000,06412,Frankfurt am Main,756,35,721,753056,3033
DE-HE,10-04-2020,RKI,16,16,0,1586476800000,06412,Frankfurt am Main,772,35,737,753056,3033
DE-HE,11-04-2020,RKI,32,31,1,1586563200000,06412,Frankfurt am Main,804,36,768,753056,3033
DE-HE,12-04-2020,RKI,14,12,2,1586649600000,06412,Frankfurt am Main,818,38,780,753056,3033
DE-HE,13-04-2020,RKI,14,13,1,1586736000000,06412,Frankfurt am Main,832,39,793,753056,3033
DE-HE,14-04-2020,RKI,51,48,3,1586822400000,06412,Frankfurt am Main,883,42,841,753056,3033
DE-HE,15-04-2020,RKI,38,35,3,1586908800000,06412,Frankfurt am Main,921,45,876,753056,3033
DE-HE,16-04-2020,RKI,29,27,2,1586995200000,06412,Frankfurt am Main,950,47,903,753056,3033
DE-HE,17-04-2020,RKI,36,34,2,1587081600000,06412,Frankfurt am Main,986,49,937,753056,3033
DE-HE,18-04-2020,RKI,14,14,0,1587168000000,06412,Frankfurt am Main,1000,49,951,753056,3033
DE-HE,19-04-2020,RKI,11,11,0,1587254400000,06412,Frankfurt am Main,1011,49,962,753056,3033
DE-HE,20-04-2020,RKI,29,25,4,1587340800000,06412,Frankfurt am Main,1040,53,987,753056,3033
DE-HE,21-04-2020,RKI,21,21,0,1587427200000,06412,Frankfurt am Main,1061,53,1008,753056,3033
DE-HE,22-04-2020,RKI,28,27,1,1587513600000,06412,Frankfurt am Main,1089,54,1035,753056,3033
DE-HE,23-04-2020,RKI,24,23,1,1587600000000,06412,Frankfurt am Main,1113,55,1058,753056,3033
DE-HE,24-04-2020,RKI,16,16,0,1587686400000,06412,Frankfurt am Main,1129,55,1074,753056,3033
DE-HE,25-04-2020,RKI,18,17,1,1587772800000,06412,Frankfurt am Main,1147,56,1091,753056,3033
DE-HE,26-04-2020,RKI,4,3,1,1587859200000,06412,Frankfurt am Main,1151,57,1094,753056,3033
DE-HE,27-04-2020,RKI,8,7,1,1587945600000,06412,Frankfurt am Main,1159,58,1101,753056,3033
DE-HE,28-04-2020,RKI,14,14,0,1588032000000,06412,Frankfurt am Main,1173,58,1115,753056,3033
DE-HE,29-04-2020,RKI,26,26,0,1588118400000,06412,Frankfurt am Main,1199,58,1141,753056,3033
DE-HE,30-04-2020,RKI,19,19,0,1588204800000,06412,Frankfurt am Main,1218,58,1160,753056,3033
DE-HE,01-05-2020,RKI,7,7,0,1588291200000,06412,Frankfurt am Main,1225,58,1167,753056,3033
DE-HE,02-05-2020,RKI,5,5,0,1588377600000,06412,Frankfurt am Main,1230,58,1172,753056,3033
DE-HE,03-05-2020,RKI,4,4,0,1588464000000,06412,Frankfurt am Main,1234,58,1176,753056,3033
DE-HE,04-05-2020,RKI,4,4,0,1588550400000,06412,Frankfurt am Main,1238,58,1180,753056,3033
DE-HE,05-05-2020,RKI,11,11,0,1588636800000,06412,Frankfurt am Main,1249,58,1191,753056,3033
DE-HE,06-05-2020,RKI,15,15,0,1588723200000,06412,Frankfurt am Main,1264,58,1206,753056,3033
DE-HE,07-05-2020,RKI,10,9,1,1588809600000,06412,Frankfurt am Main,1274,59,1215,753056,3033
DE-HE,08-05-2020,RKI,9,8,1,1588896000000,06412,Frankfurt am Main,1283,60,1223,753056,3033
DE-HE,09-05-2020,RKI,2,2,0,1588982400000,06412,Frankfurt am Main,1285,60,1225,753056,3033
DE-HE,10-05-2020,RKI,1,1,0,1589068800000,06412,Frankfurt am Main,1286,60,1226,753056,3033
DE-HE,11-05-2020,RKI,2,1,0,1589155200000,06412,Frankfurt am Main,1288,60,1227,753056,3033
DE-HE,12-05-2020,RKI,10,8,0,1589241600000,06412,Frankfurt am Main,1298,60,1235,753056,3033
DE-HE,13-05-2020,RKI,8,5,0,1589328000000,06412,Frankfurt am Main,1306,60,1240,753056,3033
DE-HE,14-05-2020,RKI,10,9,0,1589414400000,06412,Frankfurt am Main,1316,60,1249,753056,3033
DE-HE,15-05-2020,RKI,16,15,1,1589500800000,06412,Frankfurt am Main,1332,61,1264,753056,3033
DE-HE,16-05-2020,RKI,8,7,0,1589587200000,06412,Frankfurt am Main,1340,61,1271,753056,3033
DE-HE,17-05-2020,RKI,55,8,0,1589673600000,06412,Frankfurt am Main,1395,61,1279,753056,3033
DE-HE,18-05-2020,RKI,12,12,0,1589760000000,06412,Frankfurt am Main,1407,61,1291,753056,3033
DE-HE,19-05-2020,RKI,22,14,0,1589846400000,06412,Frankfurt am Main,1429,61,1305,753056,3033
DE-HE,20-05-2020,RKI,13,13,0,1589932800000,06412,Frankfurt am Main,1442,61,1318,753056,3033
DE-HE,22-05-2020,RKI,19,11,0,1590105600000,06412,Frankfurt am Main,1461,61,1329,753056,3033
DE-HE,23-05-2020,RKI,9,9,0,1590192000000,06412,Frankfurt am Main,1470,61,1338,753056,3033
DE-HE,24-05-2020,RKI,1,0,0,1590278400000,06412,Frankfurt am Main,1471,61,1338,753056,3033
DE-HE,25-05-2020,RKI,0,0,0,1590364800000,06412,Frankfurt am Main,1471,61,1338,753056,3033
DE-HE,26-05-2020,RKI,15,6,0,1590451200000,06412,Frankfurt am Main,1486,61,1344,753056,3033
DE-HE,27-05-2020,RKI,4,0,0,1590537600000,06412,Frankfurt am Main,1490,61,1344,753056,3033
DE-HE,28-05-2020,RKI,21,5,0,1590624000000,06412,Frankfurt am Main,1511,61,1349,753056,3033
DE-HE,29-05-2020,RKI,10,1,0,1590710400000,06412,Frankfurt am Main,1521,61,1350,753056,3033
DE-HE,30-05-2020,RKI,7,0,0,1590796800000,06412,Frankfurt am Main,1528,61,1350,753056,3033
DE-HE,31-05-2020,RKI,4,0,0,1590883200000,06412,Frankfurt am Main,1532,61,1350,753056,3033
DE-HE,01-06-2020,RKI,0,0,0,1590969600000,06412,Frankfurt am Main,1532,61,1350,753056,3033
DE-HE,02-06-2020,RKI,1,0,0,1591056000000,06412,Frankfurt am Main,1533,61,1350,753056,3033
DE-HE,03-06-2020,RKI,1,0,0,1591142400000,06412,Frankfurt am Main,1534,61,1350,753056,3033
DE-HE,04-06-2020,RKI,7,0,0,1591228800000,06412,Frankfurt am Main,1541,61,1350,753056,3033
DE-HE,11-03-2020,RKI,3,3,0,1583884800000,06414,Wiesbaden,3,0,3,278342,1365
DE-HE,12-03-2020,RKI,0,0,0,1583971200000,06414,Wiesbaden,3,0,3,278342,1365
DE-HE,13-03-2020,RKI,0,0,0,1584057600000,06414,Wiesbaden,3,0,3,278342,1365
DE-HE,16-03-2020,RKI,12,12,0,1584316800000,06414,Wiesbaden,15,0,15,278342,1365
DE-HE,17-03-2020,RKI,1,1,0,1584403200000,06414,Wiesbaden,16,0,16,278342,1365
DE-HE,18-03-2020,RKI,11,10,1,1584489600000,06414,Wiesbaden,27,1,26,278342,1365
DE-HE,19-03-2020,RKI,11,11,0,1584576000000,06414,Wiesbaden,38,1,37,278342,1365
DE-HE,20-03-2020,RKI,12,12,0,1584662400000,06414,Wiesbaden,50,1,49,278342,1365
DE-HE,23-03-2020,RKI,33,32,1,1584921600000,06414,Wiesbaden,83,2,81,278342,1365
DE-HE,24-03-2020,RKI,6,6,0,1585008000000,06414,Wiesbaden,89,2,87,278342,1365
DE-HE,25-03-2020,RKI,9,9,0,1585094400000,06414,Wiesbaden,98,2,96,278342,1365
DE-HE,26-03-2020,RKI,17,17,0,1585180800000,06414,Wiesbaden,115,2,113,278342,1365
DE-HE,27-03-2020,RKI,17,17,0,1585267200000,06414,Wiesbaden,132,2,130,278342,1365
DE-HE,30-03-2020,RKI,25,25,0,1585526400000,06414,Wiesbaden,157,2,155,278342,1365
DE-HE,31-03-2020,RKI,6,5,1,1585612800000,06414,Wiesbaden,163,3,160,278342,1365
DE-HE,01-04-2020,RKI,7,6,1,1585699200000,06414,Wiesbaden,170,4,166,278342,1365
DE-HE,02-04-2020,RKI,4,3,1,1585785600000,06414,Wiesbaden,174,5,169,278342,1365
DE-HE,03-04-2020,RKI,3,2,1,1585872000000,06414,Wiesbaden,177,6,171,278342,1365
DE-HE,04-04-2020,RKI,6,5,1,1585958400000,06414,Wiesbaden,183,7,176,278342,1365
DE-HE,05-04-2020,RKI,3,3,0,1586044800000,06414,Wiesbaden,186,7,179,278342,1365
DE-HE,06-04-2020,RKI,0,0,0,1586131200000,06414,Wiesbaden,186,7,179,278342,1365
DE-HE,07-04-2020,RKI,6,5,1,1586217600000,06414,Wiesbaden,192,8,184,278342,1365
DE-HE,08-04-2020,RKI,10,10,0,1586304000000,06414,Wiesbaden,202,8,194,278342,1365
DE-HE,09-04-2020,RKI,11,9,2,1586390400000,06414,Wiesbaden,213,10,203,278342,1365
DE-HE,10-04-2020,RKI,4,4,0,1586476800000,06414,Wiesbaden,217,10,207,278342,1365
DE-HE,11-04-2020,RKI,2,1,1,1586563200000,06414,Wiesbaden,219,11,208,278342,1365
DE-HE,12-04-2020,RKI,0,0,0,1586649600000,06414,Wiesbaden,219,11,208,278342,1365
DE-HE,13-04-2020,RKI,0,0,0,1586736000000,06414,Wiesbaden,219,11,208,278342,1365
DE-HE,14-04-2020,RKI,3,3,0,1586822400000,06414,Wiesbaden,222,11,211,278342,1365
DE-HE,15-04-2020,RKI,5,5,0,1586908800000,06414,Wiesbaden,227,11,216,278342,1365
DE-HE,16-04-2020,RKI,8,8,0,1586995200000,06414,Wiesbaden,235,11,224,278342,1365
DE-HE,17-04-2020,RKI,6,6,0,1587081600000,06414,Wiesbaden,241,11,230,278342,1365
DE-HE,18-04-2020,RKI,0,0,0,1587168000000,06414,Wiesbaden,241,11,230,278342,1365
DE-HE,19-04-2020,RKI,3,3,0,1587254400000,06414,Wiesbaden,244,11,233,278342,1365
DE-HE,20-04-2020,RKI,0,0,0,1587340800000,06414,Wiesbaden,244,11,233,278342,1365
DE-HE,21-04-2020,RKI,6,6,0,1587427200000,06414,Wiesbaden,250,11,239,278342,1365
DE-HE,22-04-2020,RKI,0,0,0,1587513600000,06414,Wiesbaden,250,11,239,278342,1365
DE-HE,23-04-2020,RKI,1,0,1,1587600000000,06414,Wiesbaden,251,12,239,278342,1365
DE-HE,24-04-2020,RKI,0,0,0,1587686400000,06414,Wiesbaden,251,12,239,278342,1365
DE-HE,25-04-2020,RKI,6,6,0,1587772800000,06414,Wiesbaden,257,12,245,278342,1365
DE-HE,26-04-2020,RKI,0,0,0,1587859200000,06414,Wiesbaden,257,12,245,278342,1365
DE-HE,27-04-2020,RKI,0,0,0,1587945600000,06414,Wiesbaden,257,12,245,278342,1365
DE-HE,28-04-2020,RKI,7,6,1,1588032000000,06414,Wiesbaden,264,13,251,278342,1365
DE-HE,29-04-2020,RKI,1,1,0,1588118400000,06414,Wiesbaden,265,13,252,278342,1365
DE-HE,30-04-2020,RKI,3,3,0,1588204800000,06414,Wiesbaden,268,13,255,278342,1365
DE-HE,01-05-2020,RKI,8,8,0,1588291200000,06414,Wiesbaden,276,13,263,278342,1365
DE-HE,04-05-2020,RKI,1,1,0,1588550400000,06414,Wiesbaden,277,13,264,278342,1365
DE-HE,05-05-2020,RKI,3,3,0,1588636800000,06414,Wiesbaden,280,13,267,278342,1365
DE-HE,06-05-2020,RKI,10,10,0,1588723200000,06414,Wiesbaden,290,13,277,278342,1365
DE-HE,07-05-2020,RKI,5,5,0,1588809600000,06414,Wiesbaden,295,13,282,278342,1365
DE-HE,09-05-2020,RKI,2,2,0,1588982400000,06414,Wiesbaden,297,13,284,278342,1365
DE-HE,10-05-2020,RKI,1,0,0,1589068800000,06414,Wiesbaden,298,13,284,278342,1365
DE-HE,11-05-2020,RKI,0,0,0,1589155200000,06414,Wiesbaden,298,13,284,278342,1365
DE-HE,12-05-2020,RKI,4,4,0,1589241600000,06414,Wiesbaden,302,13,288,278342,1365
DE-HE,13-05-2020,RKI,7,5,0,1589328000000,06414,Wiesbaden,309,13,293,278342,1365
DE-HE,14-05-2020,RKI,4,4,0,1589414400000,06414,Wiesbaden,313,13,297,278342,1365
DE-HE,15-05-2020,RKI,3,1,0,1589500800000,06414,Wiesbaden,316,13,298,278342,1365
DE-HE,16-05-2020,RKI,6,5,0,1589587200000,06414,Wiesbaden,322,13,303,278342,1365
DE-HE,17-05-2020,RKI,7,5,1,1589673600000,06414,Wiesbaden,329,14,308,278342,1365
DE-HE,18-05-2020,RKI,1,1,0,1589760000000,06414,Wiesbaden,330,14,309,278342,1365
DE-HE,19-05-2020,RKI,1,1,0,1589846400000,06414,Wiesbaden,331,14,310,278342,1365
DE-HE,20-05-2020,RKI,6,5,1,1589932800000,06414,Wiesbaden,337,15,315,278342,1365
DE-HE,21-05-2020,RKI,2,2,0,1590019200000,06414,Wiesbaden,339,15,317,278342,1365
DE-HE,22-05-2020,RKI,0,0,0,1590105600000,06414,Wiesbaden,339,15,317,278342,1365
DE-HE,23-05-2020,RKI,18,14,0,1590192000000,06414,Wiesbaden,357,15,331,278342,1365
DE-HE,24-05-2020,RKI,0,0,0,1590278400000,06414,Wiesbaden,357,15,331,278342,1365
DE-HE,25-05-2020,RKI,0,0,0,1590364800000,06414,Wiesbaden,357,15,331,278342,1365
DE-HE,26-05-2020,RKI,3,2,0,1590451200000,06414,Wiesbaden,360,15,333,278342,1365
DE-HE,27-05-2020,RKI,5,1,0,1590537600000,06414,Wiesbaden,365,15,334,278342,1365
DE-HE,28-05-2020,RKI,0,0,0,1590624000000,06414,Wiesbaden,365,15,334,278342,1365
DE-HE,29-05-2020,RKI,1,0,0,1590710400000,06414,Wiesbaden,366,15,334,278342,1365
DE-HE,30-05-2020,RKI,0,0,0,1590796800000,06414,Wiesbaden,366,15,334,278342,1365
DE-HE,01-06-2020,RKI,0,0,0,1590969600000,06414,Wiesbaden,366,15,334,278342,1365
DE-HE,02-06-2020,RKI,0,0,0,1591056000000,06414,Wiesbaden,366,15,334,278342,1365
DE-HE,03-06-2020,RKI,0,0,0,1591142400000,06414,Wiesbaden,366,15,334,278342,1365
DE-HE,09-03-2020,RKI,0,0,0,1583712000000,06431,Bergstraße,2,0,2,269694,375
DE-HE,10-03-2020,RKI,0,0,0,1583798400000,06431,Bergstraße,2,0,2,269694,375
DE-HE,11-03-2020,RKI,0,0,0,1583884800000,06431,Bergstraße,2,0,2,269694,375
DE-HE,12-03-2020,RKI,0,0,0,1583971200000,06431,Bergstraße,2,0,2,269694,375
DE-HE,16-03-2020,RKI,11,11,0,1584316800000,06431,Bergstraße,13,0,13,269694,375
DE-HE,17-03-2020,RKI,5,5,0,1584403200000,06431,Bergstraße,18,0,18,269694,375
DE-HE,18-03-2020,RKI,3,3,0,1584489600000,06431,Bergstraße,21,0,21,269694,375
DE-HE,19-03-2020,RKI,6,6,0,1584576000000,06431,Bergstraße,27,0,27,269694,375
DE-HE,20-03-2020,RKI,3,3,0,1584662400000,06431,Bergstraße,30,0,30,269694,375
DE-HE,23-03-2020,RKI,28,28,0,1584921600000,06431,Bergstraße,58,0,58,269694,375
DE-HE,24-03-2020,RKI,23,21,2,1585008000000,06431,Bergstraße,81,2,79,269694,375
DE-HE,25-03-2020,RKI,8,8,0,1585094400000,06431,Bergstraße,89,2,87,269694,375
DE-HE,26-03-2020,RKI,10,10,0,1585180800000,06431,Bergstraße,99,2,97,269694,375
DE-HE,27-03-2020,RKI,20,20,0,1585267200000,06431,Bergstraße,119,2,117,269694,375
DE-HE,29-03-2020,RKI,19,18,1,1585440000000,06431,Bergstraße,138,3,135,269694,375
DE-HE,30-03-2020,RKI,14,14,0,1585526400000,06431,Bergstraße,152,3,149,269694,375
DE-HE,31-03-2020,RKI,8,8,0,1585612800000,06431,Bergstraße,160,3,157,269694,375
DE-HE,01-04-2020,RKI,10,10,0,1585699200000,06431,Bergstraße,170,3,167,269694,375
DE-HE,02-04-2020,RKI,13,13,0,1585785600000,06431,Bergstraße,183,3,180,269694,375
DE-HE,03-04-2020,RKI,2,2,0,1585872000000,06431,Bergstraße,185,3,182,269694,375
DE-HE,04-04-2020,RKI,13,13,0,1585958400000,06431,Bergstraße,198,3,195,269694,375
DE-HE,05-04-2020,RKI,4,4,0,1586044800000,06431,Bergstraße,202,3,199,269694,375
DE-HE,06-04-2020,RKI,1,1,0,1586131200000,06431,Bergstraße,203,3,200,269694,375
DE-HE,07-04-2020,RKI,8,8,0,1586217600000,06431,Bergstraße,211,3,208,269694,375
DE-HE,08-04-2020,RKI,12,12,0,1586304000000,06431,Bergstraße,223,3,220,269694,375
DE-HE,09-04-2020,RKI,5,5,0,1586390400000,06431,Bergstraße,228,3,225,269694,375
DE-HE,10-04-2020,RKI,3,3,0,1586476800000,06431,Bergstraße,231,3,228,269694,375
DE-HE,11-04-2020,RKI,2,2,0,1586563200000,06431,Bergstraße,233,3,230,269694,375
DE-HE,12-04-2020,RKI,4,4,0,1586649600000,06431,Bergstraße,237,3,234,269694,375
DE-HE,13-04-2020,RKI,0,0,0,1586736000000,06431,Bergstraße,237,3,234,269694,375
DE-HE,14-04-2020,RKI,3,3,0,1586822400000,06431,Bergstraße,240,3,237,269694,375
DE-HE,15-04-2020,RKI,8,8,0,1586908800000,06431,Bergstraße,248,3,245,269694,375
DE-HE,16-04-2020,RKI,2,2,0,1586995200000,06431,Bergstraße,250,3,247,269694,375
DE-HE,17-04-2020,RKI,1,1,0,1587081600000,06431,Bergstraße,251,3,248,269694,375
DE-HE,18-04-2020,RKI,1,1,0,1587168000000,06431,Bergstraße,252,3,249,269694,375
DE-HE,20-04-2020,RKI,0,0,0,1587340800000,06431,Bergstraße,252,3,249,269694,375
DE-HE,21-04-2020,RKI,1,1,0,1587427200000,06431,Bergstraße,253,3,250,269694,375
DE-HE,22-04-2020,RKI,3,3,0,1587513600000,06431,Bergstraße,256,3,253,269694,375
DE-HE,23-04-2020,RKI,0,0,0,1587600000000,06431,Bergstraße,256,3,253,269694,375
DE-HE,24-04-2020,RKI,1,1,0,1587686400000,06431,Bergstraße,257,3,254,269694,375
DE-HE,27-04-2020,RKI,2,2,0,1587945600000,06431,Bergstraße,259,3,256,269694,375
DE-HE,28-04-2020,RKI,2,2,0,1588032000000,06431,Bergstraße,261,3,258,269694,375
DE-HE,29-04-2020,RKI,4,4,0,1588118400000,06431,Bergstraße,265,3,262,269694,375
DE-HE,30-04-2020,RKI,1,1,0,1588204800000,06431,Bergstraße,266,3,263,269694,375
DE-HE,05-05-2020,RKI,2,2,0,1588636800000,06431,Bergstraße,268,3,265,269694,375
DE-HE,06-05-2020,RKI,2,2,0,1588723200000,06431,Bergstraße,270,3,267,269694,375
DE-HE,07-05-2020,RKI,2,2,0,1588809600000,06431,Bergstraße,272,3,269,269694,375
DE-HE,08-05-2020,RKI,2,2,0,1588896000000,06431,Bergstraße,274,3,271,269694,375
DE-HE,11-05-2020,RKI,1,1,0,1589155200000,06431,Bergstraße,275,3,272,269694,375
DE-HE,12-05-2020,RKI,4,4,0,1589241600000,06431,Bergstraße,279,3,276,269694,375
DE-HE,13-05-2020,RKI,1,1,0,1589328000000,06431,Bergstraße,280,3,277,269694,375
DE-HE,14-05-2020,RKI,0,0,0,1589414400000,06431,Bergstraße,280,3,277,269694,375
DE-HE,15-05-2020,RKI,0,0,0,1589500800000,06431,Bergstraße,280,3,277,269694,375
DE-HE,18-05-2020,RKI,4,4,0,1589760000000,06431,Bergstraße,284,3,281,269694,375
DE-HE,21-05-2020,RKI,0,0,0,1590019200000,06431,Bergstraße,284,3,281,269694,375
DE-HE,22-05-2020,RKI,0,0,0,1590105600000,06431,Bergstraße,284,3,281,269694,375
DE-HE,25-05-2020,RKI,7,0,0,1590364800000,06431,Bergstraße,291,3,281,269694,375
DE-HE,28-05-2020,RKI,0,0,0,1590624000000,06431,Bergstraße,291,3,281,269694,375
DE-HE,29-05-2020,RKI,1,0,0,1590710400000,06431,Bergstraße,292,3,281,269694,375
DE-HE,31-05-2020,RKI,0,0,0,1590883200000,06431,Bergstraße,292,3,281,269694,375
DE-HE,03-06-2020,RKI,0,0,0,1591142400000,06431,Bergstraße,292,3,281,269694,375
DE-HE,13-03-2020,RKI,0,0,0,1584057600000,06432,Darmstadt-Dieburg,2,0,2,297399,452
DE-HE,16-03-2020,RKI,3,3,0,1584316800000,06432,Darmstadt-Dieburg,5,0,5,297399,452
DE-HE,17-03-2020,RKI,9,9,0,1584403200000,06432,Darmstadt-Dieburg,14,0,14,297399,452
DE-HE,18-03-2020,RKI,3,3,0,1584489600000,06432,Darmstadt-Dieburg,17,0,17,297399,452
DE-HE,19-03-2020,RKI,16,16,0,1584576000000,06432,Darmstadt-Dieburg,33,0,33,297399,452
DE-HE,20-03-2020,RKI,23,23,0,1584662400000,06432,Darmstadt-Dieburg,56,0,56,297399,452
DE-HE,21-03-2020,RKI,9,8,1,1584748800000,06432,Darmstadt-Dieburg,65,1,64,297399,452
DE-HE,22-03-2020,RKI,1,1,0,1584835200000,06432,Darmstadt-Dieburg,66,1,65,297399,452
DE-HE,23-03-2020,RKI,2,2,0,1584921600000,06432,Darmstadt-Dieburg,68,1,67,297399,452
DE-HE,24-03-2020,RKI,10,9,1,1585008000000,06432,Darmstadt-Dieburg,78,2,76,297399,452
DE-HE,25-03-2020,RKI,21,21,0,1585094400000,06432,Darmstadt-Dieburg,99,2,97,297399,452
DE-HE,26-03-2020,RKI,18,16,2,1585180800000,06432,Darmstadt-Dieburg,117,4,113,297399,452
DE-HE,27-03-2020,RKI,16,16,0,1585267200000,06432,Darmstadt-Dieburg,133,4,129,297399,452
DE-HE,28-03-2020,RKI,8,8,0,1585353600000,06432,Darmstadt-Dieburg,141,4,137,297399,452
DE-HE,29-03-2020,RKI,4,2,2,1585440000000,06432,Darmstadt-Dieburg,145,6,139,297399,452
DE-HE,30-03-2020,RKI,15,14,1,1585526400000,06432,Darmstadt-Dieburg,160,7,153,297399,452
DE-HE,31-03-2020,RKI,17,17,0,1585612800000,06432,Darmstadt-Dieburg,177,7,170,297399,452
DE-HE,01-04-2020,RKI,11,10,1,1585699200000,06432,Darmstadt-Dieburg,188,8,180,297399,452
DE-HE,02-04-2020,RKI,7,7,0,1585785600000,06432,Darmstadt-Dieburg,195,8,187,297399,452
DE-HE,03-04-2020,RKI,7,6,1,1585872000000,06432,Darmstadt-Dieburg,202,9,193,297399,452
DE-HE,04-04-2020,RKI,4,4,0,1585958400000,06432,Darmstadt-Dieburg,206,9,197,297399,452
DE-HE,05-04-2020,RKI,5,5,0,1586044800000,06432,Darmstadt-Dieburg,211,9,202,297399,452
DE-HE,06-04-2020,RKI,6,5,1,1586131200000,06432,Darmstadt-Dieburg,217,10,207,297399,452
DE-HE,07-04-2020,RKI,8,7,1,1586217600000,06432,Darmstadt-Dieburg,225,11,214,297399,452
DE-HE,08-04-2020,RKI,11,11,0,1586304000000,06432,Darmstadt-Dieburg,236,11,225,297399,452
DE-HE,09-04-2020,RKI,14,12,2,1586390400000,06432,Darmstadt-Dieburg,250,13,237,297399,452
DE-HE,10-04-2020,RKI,4,2,1,1586476800000,06432,Darmstadt-Dieburg,254,14,239,297399,452
DE-HE,11-04-2020,RKI,1,1,0,1586563200000,06432,Darmstadt-Dieburg,255,14,240,297399,452
DE-HE,12-04-2020,RKI,3,3,0,1586649600000,06432,Darmstadt-Dieburg,258,14,243,297399,452
DE-HE,13-04-2020,RKI,0,0,0,1586736000000,06432,Darmstadt-Dieburg,258,14,243,297399,452
DE-HE,14-04-2020,RKI,8,7,1,1586822400000,06432,Darmstadt-Dieburg,266,15,250,297399,452
DE-HE,15-04-2020,RKI,7,7,0,1586908800000,06432,Darmstadt-Dieburg,273,15,257,297399,452
DE-HE,16-04-2020,RKI,8,8,0,1586995200000,06432,Darmstadt-Dieburg,281,15,265,297399,452
DE-HE,17-04-2020,RKI,3,3,0,1587081600000,06432,Darmstadt-Dieburg,284,15,268,297399,452
DE-HE,18-04-2020,RKI,6,6,0,1587168000000,06432,Darmstadt-Dieburg,290,15,274,297399,452
DE-HE,20-04-2020,RKI,1,0,1,1587340800000,06432,Darmstadt-Dieburg,291,16,274,297399,452
DE-HE,21-04-2020,RKI,4,4,0,1587427200000,06432,Darmstadt-Dieburg,295,16,278,297399,452
DE-HE,22-04-2020,RKI,3,2,1,1587513600000,06432,Darmstadt-Dieburg,298,17,280,297399,452
DE-HE,23-04-2020,RKI,2,2,0,1587600000000,06432,Darmstadt-Dieburg,300,17,282,297399,452
DE-HE,24-04-2020,RKI,0,0,0,1587686400000,06432,Darmstadt-Dieburg,300,17,282,297399,452
DE-HE,26-04-2020,RKI,1,1,0,1587859200000,06432,Darmstadt-Dieburg,301,17,283,297399,452
DE-HE,27-04-2020,RKI,9,9,0,1587945600000,06432,Darmstadt-Dieburg,310,17,292,297399,452
DE-HE,28-04-2020,RKI,0,0,0,1588032000000,06432,Darmstadt-Dieburg,310,17,292,297399,452
DE-HE,29-04-2020,RKI,0,0,0,1588118400000,06432,Darmstadt-Dieburg,310,17,292,297399,452
DE-HE,30-04-2020,RKI,3,2,1,1588204800000,06432,Darmstadt-Dieburg,313,18,294,297399,452
DE-HE,01-05-2020,RKI,0,0,0,1588291200000,06432,Darmstadt-Dieburg,313,18,294,297399,452
DE-HE,02-05-2020,RKI,0,0,0,1588377600000,06432,Darmstadt-Dieburg,313,18,294,297399,452
DE-HE,04-05-2020,RKI,0,0,0,1588550400000,06432,Darmstadt-Dieburg,313,18,294,297399,452
DE-HE,05-05-2020,RKI,1,1,0,1588636800000,06432,Darmstadt-Dieburg,314,18,295,297399,452
DE-HE,08-05-2020,RKI,1,1,0,1588896000000,06432,Darmstadt-Dieburg,315,18,296,297399,452
DE-HE,09-05-2020,RKI,3,3,0,1588982400000,06432,Darmstadt-Dieburg,318,18,299,297399,452
DE-HE,10-05-2020,RKI,0,0,0,1589068800000,06432,Darmstadt-Dieburg,318,18,299,297399,452
DE-HE,11-05-2020,RKI,0,0,0,1589155200000,06432,Darmstadt-Dieburg,318,18,299,297399,452
DE-HE,12-05-2020,RKI,2,1,1,1589241600000,06432,Darmstadt-Dieburg,320,19,300,297399,452
DE-HE,13-05-2020,RKI,4,3,0,1589328000000,06432,Darmstadt-Dieburg,324,19,303,297399,452
DE-HE,14-05-2020,RKI,2,1,0,1589414400000,06432,Darmstadt-Dieburg,326,19,304,297399,452
DE-HE,15-05-2020,RKI,1,0,0,1589500800000,06432,Darmstadt-Dieburg,327,19,304,297399,452
DE-HE,16-05-2020,RKI,3,2,0,1589587200000,06432,Darmstadt-Dieburg,330,19,306,297399,452
DE-HE,18-05-2020,RKI,0,0,0,1589760000000,06432,Darmstadt-Dieburg,330,19,306,297399,452
DE-HE,19-05-2020,RKI,6,5,0,1589846400000,06432,Darmstadt-Dieburg,336,19,311,297399,452
DE-HE,20-05-2020,RKI,3,3,0,1589932800000,06432,Darmstadt-Dieburg,339,19,314,297399,452
DE-HE,21-05-2020,RKI,1,1,0,1590019200000,06432,Darmstadt-Dieburg,340,19,315,297399,452
DE-HE,22-05-2020,RKI,1,1,0,1590105600000,06432,Darmstadt-Dieburg,341,19,316,297399,452
DE-HE,25-05-2020,RKI,3,2,0,1590364800000,06432,Darmstadt-Dieburg,344,19,318,297399,452
DE-HE,27-05-2020,RKI,0,0,0,1590537600000,06432,Darmstadt-Dieburg,344,19,318,297399,452
DE-HE,28-05-2020,RKI,1,1,0,1590624000000,06432,Darmstadt-Dieburg,345,19,319,297399,452
DE-HE,29-05-2020,RKI,1,0,0,1590710400000,06432,Darmstadt-Dieburg,346,19,319,297399,452
DE-HE,30-05-2020,RKI,1,0,0,1590796800000,06432,Darmstadt-Dieburg,347,19,319,297399,452
DE-HE,02-06-2020,RKI,1,0,0,1591056000000,06432,Darmstadt-Dieburg,348,19,319,297399,452
DE-HE,05-06-2020,RKI,1,0,0,1591315200000,06432,Darmstadt-Dieburg,349,19,319,297399,452
DE-HE,11-03-2020,RKI,0,0,0,1583884800000,06433,Groß-Gerau,0,0,0,274526,606
DE-HE,12-03-2020,RKI,0,0,0,1583971200000,06433,Groß-Gerau,0,0,0,274526,606
DE-HE,13-03-2020,RKI,0,0,0,1584057600000,06433,Groß-Gerau,0,0,0,274526,606
DE-HE,16-03-2020,RKI,6,6,0,1584316800000,06433,Groß-Gerau,6,0,6,274526,606
DE-HE,17-03-2020,RKI,0,0,0,1584403200000,06433,Groß-Gerau,6,0,6,274526,606
DE-HE,18-03-2020,RKI,8,8,0,1584489600000,06433,Groß-Gerau,14,0,14,274526,606
DE-HE,19-03-2020,RKI,10,10,0,1584576000000,06433,Groß-Gerau,24,0,24,274526,606
DE-HE,20-03-2020,RKI,23,23,0,1584662400000,06433,Groß-Gerau,47,0,47,274526,606
DE-HE,21-03-2020,RKI,14,14,0,1584748800000,06433,Groß-Gerau,61,0,61,274526,606
DE-HE,22-03-2020,RKI,11,11,0,1584835200000,06433,Groß-Gerau,72,0,72,274526,606
DE-HE,23-03-2020,RKI,15,14,1,1584921600000,06433,Groß-Gerau,87,1,86,274526,606
DE-HE,24-03-2020,RKI,17,17,0,1585008000000,06433,Groß-Gerau,104,1,103,274526,606
DE-HE,25-03-2020,RKI,4,4,0,1585094400000,06433,Groß-Gerau,108,1,107,274526,606
DE-HE,26-03-2020,RKI,13,13,0,1585180800000,06433,Groß-Gerau,121,1,120,274526,606
DE-HE,27-03-2020,RKI,12,12,0,1585267200000,06433,Groß-Gerau,133,1,132,274526,606
DE-HE,28-03-2020,RKI,18,18,0,1585353600000,06433,Groß-Gerau,151,1,150,274526,606
DE-HE,29-03-2020,RKI,14,14,0,1585440000000,06433,Groß-Gerau,165,1,164,274526,606
DE-HE,30-03-2020,RKI,5,5,0,1585526400000,06433,Groß-Gerau,170,1,169,274526,606
DE-HE,31-03-2020,RKI,4,3,1,1585612800000,06433,Groß-Gerau,174,2,172,274526,606
DE-HE,01-04-2020,RKI,18,17,1,1585699200000,06433,Groß-Gerau,192,3,189,274526,606
DE-HE,02-04-2020,RKI,8,8,0,1585785600000,06433,Groß-Gerau,200,3,197,274526,606
DE-HE,03-04-2020,RKI,10,9,1,1585872000000,06433,Groß-Gerau,210,4,206,274526,606
DE-HE,04-04-2020,RKI,7,6,1,1585958400000,06433,Groß-Gerau,217,5,212,274526,606
DE-HE,06-04-2020,RKI,5,5,0,1586131200000,06433,Groß-Gerau,222,5,217,274526,606
DE-HE,07-04-2020,RKI,7,7,0,1586217600000,06433,Groß-Gerau,229,5,224,274526,606
DE-HE,08-04-2020,RKI,9,9,0,1586304000000,06433,Groß-Gerau,238,5,233,274526,606
DE-HE,09-04-2020,RKI,10,10,0,1586390400000,06433,Groß-Gerau,248,5,243,274526,606
DE-HE,10-04-2020,RKI,16,15,1,1586476800000,06433,Groß-Gerau,264,6,258,274526,606
DE-HE,11-04-2020,RKI,0,0,0,1586563200000,06433,Groß-Gerau,264,6,258,274526,606
DE-HE,12-04-2020,RKI,3,3,0,1586649600000,06433,Groß-Gerau,267,6,261,274526,606
DE-HE,15-04-2020,RKI,12,12,0,1586908800000,06433,Groß-Gerau,279,6,273,274526,606
DE-HE,16-04-2020,RKI,12,11,1,1586995200000,06433,Groß-Gerau,291,7,284,274526,606
DE-HE,17-04-2020,RKI,13,13,0,1587081600000,06433,Groß-Gerau,304,7,297,274526,606
DE-HE,18-04-2020,RKI,3,3,0,1587168000000,06433,Groß-Gerau,307,7,300,274526,606
DE-HE,19-04-2020,RKI,0,0,0,1587254400000,06433,Groß-Gerau,307,7,300,274526,606
DE-HE,20-04-2020,RKI,3,3,0,1587340800000,06433,Groß-Gerau,310,7,303,274526,606
DE-HE,21-04-2020,RKI,11,11,0,1587427200000,06433,Groß-Gerau,321,7,314,274526,606
DE-HE,22-04-2020,RKI,4,3,1,1587513600000,06433,Groß-Gerau,325,8,317,274526,606
DE-HE,23-04-2020,RKI,10,8,2,1587600000000,06433,Groß-Gerau,335,10,325,274526,606
DE-HE,24-04-2020,RKI,6,6,0,1587686400000,06433,Groß-Gerau,341,10,331,274526,606
DE-HE,26-04-2020,RKI,3,2,1,1587859200000,06433,Groß-Gerau,344,11,333,274526,606
DE-HE,27-04-2020,RKI,1,1,0,1587945600000,06433,Groß-Gerau,345,11,334,274526,606
DE-HE,28-04-2020,RKI,8,8,0,1588032000000,06433,Groß-Gerau,353,11,342,274526,606
DE-HE,29-04-2020,RKI,8,8,0,1588118400000,06433,Groß-Gerau,361,11,350,274526,606
DE-HE,30-04-2020,RKI,6,6,0,1588204800000,06433,Groß-Gerau,367,11,356,274526,606
DE-HE,01-05-2020,RKI,3,3,0,1588291200000,06433,Groß-Gerau,370,11,359,274526,606
DE-HE,02-05-2020,RKI,1,1,0,1588377600000,06433,Groß-Gerau,371,11,360,274526,606
DE-HE,04-05-2020,RKI,0,0,0,1588550400000,06433,Groß-Gerau,371,11,360,274526,606
DE-HE,05-05-2020,RKI,8,8,0,1588636800000,06433,Groß-Gerau,379,11,368,274526,606
DE-HE,06-05-2020,RKI,4,3,1,1588723200000,06433,Groß-Gerau,383,12,371,274526,606
DE-HE,07-05-2020,RKI,6,6,0,1588809600000,06433,Groß-Gerau,389,12,377,274526,606
DE-HE,08-05-2020,RKI,10,10,0,1588896000000,06433,Groß-Gerau,399,12,387,274526,606
DE-HE,09-05-2020,RKI,1,1,0,1588982400000,06433,Groß-Gerau,400,12,388,274526,606
DE-HE,10-05-2020,RKI,0,0,0,1589068800000,06433,Groß-Gerau,400,12,388,274526,606
DE-HE,12-05-2020,RKI,13,11,0,1589241600000,06433,Groß-Gerau,413,12,399,274526,606
DE-HE,13-05-2020,RKI,1,0,0,1589328000000,06433,Groß-Gerau,414,12,399,274526,606
DE-HE,14-05-2020,RKI,0,0,0,1589414400000,06433,Groß-Gerau,414,12,399,274526,606
DE-HE,15-05-2020,RKI,2,1,0,1589500800000,06433,Groß-Gerau,416,12,400,274526,606
DE-HE,16-05-2020,RKI,2,0,0,1589587200000,06433,Groß-Gerau,418,12,400,274526,606
DE-HE,18-05-2020,RKI,0,0,0,1589760000000,06433,Groß-Gerau,418,12,400,274526,606
DE-HE,19-05-2020,RKI,2,1,0,1589846400000,06433,Groß-Gerau,420,12,401,274526,606
DE-HE,20-05-2020,RKI,3,3,0,1589932800000,06433,Groß-Gerau,423,12,404,274526,606
DE-HE,22-05-2020,RKI,0,0,0,1590105600000,06433,Groß-Gerau,423,12,404,274526,606
DE-HE,23-05-2020,RKI,3,1,0,1590192000000,06433,Groß-Gerau,426,12,405,274526,606
DE-HE,24-05-2020,RKI,1,0,0,1590278400000,06433,Groß-Gerau,427,12,405,274526,606
DE-HE,25-05-2020,RKI,0,0,0,1590364800000,06433,Groß-Gerau,427,12,405,274526,606
DE-HE,26-05-2020,RKI,3,0,0,1590451200000,06433,Groß-Gerau,430,12,405,274526,606
DE-HE,27-05-2020,RKI,4,2,0,1590537600000,06433,Groß-Gerau,434,12,407,274526,606
DE-HE,28-05-2020,RKI,0,0,0,1590624000000,06433,Groß-Gerau,434,12,407,274526,606
DE-HE,29-05-2020,RKI,0,0,0,1590710400000,06433,Groß-Gerau,434,12,407,274526,606
DE-HE,02-06-2020,RKI,0,0,0,1591056000000,06433,Groß-Gerau,434,12,407,274526,606
DE-HE,03-06-2020,RKI,1,0,0,1591142400000,06433,Groß-Gerau,435,12,407,274526,606
DE-HE,04-06-2020,RKI,0,0,0,1591228800000,06433,Groß-Gerau,435,12,407,274526,606
DE-HE,05-06-2020,RKI,1,0,0,1591315200000,06433,Groß-Gerau,436,12,407,274526,606
DE-HE,04-03-2020,RKI,0,0,0,1583280000000,06434,Hochtaunuskreis,0,0,0,236564,491
DE-HE,09-03-2020,RKI,0,0,0,1583712000000,06434,Hochtaunuskreis,0,0,0,236564,491
DE-HE,12-03-2020,RKI,0,0,0,1583971200000,06434,Hochtaunuskreis,0,0,0,236564,491
DE-HE,13-03-2020,RKI,1,1,0,1584057600000,06434,Hochtaunuskreis,1,0,1,236564,491
DE-HE,14-03-2020,RKI,2,2,0,1584144000000,06434,Hochtaunuskreis,3,0,3,236564,491
DE-HE,15-03-2020,RKI,1,1,0,1584230400000,06434,Hochtaunuskreis,4,0,4,236564,491
DE-HE,16-03-2020,RKI,8,8,0,1584316800000,06434,Hochtaunuskreis,12,0,12,236564,491
DE-HE,17-03-2020,RKI,3,3,0,1584403200000,06434,Hochtaunuskreis,15,0,15,236564,491
DE-HE,18-03-2020,RKI,8,8,0,1584489600000,06434,Hochtaunuskreis,23,0,23,236564,491
DE-HE,19-03-2020,RKI,13,13,0,1584576000000,06434,Hochtaunuskreis,36,0,36,236564,491
DE-HE,20-03-2020,RKI,8,8,0,1584662400000,06434,Hochtaunuskreis,44,0,44,236564,491
DE-HE,21-03-2020,RKI,7,7,0,1584748800000,06434,Hochtaunuskreis,51,0,51,236564,491
DE-HE,22-03-2020,RKI,1,1,0,1584835200000,06434,Hochtaunuskreis,52,0,52,236564,491
DE-HE,23-03-2020,RKI,1,1,0,1584921600000,06434,Hochtaunuskreis,53,0,53,236564,491
DE-HE,24-03-2020,RKI,15,14,1,1585008000000,06434,Hochtaunuskreis,68,1,67,236564,491
DE-HE,25-03-2020,RKI,20,19,1,1585094400000,06434,Hochtaunuskreis,88,2,86,236564,491
DE-HE,26-03-2020,RKI,4,3,1,1585180800000,06434,Hochtaunuskreis,92,3,89,236564,491
DE-HE,27-03-2020,RKI,12,12,0,1585267200000,06434,Hochtaunuskreis,104,3,101,236564,491
DE-HE,28-03-2020,RKI,3,3,0,1585353600000,06434,Hochtaunuskreis,107,3,104,236564,491
DE-HE,29-03-2020,RKI,3,3,0,1585440000000,06434,Hochtaunuskreis,110,3,107,236564,491
DE-HE,30-03-2020,RKI,4,4,0,1585526400000,06434,Hochtaunuskreis,114,3,111,236564,491
DE-HE,31-03-2020,RKI,13,13,0,1585612800000,06434,Hochtaunuskreis,127,3,124,236564,491
DE-HE,01-04-2020,RKI,6,5,1,1585699200000,06434,Hochtaunuskreis,133,4,129,236564,491
DE-HE,02-04-2020,RKI,4,4,0,1585785600000,06434,Hochtaunuskreis,137,4,133,236564,491
DE-HE,03-04-2020,RKI,9,9,0,1585872000000,06434,Hochtaunuskreis,146,4,142,236564,491
DE-HE,04-04-2020,RKI,4,4,0,1585958400000,06434,Hochtaunuskreis,150,4,146,236564,491
DE-HE,05-04-2020,RKI,0,0,0,1586044800000,06434,Hochtaunuskreis,150,4,146,236564,491
DE-HE,06-04-2020,RKI,2,2,0,1586131200000,06434,Hochtaunuskreis,152,4,148,236564,491
DE-HE,07-04-2020,RKI,6,6,0,1586217600000,06434,Hochtaunuskreis,158,4,154,236564,491
DE-HE,08-04-2020,RKI,11,11,0,1586304000000,06434,Hochtaunuskreis,169,4,165,236564,491
DE-HE,09-04-2020,RKI,1,1,0,1586390400000,06434,Hochtaunuskreis,170,4,166,236564,491
DE-HE,10-04-2020,RKI,3,3,0,1586476800000,06434,Hochtaunuskreis,173,4,169,236564,491
DE-HE,13-04-2020,RKI,0,0,0,1586736000000,06434,Hochtaunuskreis,173,4,169,236564,491
DE-HE,14-04-2020,RKI,0,0,0,1586822400000,06434,Hochtaunuskreis,173,4,169,236564,491
DE-HE,15-04-2020,RKI,2,2,0,1586908800000,06434,Hochtaunuskreis,175,4,171,236564,491
DE-HE,16-04-2020,RKI,1,1,0,1586995200000,06434,Hochtaunuskreis,176,4,172,236564,491
DE-HE,17-04-2020,RKI,1,1,0,1587081600000,06434,Hochtaunuskreis,177,4,173,236564,491
DE-HE,18-04-2020,RKI,1,0,1,1587168000000,06434,Hochtaunuskreis,178,5,173,236564,491
DE-HE,20-04-2020,RKI,0,0,0,1587340800000,06434,Hochtaunuskreis,178,5,173,236564,491
DE-HE,21-04-2020,RKI,2,2,0,1587427200000,06434,Hochtaunuskreis,180,5,175,236564,491
DE-HE,22-04-2020,RKI,2,2,0,1587513600000,06434,Hochtaunuskreis,182,5,177,236564,491
DE-HE,23-04-2020,RKI,1,1,0,1587600000000,06434,Hochtaunuskreis,183,5,178,236564,491
DE-HE,26-04-2020,RKI,0,0,0,1587859200000,06434,Hochtaunuskreis,183,5,178,236564,491
DE-HE,27-04-2020,RKI,0,0,0,1587945600000,06434,Hochtaunuskreis,183,5,178,236564,491
DE-HE,29-04-2020,RKI,4,4,0,1588118400000,06434,Hochtaunuskreis,187,5,182,236564,491
DE-HE,30-04-2020,RKI,2,2,0,1588204800000,06434,Hochtaunuskreis,189,5,184,236564,491
DE-HE,01-05-2020,RKI,0,0,0,1588291200000,06434,Hochtaunuskreis,189,5,184,236564,491
DE-HE,02-05-2020,RKI,0,0,0,1588377600000,06434,Hochtaunuskreis,189,5,184,236564,491
DE-HE,04-05-2020,RKI,1,1,0,1588550400000,06434,Hochtaunuskreis,190,5,185,236564,491
DE-HE,09-05-2020,RKI,1,1,0,1588982400000,06434,Hochtaunuskreis,191,5,186,236564,491
DE-HE,10-05-2020,RKI,1,1,0,1589068800000,06434,Hochtaunuskreis,192,5,187,236564,491
DE-HE,15-05-2020,RKI,1,0,0,1589500800000,06434,Hochtaunuskreis,193,5,187,236564,491
DE-HE,17-05-2020,RKI,0,0,0,1589673600000,06434,Hochtaunuskreis,193,5,187,236564,491
DE-HE,18-05-2020,RKI,0,0,0,1589760000000,06434,Hochtaunuskreis,193,5,187,236564,491
DE-HE,19-05-2020,RKI,0,0,0,1589846400000,06434,Hochtaunuskreis,193,5,187,236564,491
DE-HE,20-05-2020,RKI,4,4,0,1589932800000,06434,Hochtaunuskreis,197,5,191,236564,491
DE-HE,22-05-2020,RKI,3,3,0,1590105600000,06434,Hochtaunuskreis,200,5,194,236564,491
DE-HE,23-05-2020,RKI,0,0,0,1590192000000,06434,Hochtaunuskreis,200,5,194,236564,491
DE-HE,25-05-2020,RKI,0,0,0,1590364800000,06434,Hochtaunuskreis,200,5,194,236564,491
DE-HE,26-05-2020,RKI,7,4,0,1590451200000,06434,Hochtaunuskreis,207,5,198,236564,491
DE-HE,27-05-2020,RKI,0,0,0,1590537600000,06434,Hochtaunuskreis,207,5,198,236564,491
DE-HE,28-05-2020,RKI,2,1,0,1590624000000,06434,Hochtaunuskreis,209,5,199,236564,491
DE-HE,29-05-2020,RKI,3,0,0,1590710400000,06434,Hochtaunuskreis,212,5,199,236564,491
DE-HE,02-06-2020,RKI,1,0,0,1591056000000,06434,Hochtaunuskreis,213,5,199,236564,491
DE-HE,03-06-2020,RKI,0,0,0,1591142400000,06434,Hochtaunuskreis,213,5,199,236564,491
DE-HE,04-06-2020,RKI,0,0,0,1591228800000,06434,Hochtaunuskreis,213,5,199,236564,491
DE-HE,09-03-2020,RKI,0,0,0,1583712000000,06435,Main-Kinzig-Kreis,0,0,0,418950,300
DE-HE,10-03-2020,RKI,0,0,0,1583798400000,06435,Main-Kinzig-Kreis,0,0,0,418950,300
DE-HE,11-03-2020,RKI,5,5,0,1583884800000,06435,Main-Kinzig-Kreis,5,0,5,418950,300
DE-HE,12-03-2020,RKI,7,7,0,1583971200000,06435,Main-Kinzig-Kreis,12,0,12,418950,300
DE-HE,13-03-2020,RKI,9,9,0,1584057600000,06435,Main-Kinzig-Kreis,21,0,21,418950,300
DE-HE,14-03-2020,RKI,9,9,0,1584144000000,06435,Main-Kinzig-Kreis,30,0,30,418950,300
DE-HE,15-03-2020,RKI,0,0,0,1584230400000,06435,Main-Kinzig-Kreis,30,0,30,418950,300
DE-HE,16-03-2020,RKI,2,2,0,1584316800000,06435,Main-Kinzig-Kreis,32,0,32,418950,300
DE-HE,17-03-2020,RKI,13,13,0,1584403200000,06435,Main-Kinzig-Kreis,45,0,45,418950,300
DE-HE,18-03-2020,RKI,12,12,0,1584489600000,06435,Main-Kinzig-Kreis,57,0,57,418950,300
DE-HE,19-03-2020,RKI,3,3,0,1584576000000,06435,Main-Kinzig-Kreis,60,0,60,418950,300
DE-HE,20-03-2020,RKI,6,6,0,1584662400000,06435,Main-Kinzig-Kreis,66,0,66,418950,300
DE-HE,21-03-2020,RKI,2,2,0,1584748800000,06435,Main-Kinzig-Kreis,68,0,68,418950,300
DE-HE,22-03-2020,RKI,1,1,0,1584835200000,06435,Main-Kinzig-Kreis,69,0,69,418950,300
DE-HE,23-03-2020,RKI,9,8,1,1584921600000,06435,Main-Kinzig-Kreis,78,1,77,418950,300
DE-HE,24-03-2020,RKI,5,5,0,1585008000000,06435,Main-Kinzig-Kreis,83,1,82,418950,300
DE-HE,25-03-2020,RKI,13,12,1,1585094400000,06435,Main-Kinzig-Kreis,96,2,94,418950,300
DE-HE,26-03-2020,RKI,18,18,0,1585180800000,06435,Main-Kinzig-Kreis,114,2,112,418950,300
DE-HE,27-03-2020,RKI,15,15,0,1585267200000,06435,Main-Kinzig-Kreis,129,2,127,418950,300
DE-HE,28-03-2020,RKI,17,17,0,1585353600000,06435,Main-Kinzig-Kreis,146,2,144,418950,300
DE-HE,29-03-2020,RKI,3,1,2,1585440000000,06435,Main-Kinzig-Kreis,149,4,145,418950,300
DE-HE,30-03-2020,RKI,18,14,4,1585526400000,06435,Main-Kinzig-Kreis,167,8,159,418950,300
DE-HE,31-03-2020,RKI,16,15,1,1585612800000,06435,Main-Kinzig-Kreis,183,9,174,418950,300
DE-HE,01-04-2020,RKI,22,21,1,1585699200000,06435,Main-Kinzig-Kreis,205,10,195,418950,300
DE-HE,02-04-2020,RKI,13,13,0,1585785600000,06435,Main-Kinzig-Kreis,218,10,208,418950,300
DE-HE,03-04-2020,RKI,21,20,1,1585872000000,06435,Main-Kinzig-Kreis,239,11,228,418950,300
DE-HE,04-04-2020,RKI,13,13,0,1585958400000,06435,Main-Kinzig-Kreis,252,11,241,418950,300
DE-HE,05-04-2020,RKI,0,0,0,1586044800000,06435,Main-Kinzig-Kreis,252,11,241,418950,300
DE-HE,06-04-2020,RKI,12,9,3,1586131200000,06435,Main-Kinzig-Kreis,264,14,250,418950,300
DE-HE,07-04-2020,RKI,22,19,3,1586217600000,06435,Main-Kinzig-Kreis,286,17,269,418950,300
DE-HE,08-04-2020,RKI,18,18,0,1586304000000,06435,Main-Kinzig-Kreis,304,17,287,418950,300
DE-HE,09-04-2020,RKI,13,12,1,1586390400000,06435,Main-Kinzig-Kreis,317,18,299,418950,300
DE-HE,10-04-2020,RKI,9,9,0,1586476800000,06435,Main-Kinzig-Kreis,326,18,308,418950,300
DE-HE,11-04-2020,RKI,21,17,4,1586563200000,06435,Main-Kinzig-Kreis,347,22,325,418950,300
DE-HE,12-04-2020,RKI,4,4,0,1586649600000,06435,Main-Kinzig-Kreis,351,22,329,418950,300
DE-HE,13-04-2020,RKI,3,2,1,1586736000000,06435,Main-Kinzig-Kreis,354,23,331,418950,300
DE-HE,14-04-2020,RKI,11,10,1,1586822400000,06435,Main-Kinzig-Kreis,365,24,341,418950,300
DE-HE,15-04-2020,RKI,24,23,1,1586908800000,06435,Main-Kinzig-Kreis,389,25,364,418950,300
DE-HE,16-04-2020,RKI,21,18,3,1586995200000,06435,Main-Kinzig-Kreis,410,28,382,418950,300
DE-HE,17-04-2020,RKI,22,19,3,1587081600000,06435,Main-Kinzig-Kreis,432,31,401,418950,300
DE-HE,18-04-2020,RKI,22,18,4,1587168000000,06435,Main-Kinzig-Kreis,454,35,419,418950,300
DE-HE,19-04-2020,RKI,1,0,1,1587254400000,06435,Main-Kinzig-Kreis,455,36,419,418950,300
DE-HE,20-04-2020,RKI,10,10,0,1587340800000,06435,Main-Kinzig-Kreis,465,36,429,418950,300
DE-HE,21-04-2020,RKI,26,24,2,1587427200000,06435,Main-Kinzig-Kreis,491,38,453,418950,300
DE-HE,22-04-2020,RKI,17,17,0,1587513600000,06435,Main-Kinzig-Kreis,508,38,470,418950,300
DE-HE,23-04-2020,RKI,1,1,0,1587600000000,06435,Main-Kinzig-Kreis,509,38,471,418950,300
DE-HE,24-04-2020,RKI,9,9,0,1587686400000,06435,Main-Kinzig-Kreis,518,38,480,418950,300
DE-HE,25-04-2020,RKI,10,9,1,1587772800000,06435,Main-Kinzig-Kreis,528,39,489,418950,300
DE-HE,26-04-2020,RKI,4,4,0,1587859200000,06435,Main-Kinzig-Kreis,532,39,493,418950,300
DE-HE,27-04-2020,RKI,2,2,0,1587945600000,06435,Main-Kinzig-Kreis,534,39,495,418950,300
DE-HE,28-04-2020,RKI,15,14,1,1588032000000,06435,Main-Kinzig-Kreis,549,40,509,418950,300
DE-HE,29-04-2020,RKI,8,8,0,1588118400000,06435,Main-Kinzig-Kreis,557,40,517,418950,300
DE-HE,30-04-2020,RKI,8,7,1,1588204800000,06435,Main-Kinzig-Kreis,565,41,524,418950,300
DE-HE,01-05-2020,RKI,13,13,0,1588291200000,06435,Main-Kinzig-Kreis,578,41,537,418950,300
DE-HE,02-05-2020,RKI,0,0,0,1588377600000,06435,Main-Kinzig-Kreis,578,41,537,418950,300
DE-HE,03-05-2020,RKI,1,1,0,1588464000000,06435,Main-Kinzig-Kreis,579,41,538,418950,300
DE-HE,04-05-2020,RKI,1,1,0,1588550400000,06435,Main-Kinzig-Kreis,580,41,539,418950,300
DE-HE,05-05-2020,RKI,1,1,0,1588636800000,06435,Main-Kinzig-Kreis,581,41,540,418950,300
DE-HE,06-05-2020,RKI,5,4,1,1588723200000,06435,Main-Kinzig-Kreis,586,42,544,418950,300
DE-HE,07-05-2020,RKI,3,3,0,1588809600000,06435,Main-Kinzig-Kreis,589,42,547,418950,300
DE-HE,08-05-2020,RKI,10,9,1,1588896000000,06435,Main-Kinzig-Kreis,599,43,556,418950,300
DE-HE,09-05-2020,RKI,4,4,0,1588982400000,06435,Main-Kinzig-Kreis,603,43,560,418950,300
DE-HE,11-05-2020,RKI,2,2,0,1589155200000,06435,Main-Kinzig-Kreis,605,43,562,418950,300
DE-HE,12-05-2020,RKI,5,4,1,1589241600000,06435,Main-Kinzig-Kreis,610,44,566,418950,300
DE-HE,13-05-2020,RKI,6,6,0,1589328000000,06435,Main-Kinzig-Kreis,616,44,572,418950,300
DE-HE,14-05-2020,RKI,3,3,0,1589414400000,06435,Main-Kinzig-Kreis,619,44,575,418950,300
DE-HE,15-05-2020,RKI,3,3,0,1589500800000,06435,Main-Kinzig-Kreis,622,44,578,418950,300
DE-HE,16-05-2020,RKI,0,0,0,1589587200000,06435,Main-Kinzig-Kreis,622,44,578,418950,300
DE-HE,17-05-2020,RKI,3,1,0,1589673600000,06435,Main-Kinzig-Kreis,625,44,579,418950,300
DE-HE,18-05-2020,RKI,5,5,0,1589760000000,06435,Main-Kinzig-Kreis,630,44,584,418950,300
DE-HE,20-05-2020,RKI,8,7,0,1589932800000,06435,Main-Kinzig-Kreis,638,44,591,418950,300
DE-HE,21-05-2020,RKI,3,2,0,1590019200000,06435,Main-Kinzig-Kreis,641,44,593,418950,300
DE-HE,22-05-2020,RKI,7,7,0,1590105600000,06435,Main-Kinzig-Kreis,648,44,600,418950,300
DE-HE,23-05-2020,RKI,4,4,0,1590192000000,06435,Main-Kinzig-Kreis,652,44,604,418950,300
DE-HE,26-05-2020,RKI,14,4,0,1590451200000,06435,Main-Kinzig-Kreis,666,44,608,418950,300
DE-HE,28-05-2020,RKI,4,1,0,1590624000000,06435,Main-Kinzig-Kreis,670,44,609,418950,300
DE-HE,29-05-2020,RKI,6,3,0,1590710400000,06435,Main-Kinzig-Kreis,676,44,612,418950,300
DE-HE,30-05-2020,RKI,0,0,0,1590796800000,06435,Main-Kinzig-Kreis,676,44,612,418950,300
DE-HE,03-06-2020,RKI,0,0,0,1591142400000,06435,Main-Kinzig-Kreis,676,44,612,418950,300
DE-HE,04-06-2020,RKI,0,0,0,1591228800000,06435,Main-Kinzig-Kreis,676,44,612,418950,300
DE-HE,11-03-2020,RKI,0,0,0,1583884800000,06436,Main-Taunus-Kreis,1,0,1,237735,1069
DE-HE,12-03-2020,RKI,0,0,0,1583971200000,06436,Main-Taunus-Kreis,1,0,1,237735,1069
DE-HE,13-03-2020,RKI,6,6,0,1584057600000,06436,Main-Taunus-Kreis,7,0,7,237735,1069
DE-HE,16-03-2020,RKI,4,4,0,1584316800000,06436,Main-Taunus-Kreis,11,0,11,237735,1069
DE-HE,17-03-2020,RKI,1,1,0,1584403200000,06436,Main-Taunus-Kreis,12,0,12,237735,1069
DE-HE,18-03-2020,RKI,8,8,0,1584489600000,06436,Main-Taunus-Kreis,20,0,20,237735,1069
DE-HE,19-03-2020,RKI,11,10,1,1584576000000,06436,Main-Taunus-Kreis,31,1,30,237735,1069
DE-HE,20-03-2020,RKI,13,12,1,1584662400000,06436,Main-Taunus-Kreis,44,2,42,237735,1069
DE-HE,21-03-2020,RKI,0,0,0,1584748800000,06436,Main-Taunus-Kreis,44,2,42,237735,1069
DE-HE,23-03-2020,RKI,11,11,0,1584921600000,06436,Main-Taunus-Kreis,55,2,53,237735,1069
DE-HE,24-03-2020,RKI,15,15,0,1585008000000,06436,Main-Taunus-Kreis,70,2,68,237735,1069
DE-HE,25-03-2020,RKI,5,4,1,1585094400000,06436,Main-Taunus-Kreis,75,3,72,237735,1069
DE-HE,26-03-2020,RKI,9,9,0,1585180800000,06436,Main-Taunus-Kreis,84,3,81,237735,1069
DE-HE,27-03-2020,RKI,12,12,0,1585267200000,06436,Main-Taunus-Kreis,96,3,93,237735,1069
DE-HE,28-03-2020,RKI,5,5,0,1585353600000,06436,Main-Taunus-Kreis,101,3,98,237735,1069
DE-HE,30-03-2020,RKI,14,14,0,1585526400000,06436,Main-Taunus-Kreis,115,3,112,237735,1069
DE-HE,31-03-2020,RKI,6,6,0,1585612800000,06436,Main-Taunus-Kreis,121,3,118,237735,1069
DE-HE,01-04-2020,RKI,6,6,0,1585699200000,06436,Main-Taunus-Kreis,127,3,124,237735,1069
DE-HE,02-04-2020,RKI,5,4,1,1585785600000,06436,Main-Taunus-Kreis,132,4,128,237735,1069
DE-HE,03-04-2020,RKI,5,5,0,1585872000000,06436,Main-Taunus-Kreis,137,4,133,237735,1069
DE-HE,04-04-2020,RKI,5,5,0,1585958400000,06436,Main-Taunus-Kreis,142,4,138,237735,1069
DE-HE,06-04-2020,RKI,2,2,0,1586131200000,06436,Main-Taunus-Kreis,144,4,140,237735,1069
DE-HE,07-04-2020,RKI,2,2,0,1586217600000,06436,Main-Taunus-Kreis,146,4,142,237735,1069
DE-HE,08-04-2020,RKI,5,5,0,1586304000000,06436,Main-Taunus-Kreis,151,4,147,237735,1069
DE-HE,09-04-2020,RKI,6,6,0,1586390400000,06436,Main-Taunus-Kreis,157,4,153,237735,1069
DE-HE,11-04-2020,RKI,5,5,0,1586563200000,06436,Main-Taunus-Kreis,162,4,158,237735,1069
DE-HE,14-04-2020,RKI,3,3,0,1586822400000,06436,Main-Taunus-Kreis,165,4,161,237735,1069
DE-HE,15-04-2020,RKI,5,4,1,1586908800000,06436,Main-Taunus-Kreis,170,5,165,237735,1069
DE-HE,16-04-2020,RKI,4,4,0,1586995200000,06436,Main-Taunus-Kreis,174,5,169,237735,1069
DE-HE,17-04-2020,RKI,0,0,0,1587081600000,06436,Main-Taunus-Kreis,174,5,169,237735,1069
DE-HE,18-04-2020,RKI,5,5,0,1587168000000,06436,Main-Taunus-Kreis,179,5,174,237735,1069
DE-HE,20-04-2020,RKI,0,0,0,1587340800000,06436,Main-Taunus-Kreis,179,5,174,237735,1069
DE-HE,21-04-2020,RKI,7,7,0,1587427200000,06436,Main-Taunus-Kreis,186,5,181,237735,1069
DE-HE,22-04-2020,RKI,11,10,1,1587513600000,06436,Main-Taunus-Kreis,197,6,191,237735,1069
DE-HE,23-04-2020,RKI,6,6,0,1587600000000,06436,Main-Taunus-Kreis,203,6,197,237735,1069
DE-HE,24-04-2020,RKI,3,2,1,1587686400000,06436,Main-Taunus-Kreis,206,7,199,237735,1069
DE-HE,25-04-2020,RKI,2,2,0,1587772800000,06436,Main-Taunus-Kreis,208,7,201,237735,1069
DE-HE,27-04-2020,RKI,7,7,0,1587945600000,06436,Main-Taunus-Kreis,215,7,208,237735,1069
DE-HE,28-04-2020,RKI,4,4,0,1588032000000,06436,Main-Taunus-Kreis,219,7,212,237735,1069
DE-HE,29-04-2020,RKI,0,0,0,1588118400000,06436,Main-Taunus-Kreis,219,7,212,237735,1069
DE-HE,30-04-2020,RKI,3,0,3,1588204800000,06436,Main-Taunus-Kreis,222,10,212,237735,1069
DE-HE,01-05-2020,RKI,0,0,0,1588291200000,06436,Main-Taunus-Kreis,222,10,212,237735,1069
DE-HE,02-05-2020,RKI,8,8,0,1588377600000,06436,Main-Taunus-Kreis,230,10,220,237735,1069
DE-HE,04-05-2020,RKI,2,2,0,1588550400000,06436,Main-Taunus-Kreis,232,10,222,237735,1069
DE-HE,05-05-2020,RKI,0,0,0,1588636800000,06436,Main-Taunus-Kreis,232,10,222,237735,1069
DE-HE,06-05-2020,RKI,0,0,0,1588723200000,06436,Main-Taunus-Kreis,232,10,222,237735,1069
DE-HE,08-05-2020,RKI,2,2,0,1588896000000,06436,Main-Taunus-Kreis,234,10,224,237735,1069
DE-HE,13-05-2020,RKI,2,1,0,1589328000000,06436,Main-Taunus-Kreis,236,10,225,237735,1069
DE-HE,14-05-2020,RKI,1,0,0,1589414400000,06436,Main-Taunus-Kreis,237,10,225,237735,1069
DE-HE,15-05-2020,RKI,0,0,0,1589500800000,06436,Main-Taunus-Kreis,237,10,225,237735,1069
DE-HE,18-05-2020,RKI,6,4,0,1589760000000,06436,Main-Taunus-Kreis,243,10,229,237735,1069
DE-HE,19-05-2020,RKI,4,4,0,1589846400000,06436,Main-Taunus-Kreis,247,10,233,237735,1069
DE-HE,20-05-2020,RKI,11,9,0,1589932800000,06436,Main-Taunus-Kreis,258,10,242,237735,1069
DE-HE,22-05-2020,RKI,5,4,0,1590105600000,06436,Main-Taunus-Kreis,263,10,246,237735,1069
DE-HE,25-05-2020,RKI,7,2,0,1590364800000,06436,Main-Taunus-Kreis,270,10,248,237735,1069
DE-HE,27-05-2020,RKI,1,0,0,1590537600000,06436,Main-Taunus-Kreis,271,10,248,237735,1069
DE-HE,28-05-2020,RKI,4,0,0,1590624000000,06436,Main-Taunus-Kreis,275,10,248,237735,1069
DE-HE,29-05-2020,RKI,0,0,0,1590710400000,06436,Main-Taunus-Kreis,275,10,248,237735,1069
DE-HE,02-06-2020,RKI,2,0,0,1591056000000,06436,Main-Taunus-Kreis,277,10,248,237735,1069
DE-HE,17-03-2020,RKI,5,5,0,1584403200000,06437,Odenwaldkreis,6,0,6,96798,155
DE-HE,18-03-2020,RKI,1,1,0,1584489600000,06437,Odenwaldkreis,7,0,7,96798,155
DE-HE,19-03-2020,RKI,1,1,0,1584576000000,06437,Odenwaldkreis,8,0,8,96798,155
DE-HE,20-03-2020,RKI,4,3,1,1584662400000,06437,Odenwaldkreis,12,1,11,96798,155
DE-HE,21-03-2020,RKI,4,3,1,1584748800000,06437,Odenwaldkreis,16,2,14,96798,155
DE-HE,22-03-2020,RKI,0,0,0,1584835200000,06437,Odenwaldkreis,16,2,14,96798,155
DE-HE,23-03-2020,RKI,0,0,0,1584921600000,06437,Odenwaldkreis,16,2,14,96798,155
DE-HE,24-03-2020,RKI,2,2,0,1585008000000,06437,Odenwaldkreis,18,2,16,96798,155
DE-HE,25-03-2020,RKI,5,5,0,1585094400000,06437,Odenwaldkreis,23,2,21,96798,155
DE-HE,26-03-2020,RKI,12,11,1,1585180800000,06437,Odenwaldkreis,35,3,32,96798,155
DE-HE,27-03-2020,RKI,1,1,0,1585267200000,06437,Odenwaldkreis,36,3,33,96798,155
DE-HE,28-03-2020,RKI,5,4,1,1585353600000,06437,Odenwaldkreis,41,4,37,96798,155
DE-HE,29-03-2020,RKI,3,3,0,1585440000000,06437,Odenwaldkreis,44,4,40,96798,155
DE-HE,30-03-2020,RKI,2,2,0,1585526400000,06437,Odenwaldkreis,46,4,42,96798,155
DE-HE,31-03-2020,RKI,7,6,1,1585612800000,06437,Odenwaldkreis,53,5,48,96798,155
DE-HE,01-04-2020,RKI,23,18,5,1585699200000,06437,Odenwaldkreis,76,10,66,96798,155
DE-HE,02-04-2020,RKI,8,6,2,1585785600000,06437,Odenwaldkreis,84,12,72,96798,155
DE-HE,03-04-2020,RKI,8,8,0,1585872000000,06437,Odenwaldkreis,92,12,80,96798,155
DE-HE,04-04-2020,RKI,19,8,11,1585958400000,06437,Odenwaldkreis,111,23,88,96798,155
DE-HE,05-04-2020,RKI,0,0,0,1586044800000,06437,Odenwaldkreis,111,23,88,96798,155
DE-HE,06-04-2020,RKI,3,0,3,1586131200000,06437,Odenwaldkreis,114,26,88,96798,155
DE-HE,07-04-2020,RKI,9,7,2,1586217600000,06437,Odenwaldkreis,123,28,95,96798,155
DE-HE,08-04-2020,RKI,15,13,2,1586304000000,06437,Odenwaldkreis,138,30,108,96798,155
DE-HE,09-04-2020,RKI,13,9,4,1586390400000,06437,Odenwaldkreis,151,34,117,96798,155
DE-HE,10-04-2020,RKI,4,2,2,1586476800000,06437,Odenwaldkreis,155,36,119,96798,155
DE-HE,11-04-2020,RKI,0,0,0,1586563200000,06437,Odenwaldkreis,155,36,119,96798,155
DE-HE,12-04-2020,RKI,3,3,0,1586649600000,06437,Odenwaldkreis,158,36,122,96798,155
DE-HE,13-04-2020,RKI,4,2,2,1586736000000,06437,Odenwaldkreis,162,38,124,96798,155
DE-HE,14-04-2020,RKI,8,4,4,1586822400000,06437,Odenwaldkreis,170,42,128,96798,155
DE-HE,15-04-2020,RKI,19,17,2,1586908800000,06437,Odenwaldkreis,189,44,145,96798,155
DE-HE,16-04-2020,RKI,9,7,2,1586995200000,06437,Odenwaldkreis,198,46,152,96798,155
DE-HE,17-04-2020,RKI,6,6,0,1587081600000,06437,Odenwaldkreis,204,46,158,96798,155
DE-HE,18-04-2020,RKI,5,2,3,1587168000000,06437,Odenwaldkreis,209,49,160,96798,155
DE-HE,19-04-2020,RKI,7,7,0,1587254400000,06437,Odenwaldkreis,216,49,167,96798,155
DE-HE,20-04-2020,RKI,9,9,0,1587340800000,06437,Odenwaldkreis,225,49,176,96798,155
DE-HE,21-04-2020,RKI,17,14,2,1587427200000,06437,Odenwaldkreis,242,51,190,96798,155
DE-HE,22-04-2020,RKI,22,17,5,1587513600000,06437,Odenwaldkreis,264,56,207,96798,155
DE-HE,23-04-2020,RKI,6,5,1,1587600000000,06437,Odenwaldkreis,270,57,212,96798,155
DE-HE,24-04-2020,RKI,5,4,1,1587686400000,06437,Odenwaldkreis,275,58,216,96798,155
DE-HE,25-04-2020,RKI,3,3,0,1587772800000,06437,Odenwaldkreis,278,58,219,96798,155
DE-HE,26-04-2020,RKI,2,1,1,1587859200000,06437,Odenwaldkreis,280,59,220,96798,155
DE-HE,27-04-2020,RKI,0,0,0,1587945600000,06437,Odenwaldkreis,280,59,220,96798,155
DE-HE,28-04-2020,RKI,19,18,1,1588032000000,06437,Odenwaldkreis,299,60,238,96798,155
DE-HE,29-04-2020,RKI,6,5,1,1588118400000,06437,Odenwaldkreis,305,61,243,96798,155
DE-HE,30-04-2020,RKI,3,3,0,1588204800000,06437,Odenwaldkreis,308,61,246,96798,155
DE-HE,01-05-2020,RKI,3,3,0,1588291200000,06437,Odenwaldkreis,311,61,249,96798,155
DE-HE,02-05-2020,RKI,0,0,0,1588377600000,06437,Odenwaldkreis,311,61,249,96798,155
DE-HE,03-05-2020,RKI,1,1,0,1588464000000,06437,Odenwaldkreis,312,61,250,96798,155
DE-HE,04-05-2020,RKI,0,0,0,1588550400000,06437,Odenwaldkreis,312,61,250,96798,155
DE-HE,05-05-2020,RKI,5,5,0,1588636800000,06437,Odenwaldkreis,317,61,255,96798,155
DE-HE,06-05-2020,RKI,5,5,0,1588723200000,06437,Odenwaldkreis,322,61,260,96798,155
DE-HE,07-05-2020,RKI,5,5,0,1588809600000,06437,Odenwaldkreis,327,61,265,96798,155
DE-HE,08-05-2020,RKI,2,2,0,1588896000000,06437,Odenwaldkreis,329,61,267,96798,155
DE-HE,09-05-2020,RKI,2,2,0,1588982400000,06437,Odenwaldkreis,331,61,269,96798,155
DE-HE,11-05-2020,RKI,0,0,0,1589155200000,06437,Odenwaldkreis,331,61,269,96798,155
DE-HE,12-05-2020,RKI,2,2,0,1589241600000,06437,Odenwaldkreis,333,61,271,96798,155
DE-HE,13-05-2020,RKI,2,2,0,1589328000000,06437,Odenwaldkreis,335,61,273,96798,155
DE-HE,15-05-2020,RKI,6,6,0,1589500800000,06437,Odenwaldkreis,341,61,279,96798,155
DE-HE,18-05-2020,RKI,0,0,0,1589760000000,06437,Odenwaldkreis,341,61,279,96798,155
DE-HE,22-05-2020,RKI,0,0,0,1590105600000,06437,Odenwaldkreis,341,61,279,96798,155
DE-HE,26-05-2020,RKI,2,1,0,1590451200000,06437,Odenwaldkreis,343,61,280,96798,155
DE-HE,03-06-2020,RKI,0,0,0,1591142400000,06437,Odenwaldkreis,343,61,280,96798,155
DE-HE,10-03-2020,RKI,0,0,0,1583798400000,06438,Offenbach,0,0,0,354092,994
DE-HE,11-03-2020,RKI,0,0,0,1583884800000,06438,Offenbach,0,0,0,354092,994
DE-HE,12-03-2020,RKI,2,2,0,1583971200000,06438,Offenbach,2,0,2,354092,994
DE-HE,13-03-2020,RKI,5,5,0,1584057600000,06438,Offenbach,7,0,7,354092,994
DE-HE,14-03-2020,RKI,0,0,0,1584144000000,06438,Offenbach,7,0,7,354092,994
DE-HE,15-03-2020,RKI,2,2,0,1584230400000,06438,Offenbach,9,0,9,354092,994
DE-HE,16-03-2020,RKI,0,0,0,1584316800000,06438,Offenbach,9,0,9,354092,994
DE-HE,17-03-2020,RKI,6,6,0,1584403200000,06438,Offenbach,15,0,15,354092,994
DE-HE,18-03-2020,RKI,1,1,0,1584489600000,06438,Offenbach,16,0,16,354092,994
DE-HE,19-03-2020,RKI,2,2,0,1584576000000,06438,Offenbach,18,0,18,354092,994
DE-HE,20-03-2020,RKI,0,0,0,1584662400000,06438,Offenbach,18,0,18,354092,994
DE-HE,21-03-2020,RKI,1,1,0,1584748800000,06438,Offenbach,19,0,19,354092,994
DE-HE,22-03-2020,RKI,1,1,0,1584835200000,06438,Offenbach,20,0,20,354092,994
DE-HE,23-03-2020,RKI,3,3,0,1584921600000,06438,Offenbach,23,0,23,354092,994
DE-HE,24-03-2020,RKI,2,2,0,1585008000000,06438,Offenbach,25,0,25,354092,994
DE-HE,25-03-2020,RKI,0,0,0,1585094400000,06438,Offenbach,25,0,25,354092,994
DE-HE,26-03-2020,RKI,1,1,0,1585180800000,06438,Offenbach,26,0,26,354092,994
DE-HE,27-03-2020,RKI,4,4,0,1585267200000,06438,Offenbach,30,0,30,354092,994
DE-HE,29-03-2020,RKI,1,1,0,1585440000000,06438,Offenbach,31,0,31,354092,994
DE-HE,30-03-2020,RKI,0,0,0,1585526400000,06438,Offenbach,31,0,31,354092,994
DE-HE,31-03-2020,RKI,2,2,0,1585612800000,06438,Offenbach,33,0,33,354092,994
DE-HE,01-04-2020,RKI,2,2,0,1585699200000,06438,Offenbach,35,0,35,354092,994
DE-HE,02-04-2020,RKI,2,2,0,1585785600000,06438,Offenbach,37,0,37,354092,994
DE-HE,03-04-2020,RKI,1,1,0,1585872000000,06438,Offenbach,38,0,38,354092,994
DE-HE,04-04-2020,RKI,2,2,0,1585958400000,06438,Offenbach,40,0,40,354092,994
DE-HE,06-04-2020,RKI,1,1,0,1586131200000,06438,Offenbach,41,0,41,354092,994
DE-HE,07-04-2020,RKI,3,3,0,1586217600000,06438,Offenbach,44,0,44,354092,994
DE-HE,08-04-2020,RKI,6,6,0,1586304000000,06438,Offenbach,50,0,50,354092,994
DE-HE,09-04-2020,RKI,3,3,0,1586390400000,06438,Offenbach,53,0,53,354092,994
DE-HE,11-04-2020,RKI,1,1,0,1586563200000,06438,Offenbach,54,0,54,354092,994
DE-HE,13-04-2020,RKI,0,0,0,1586736000000,06438,Offenbach,54,0,54,354092,994
DE-HE,14-04-2020,RKI,4,4,0,1586822400000,06438,Offenbach,58,0,58,354092,994
DE-HE,15-04-2020,RKI,1,1,0,1586908800000,06438,Offenbach,59,0,59,354092,994
DE-HE,16-04-2020,RKI,1,1,0,1586995200000,06438,Offenbach,60,0,60,354092,994
DE-HE,17-04-2020,RKI,0,0,0,1587081600000,06438,Offenbach,60,0,60,354092,994
DE-HE,18-04-2020,RKI,2,2,0,1587168000000,06438,Offenbach,62,0,62,354092,994
DE-HE,21-04-2020,RKI,0,0,0,1587427200000,06438,Offenbach,62,0,62,354092,994
DE-HE,22-04-2020,RKI,2,2,0,1587513600000,06438,Offenbach,64,0,64,354092,994
DE-HE,24-04-2020,RKI,2,2,0,1587686400000,06438,Offenbach,66,0,66,354092,994
DE-HE,26-04-2020,RKI,0,0,0,1587859200000,06438,Offenbach,66,0,66,354092,994
DE-HE,27-04-2020,RKI,3,3,0,1587945600000,06438,Offenbach,69,0,69,354092,994
DE-HE,28-04-2020,RKI,1,1,0,1588032000000,06438,Offenbach,70,0,70,354092,994
DE-HE,29-04-2020,RKI,6,6,0,1588118400000,06438,Offenbach,76,0,76,354092,994
DE-HE,30-04-2020,RKI,0,0,0,1588204800000,06438,Offenbach,76,0,76,354092,994
DE-HE,01-05-2020,RKI,0,0,0,1588291200000,06438,Offenbach,76,0,76,354092,994
DE-HE,02-05-2020,RKI,0,0,0,1588377600000,06438,Offenbach,76,0,76,354092,994
DE-HE,03-05-2020,RKI,2,2,0,1588464000000,06438,Offenbach,78,0,78,354092,994
DE-HE,04-05-2020,RKI,0,0,0,1588550400000,06438,Offenbach,78,0,78,354092,994
DE-HE,06-05-2020,RKI,6,6,0,1588723200000,06438,Offenbach,84,0,84,354092,994
DE-HE,07-05-2020,RKI,3,3,0,1588809600000,06438,Offenbach,87,0,87,354092,994
DE-HE,08-05-2020,RKI,0,0,0,1588896000000,06438,Offenbach,87,0,87,354092,994
DE-HE,12-05-2020,RKI,1,1,0,1589241600000,06438,Offenbach,88,0,88,354092,994
DE-HE,13-05-2020,RKI,0,0,0,1589328000000,06438,Offenbach,88,0,88,354092,994
DE-HE,14-05-2020,RKI,0,0,0,1589414400000,06438,Offenbach,88,0,88,354092,994
DE-HE,15-05-2020,RKI,0,0,0,1589500800000,06438,Offenbach,88,0,88,354092,994
DE-HE,16-05-2020,RKI,2,2,0,1589587200000,06438,Offenbach,90,0,90,354092,994
DE-HE,17-05-2020,RKI,1,1,0,1589673600000,06438,Offenbach,91,0,91,354092,994
DE-HE,18-05-2020,RKI,5,4,0,1589760000000,06438,Offenbach,96,0,95,354092,994
DE-HE,19-05-2020,RKI,3,3,0,1589846400000,06438,Offenbach,99,0,98,354092,994
DE-HE,20-05-2020,RKI,3,2,0,1589932800000,06438,Offenbach,102,0,100,354092,994
DE-HE,21-05-2020,RKI,1,1,0,1590019200000,06438,Offenbach,103,0,101,354092,994
DE-HE,23-05-2020,RKI,1,1,0,1590192000000,06438,Offenbach,104,0,102,354092,994
DE-HE,24-05-2020,RKI,4,2,0,1590278400000,06438,Offenbach,108,0,104,354092,994
DE-HE,26-05-2020,RKI,0,0,0,1590451200000,06438,Offenbach,108,0,104,354092,994
DE-HE,27-05-2020,RKI,2,1,0,1590537600000,06438,Offenbach,110,0,105,354092,994
DE-HE,29-05-2020,RKI,0,0,0,1590710400000,06438,Offenbach,110,0,105,354092,994
DE-HE,31-05-2020,RKI,1,0,0,1590883200000,06438,Offenbach,111,0,105,354092,994
DE-HE,04-06-2020,RKI,0,0,0,1591228800000,06438,Offenbach,111,0,105,354092,994
DE-MV,11-03-2020,RKI,0,0,0,1583884800000,13003,Rostock,0,0,0,208886,1152
DE-MV,12-03-2020,RKI,2,2,0,1583971200000,13003,Rostock,2,0,2,208886,1152
DE-MV,13-03-2020,RKI,0,0,0,1584057600000,13003,Rostock,2,0,2,208886,1152
DE-MV,16-03-2020,RKI,1,1,0,1584316800000,13003,Rostock,3,0,3,208886,1152
DE-MV,17-03-2020,RKI,5,5,0,1584403200000,13003,Rostock,8,0,8,208886,1152
DE-MV,18-03-2020,RKI,4,4,0,1584489600000,13003,Rostock,12,0,12,208886,1152
DE-MV,19-03-2020,RKI,1,1,0,1584576000000,13003,Rostock,13,0,13,208886,1152
DE-MV,20-03-2020,RKI,0,0,0,1584662400000,13003,Rostock,13,0,13,208886,1152
DE-MV,23-03-2020,RKI,4,4,0,1584921600000,13003,Rostock,17,0,17,208886,1152
DE-MV,24-03-2020,RKI,4,4,0,1585008000000,13003,Rostock,21,0,21,208886,1152
DE-MV,25-03-2020,RKI,4,4,0,1585094400000,13003,Rostock,25,0,25,208886,1152
DE-MV,26-03-2020,RKI,6,6,0,1585180800000,13003,Rostock,31,0,31,208886,1152
DE-MV,27-03-2020,RKI,3,3,0,1585267200000,13003,Rostock,34,0,34,208886,1152
DE-MV,28-03-2020,RKI,2,2,0,1585353600000,13003,Rostock,36,0,36,208886,1152
DE-MV,29-03-2020,RKI,2,2,0,1585440000000,13003,Rostock,38,0,38,208886,1152
DE-MV,30-03-2020,RKI,1,1,0,1585526400000,13003,Rostock,39,0,39,208886,1152
DE-MV,31-03-2020,RKI,1,1,0,1585612800000,13003,Rostock,40,0,40,208886,1152
DE-MV,02-04-2020,RKI,0,0,0,1585785600000,13003,Rostock,40,0,40,208886,1152
DE-MV,03-04-2020,RKI,0,0,0,1585872000000,13003,Rostock,40,0,40,208886,1152
DE-MV,04-04-2020,RKI,1,1,0,1585958400000,13003,Rostock,41,0,41,208886,1152
DE-MV,06-04-2020,RKI,0,0,0,1586131200000,13003,Rostock,41,0,41,208886,1152
DE-MV,07-04-2020,RKI,5,4,1,1586217600000,13003,Rostock,46,1,45,208886,1152
DE-MV,09-04-2020,RKI,0,0,0,1586390400000,13003,Rostock,46,1,45,208886,1152
DE-MV,14-04-2020,RKI,0,0,0,1586822400000,13003,Rostock,46,1,45,208886,1152
DE-MV,15-04-2020,RKI,0,0,0,1586908800000,13003,Rostock,46,1,45,208886,1152
DE-MV,20-04-2020,RKI,0,0,0,1587340800000,13003,Rostock,46,1,45,208886,1152
DE-MV,04-05-2020,RKI,0,0,0,1588550400000,13003,Rostock,46,1,45,208886,1152
DE-MV,05-05-2020,RKI,1,1,0,1588636800000,13003,Rostock,47,1,46,208886,1152
DE-MV,06-05-2020,RKI,1,1,0,1588723200000,13003,Rostock,48,1,47,208886,1152
DE-MV,07-05-2020,RKI,0,0,0,1588809600000,13003,Rostock,48,1,47,208886,1152
DE-MV,09-05-2020,RKI,0,0,0,1588982400000,13003,Rostock,48,1,47,208886,1152
DE-MV,10-05-2020,RKI,0,0,0,1589068800000,13003,Rostock,48,1,47,208886,1152
DE-MV,11-05-2020,RKI,0,0,0,1589155200000,13003,Rostock,48,1,47,208886,1152
DE-MV,12-05-2020,RKI,1,1,0,1589241600000,13003,Rostock,49,1,48,208886,1152
DE-MV,13-05-2020,RKI,0,0,0,1589328000000,13003,Rostock,49,1,48,208886,1152
DE-MV,17-05-2020,RKI,0,0,0,1589673600000,13003,Rostock,49,1,48,208886,1152
DE-MV,19-05-2020,RKI,0,0,0,1589846400000,13003,Rostock,49,1,48,208886,1152
DE-MV,20-05-2020,RKI,7,7,0,1589932800000,13003,Rostock,56,1,55,208886,1152
DE-MV,03-06-2020,RKI,0,0,0,1591142400000,13003,Rostock,56,1,55,208886,1152
DE-MV,12-03-2020,RKI,0,0,0,1583971200000,13004,Schwerin,0,0,0,95818,734
DE-MV,13-03-2020,RKI,1,1,0,1584057600000,13004,Schwerin,1,0,1,95818,734
DE-MV,16-03-2020,RKI,2,2,0,1584316800000,13004,Schwerin,3,0,3,95818,734
DE-MV,17-03-2020,RKI,3,3,0,1584403200000,13004,Schwerin,6,0,6,95818,734
DE-MV,18-03-2020,RKI,7,7,0,1584489600000,13004,Schwerin,13,0,13,95818,734
DE-MV,19-03-2020,RKI,9,9,0,1584576000000,13004,Schwerin,22,0,22,95818,734
DE-MV,20-03-2020,RKI,3,3,0,1584662400000,13004,Schwerin,25,0,25,95818,734
DE-MV,23-03-2020,RKI,4,4,0,1584921600000,13004,Schwerin,29,0,29,95818,734
DE-MV,24-03-2020,RKI,8,8,0,1585008000000,13004,Schwerin,37,0,37,95818,734
DE-MV,26-03-2020,RKI,2,2,0,1585180800000,13004,Schwerin,39,0,39,95818,734
DE-MV,27-03-2020,RKI,2,2,0,1585267200000,13004,Schwerin,41,0,41,95818,734
DE-MV,28-03-2020,RKI,3,3,0,1585353600000,13004,Schwerin,44,0,44,95818,734
DE-MV,29-03-2020,RKI,1,1,0,1585440000000,13004,Schwerin,45,0,45,95818,734
DE-MV,31-03-2020,RKI,7,7,0,1585612800000,13004,Schwerin,52,0,52,95818,734
DE-MV,01-04-2020,RKI,1,1,0,1585699200000,13004,Schwerin,53,0,53,95818,734
DE-MV,02-04-2020,RKI,1,1,0,1585785600000,13004,Schwerin,54,0,54,95818,734
DE-MV,03-04-2020,RKI,0,0,0,1585872000000,13004,Schwerin,54,0,54,95818,734
DE-MV,04-04-2020,RKI,0,0,0,1585958400000,13004,Schwerin,54,0,54,95818,734
DE-MV,07-04-2020,RKI,5,5,0,1586217600000,13004,Schwerin,59,0,59,95818,734
DE-MV,09-04-2020,RKI,1,1,0,1586390400000,13004,Schwerin,60,0,60,95818,734
DE-MV,15-04-2020,RKI,1,1,0,1586908800000,13004,Schwerin,61,0,61,95818,734
DE-MV,16-04-2020,RKI,0,0,0,1586995200000,13004,Schwerin,61,0,61,95818,734
DE-MV,18-04-2020,RKI,0,0,0,1587168000000,13004,Schwerin,61,0,61,95818,734
DE-MV,24-04-2020,RKI,0,0,0,1587686400000,13004,Schwerin,61,0,61,95818,734
DE-MV,05-06-2020,RKI,0,0,0,1591315200000,13004,Schwerin,61,0,61,95818,734
DE-MV,09-03-2020,RKI,2,2,0,1583712000000,13071,Mecklenburgische Seenplatte,2,0,2,259130,47
DE-MV,11-03-2020,RKI,1,1,0,1583884800000,13071,Mecklenburgische Seenplatte,3,0,3,259130,47
DE-MV,12-03-2020,RKI,0,0,0,1583971200000,13071,Mecklenburgische Seenplatte,3,0,3,259130,47
DE-MV,16-03-2020,RKI,1,1,0,1584316800000,13071,Mecklenburgische Seenplatte,4,0,4,259130,47
DE-MV,17-03-2020,RKI,3,3,0,1584403200000,13071,Mecklenburgische Seenplatte,7,0,7,259130,47
DE-MV,18-03-2020,RKI,6,6,0,1584489600000,13071,Mecklenburgische Seenplatte,13,0,13,259130,47
DE-MV,19-03-2020,RKI,0,0,0,1584576000000,13071,Mecklenburgische Seenplatte,13,0,13,259130,47
DE-MV,20-03-2020,RKI,2,2,0,1584662400000,13071,Mecklenburgische Seenplatte,15,0,15,259130,47
DE-MV,21-03-2020,RKI,3,3,0,1584748800000,13071,Mecklenburgische Seenplatte,18,0,18,259130,47
DE-MV,22-03-2020,RKI,0,0,0,1584835200000,13071,Mecklenburgische Seenplatte,18,0,18,259130,47
DE-MV,23-03-2020,RKI,0,0,0,1584921600000,13071,Mecklenburgische Seenplatte,18,0,18,259130,47
DE-MV,24-03-2020,RKI,8,8,0,1585008000000,13071,Mecklenburgische Seenplatte,26,0,26,259130,47
DE-MV,25-03-2020,RKI,1,1,0,1585094400000,13071,Mecklenburgische Seenplatte,27,0,27,259130,47
DE-MV,26-03-2020,RKI,0,0,0,1585180800000,13071,Mecklenburgische Seenplatte,27,0,27,259130,47
DE-MV,27-03-2020,RKI,12,11,1,1585267200000,13071,Mecklenburgische Seenplatte,39,1,38,259130,47
DE-MV,28-03-2020,RKI,1,1,0,1585353600000,13071,Mecklenburgische Seenplatte,40,1,39,259130,47
DE-MV,29-03-2020,RKI,1,1,0,1585440000000,13071,Mecklenburgische Seenplatte,41,1,40,259130,47
DE-MV,31-03-2020,RKI,12,11,1,1585612800000,13071,Mecklenburgische Seenplatte,53,2,51,259130,47
DE-MV,01-04-2020,RKI,7,6,1,1585699200000,13071,Mecklenburgische Seenplatte,60,3,57,259130,47
DE-MV,02-04-2020,RKI,2,2,0,1585785600000,13071,Mecklenburgische Seenplatte,62,3,59,259130,47
DE-MV,03-04-2020,RKI,6,6,0,1585872000000,13071,Mecklenburgische Seenplatte,68,3,65,259130,47
DE-MV,04-04-2020,RKI,2,2,0,1585958400000,13071,Mecklenburgische Seenplatte,70,3,67,259130,47
DE-MV,07-04-2020,RKI,2,2,0,1586217600000,13071,Mecklenburgische Seenplatte,72,3,69,259130,47
DE-MV,08-04-2020,RKI,1,1,0,1586304000000,13071,Mecklenburgische Seenplatte,73,3,70,259130,47
DE-MV,09-04-2020,RKI,1,1,0,1586390400000,13071,Mecklenburgische Seenplatte,74,3,71,259130,47
DE-MV,10-04-2020,RKI,0,0,0,1586476800000,13071,Mecklenburgische Seenplatte,74,3,71,259130,47
DE-MV,13-04-2020,RKI,1,1,0,1586736000000,13071,Mecklenburgische Seenplatte,75,3,72,259130,47
DE-MV,14-04-2020,RKI,0,0,0,1586822400000,13071,Mecklenburgische Seenplatte,75,3,72,259130,47
DE-MV,15-04-2020,RKI,1,1,0,1586908800000,13071,Mecklenburgische Seenplatte,76,3,73,259130,47
DE-MV,20-04-2020,RKI,0,0,0,1587340800000,13071,Mecklenburgische Seenplatte,76,3,73,259130,47
DE-MV,24-04-2020,RKI,0,0,0,1587686400000,13071,Mecklenburgische Seenplatte,76,3,73,259130,47
DE-MV,30-04-2020,RKI,0,0,0,1588204800000,13071,Mecklenburgische Seenplatte,76,3,73,259130,47
DE-MV,01-05-2020,RKI,0,0,0,1588291200000,13071,Mecklenburgische Seenplatte,76,3,73,259130,47
DE-MV,07-05-2020,RKI,1,1,0,1588809600000,13071,Mecklenburgische Seenplatte,77,3,74,259130,47
DE-MV,09-05-2020,RKI,1,1,0,1588982400000,13071,Mecklenburgische Seenplatte,78,3,75,259130,47
DE-MV,10-05-2020,RKI,0,0,0,1589068800000,13071,Mecklenburgische Seenplatte,78,3,75,259130,47
DE-MV,14-05-2020,RKI,0,0,0,1589414400000,13071,Mecklenburgische Seenplatte,78,3,75,259130,47
DE-MV,15-05-2020,RKI,1,1,0,1589500800000,13071,Mecklenburgische Seenplatte,79,3,76,259130,47
DE-MV,25-05-2020,RKI,0,0,0,1590364800000,13071,Mecklenburgische Seenplatte,79,3,76,259130,47
DE-MV,28-05-2020,RKI,0,0,0,1590624000000,13071,Mecklenburgische Seenplatte,79,3,76,259130,47
DE-MV,03-06-2020,RKI,1,0,0,1591142400000,13071,Mecklenburgische Seenplatte,80,3,76,259130,47
DE-MV,09-03-2020,RKI,0,0,0,1583712000000,13072,Rostock,1,0,1,215113,63
DE-MV,11-03-2020,RKI,2,2,0,1583884800000,13072,Rostock,3,0,3,215113,63
DE-MV,12-03-2020,RKI,0,0,0,1583971200000,13072,Rostock,3,0,3,215113,63
DE-MV,13-03-2020,RKI,2,2,0,1584057600000,13072,Rostock,5,0,5,215113,63
DE-MV,14-03-2020,RKI,0,0,0,1584144000000,13072,Rostock,5,0,5,215113,63
DE-MV,17-03-2020,RKI,0,0,0,1584403200000,13072,Rostock,5,0,5,215113,63
DE-MV,18-03-2020,RKI,1,1,0,1584489600000,13072,Rostock,6,0,6,215113,63
DE-MV,19-03-2020,RKI,1,1,0,1584576000000,13072,Rostock,7,0,7,215113,63
DE-MV,20-03-2020,RKI,1,1,0,1584662400000,13072,Rostock,8,0,8,215113,63
DE-MV,24-03-2020,RKI,2,2,0,1585008000000,13072,Rostock,10,0,10,215113,63
DE-MV,25-03-2020,RKI,2,2,0,1585094400000,13072,Rostock,12,0,12,215113,63
DE-MV,26-03-2020,RKI,0,0,0,1585180800000,13072,Rostock,12,0,12,215113,63
DE-MV,28-03-2020,RKI,0,0,0,1585353600000,13072,Rostock,12,0,12,215113,63
DE-MV,29-03-2020,RKI,0,0,0,1585440000000,13072,Rostock,12,0,12,215113,63
DE-MV,30-03-2020,RKI,2,2,0,1585526400000,13072,Rostock,14,0,14,215113,63
DE-MV,31-03-2020,RKI,1,0,1,1585612800000,13072,Rostock,15,1,14,215113,63
DE-MV,01-04-2020,RKI,0,0,0,1585699200000,13072,Rostock,15,1,14,215113,63
DE-MV,02-04-2020,RKI,6,5,1,1585785600000,13072,Rostock,21,2,19,215113,63
DE-MV,03-04-2020,RKI,1,1,0,1585872000000,13072,Rostock,22,2,20,215113,63
DE-MV,04-04-2020,RKI,2,2,0,1585958400000,13072,Rostock,24,2,22,215113,63
DE-MV,07-04-2020,RKI,0,0,0,1586217600000,13072,Rostock,24,2,22,215113,63
DE-MV,08-04-2020,RKI,3,3,0,1586304000000,13072,Rostock,27,2,25,215113,63
DE-MV,09-04-2020,RKI,1,1,0,1586390400000,13072,Rostock,28,2,26,215113,63
DE-MV,11-04-2020,RKI,1,1,0,1586563200000,13072,Rostock,29,2,27,215113,63
DE-MV,25-04-2020,RKI,0,0,0,1587772800000,13072,Rostock,29,2,27,215113,63
DE-MV,28-04-2020,RKI,1,1,0,1588032000000,13072,Rostock,30,2,28,215113,63
DE-MV,29-04-2020,RKI,1,1,0,1588118400000,13072,Rostock,31,2,29,215113,63
DE-MV,30-04-2020,RKI,1,1,0,1588204800000,13072,Rostock,32,2,30,215113,63
DE-MV,01-05-2020,RKI,0,0,0,1588291200000,13072,Rostock,32,2,30,215113,63
DE-MV,02-05-2020,RKI,1,1,0,1588377600000,13072,Rostock,33,2,31,215113,63
DE-MV,04-05-2020,RKI,2,2,0,1588550400000,13072,Rostock,35,2,33,215113,63
DE-MV,10-05-2020,RKI,0,0,0,1589068800000,13072,Rostock,35,2,33,215113,63
DE-MV,11-05-2020,RKI,1,1,0,1589155200000,13072,Rostock,36,2,34,215113,63
DE-MV,12-05-2020,RKI,1,1,0,1589241600000,13072,Rostock,37,2,35,215113,63
DE-MV,13-05-2020,RKI,0,0,0,1589328000000,13072,Rostock,37,2,35,215113,63
DE-MV,14-05-2020,RKI,1,0,0,1589414400000,13072,Rostock,38,2,35,215113,63
DE-MV,05-03-2020,RKI,0,0,0,1583366400000,13073,Vorpommern-Rügen,0,0,0,224684,70
DE-MV,11-03-2020,RKI,0,0,0,1583884800000,13073,Vorpommern-Rügen,0,0,0,224684,70
DE-MV,12-03-2020,RKI,1,1,0,1583971200000,13073,Vorpommern-Rügen,1,0,1,224684,70
DE-MV,13-03-2020,RKI,0,0,0,1584057600000,13073,Vorpommern-Rügen,1,0,1,224684,70
DE-MV,18-03-2020,RKI,2,2,0,1584489600000,13073,Vorpommern-Rügen,3,0,3,224684,70
DE-MV,19-03-2020,RKI,2,2,0,1584576000000,13073,Vorpommern-Rügen,5,0,5,224684,70
DE-MV,20-03-2020,RKI,0,0,0,1584662400000,13073,Vorpommern-Rügen,5,0,5,224684,70
DE-MV,21-03-2020,RKI,1,1,0,1584748800000,13073,Vorpommern-Rügen,6,0,6,224684,70
DE-MV,24-03-2020,RKI,2,2,0,1585008000000,13073,Vorpommern-Rügen,8,0,8,224684,70
DE-MV,25-03-2020,RKI,5,5,0,1585094400000,13073,Vorpommern-Rügen,13,0,13,224684,70
DE-MV,26-03-2020,RKI,1,1,0,1585180800000,13073,Vorpommern-Rügen,14,0,14,224684,70
DE-MV,27-03-2020,RKI,5,5,0,1585267200000,13073,Vorpommern-Rügen,19,0,19,224684,70
DE-MV,28-03-2020,RKI,0,0,0,1585353600000,13073,Vorpommern-Rügen,19,0,19,224684,70
DE-MV,29-03-2020,RKI,2,2,0,1585440000000,13073,Vorpommern-Rügen,21,0,21,224684,70
DE-MV,31-03-2020,RKI,6,6,0,1585612800000,13073,Vorpommern-Rügen,27,0,27,224684,70
DE-MV,01-04-2020,RKI,7,6,1,1585699200000,13073,Vorpommern-Rügen,34,1,33,224684,70
DE-MV,02-04-2020,RKI,3,2,1,1585785600000,13073,Vorpommern-Rügen,37,2,35,224684,70
DE-MV,03-04-2020,RKI,1,1,0,1585872000000,13073,Vorpommern-Rügen,38,2,36,224684,70
DE-MV,04-04-2020,RKI,0,0,0,1585958400000,13073,Vorpommern-Rügen,38,2,36,224684,70
DE-MV,05-04-2020,RKI,1,1,0,1586044800000,13073,Vorpommern-Rügen,39,2,37,224684,70
DE-MV,06-04-2020,RKI,0,0,0,1586131200000,13073,Vorpommern-Rügen,39,2,37,224684,70
DE-MV,07-04-2020,RKI,1,1,0,1586217600000,13073,Vorpommern-Rügen,40,2,38,224684,70
DE-MV,09-04-2020,RKI,2,2,0,1586390400000,13073,Vorpommern-Rügen,42,2,40,224684,70
DE-MV,10-04-2020,RKI,1,1,0,1586476800000,13073,Vorpommern-Rügen,43,2,41,224684,70
DE-MV,11-04-2020,RKI,3,3,0,1586563200000,13073,Vorpommern-Rügen,46,2,44,224684,70
DE-MV,16-04-2020,RKI,0,0,0,1586995200000,13073,Vorpommern-Rügen,46,2,44,224684,70
DE-MV,17-04-2020,RKI,0,0,0,1587081600000,13073,Vorpommern-Rügen,46,2,44,224684,70
DE-MV,25-04-2020,RKI,0,0,0,1587772800000,13073,Vorpommern-Rügen,46,2,44,224684,70
DE-MV,28-04-2020,RKI,0,0,0,1588032000000,13073,Vorpommern-Rügen,46,2,44,224684,70
DE-MV,29-04-2020,RKI,1,1,0,1588118400000,13073,Vorpommern-Rügen,47,2,45,224684,70
DE-MV,05-06-2020,RKI,0,0,0,1591315200000,13073,Vorpommern-Rügen,47,2,45,224684,70
DE-MV,17-03-2020,RKI,4,4,0,1584403200000,13074,Nordwestmecklenburg,6,0,6,156729,74
DE-MV,18-03-2020,RKI,4,4,0,1584489600000,13074,Nordwestmecklenburg,10,0,10,156729,74
DE-MV,19-03-2020,RKI,3,3,0,1584576000000,13074,Nordwestmecklenburg,13,0,13,156729,74
DE-MV,21-03-2020,RKI,0,0,0,1584748800000,13074,Nordwestmecklenburg,13,0,13,156729,74
DE-MV,24-03-2020,RKI,2,2,0,1585008000000,13074,Nordwestmecklenburg,15,0,15,156729,74
DE-MV,25-03-2020,RKI,2,2,0,1585094400000,13074,Nordwestmecklenburg,17,0,17,156729,74
DE-MV,27-03-2020,RKI,0,0,0,1585267200000,13074,Nordwestmecklenburg,17,0,17,156729,74
DE-MV,28-03-2020,RKI,2,1,1,1585353600000,13074,Nordwestmecklenburg,19,1,18,156729,74
DE-MV,31-03-2020,RKI,7,7,0,1585612800000,13074,Nordwestmecklenburg,26,1,25,156729,74
DE-MV,01-04-2020,RKI,1,1,0,1585699200000,13074,Nordwestmecklenburg,27,1,26,156729,74
DE-MV,02-04-2020,RKI,5,5,0,1585785600000,13074,Nordwestmecklenburg,32,1,31,156729,74
DE-MV,03-04-2020,RKI,6,6,0,1585872000000,13074,Nordwestmecklenburg,38,1,37,156729,74
DE-MV,07-04-2020,RKI,2,2,0,1586217600000,13074,Nordwestmecklenburg,40,1,39,156729,74
DE-MV,08-04-2020,RKI,0,0,0,1586304000000,13074,Nordwestmecklenburg,40,1,39,156729,74
DE-MV,09-04-2020,RKI,3,3,0,1586390400000,13074,Nordwestmecklenburg,43,1,42,156729,74
DE-MV,10-04-2020,RKI,0,0,0,1586476800000,13074,Nordwestmecklenburg,43,1,42,156729,74
DE-MV,12-04-2020,RKI,2,2,0,1586649600000,13074,Nordwestmecklenburg,45,1,44,156729,74
DE-MV,15-04-2020,RKI,0,0,0,1586908800000,13074,Nordwestmecklenburg,45,1,44,156729,74
DE-MV,16-04-2020,RKI,2,2,0,1586995200000,13074,Nordwestmecklenburg,47,1,46,156729,74
DE-MV,18-04-2020,RKI,0,0,0,1587168000000,13074,Nordwestmecklenburg,47,1,46,156729,74
DE-MV,21-04-2020,RKI,0,0,0,1587427200000,13074,Nordwestmecklenburg,47,1,46,156729,74
DE-MV,22-04-2020,RKI,0,0,0,1587513600000,13074,Nordwestmecklenburg,47,1,46,156729,74
DE-MV,24-04-2020,RKI,0,0,0,1587686400000,13074,Nordwestmecklenburg,47,1,46,156729,74
DE-MV,25-04-2020,RKI,0,0,0,1587772800000,13074,Nordwestmecklenburg,47,1,46,156729,74
DE-MV,28-04-2020,RKI,2,2,0,1588032000000,13074,Nordwestmecklenburg,49,1,48,156729,74
DE-MV,01-05-2020,RKI,0,0,0,1588291200000,13074,Nordwestmecklenburg,49,1,48,156729,74
DE-MV,05-05-2020,RKI,0,0,0,1588636800000,13074,Nordwestmecklenburg,49,1,48,156729,74
DE-MV,13-05-2020,RKI,0,0,0,1589328000000,13074,Nordwestmecklenburg,49,1,48,156729,74
DE-MV,12-03-2020,RKI,0,0,0,1583971200000,13075,Vorpommern-Greifswald,1,0,1,236697,60
DE-MV,13-03-2020,RKI,0,0,0,1584057600000,13075,Vorpommern-Greifswald,1,0,1,236697,60
DE-MV,16-03-2020,RKI,2,2,0,1584316800000,13075,Vorpommern-Greifswald,3,0,3,236697,60
DE-MV,17-03-2020,RKI,0,0,0,1584403200000,13075,Vorpommern-Greifswald,3,0,3,236697,60
DE-MV,18-03-2020,RKI,7,7,0,1584489600000,13075,Vorpommern-Greifswald,10,0,10,236697,60
DE-MV,19-03-2020,RKI,8,8,0,1584576000000,13075,Vorpommern-Greifswald,18,0,18,236697,60
DE-MV,20-03-2020,RKI,0,0,0,1584662400000,13075,Vorpommern-Greifswald,18,0,18,236697,60
DE-MV,21-03-2020,RKI,1,1,0,1584748800000,13075,Vorpommern-Greifswald,19,0,19,236697,60
DE-MV,23-03-2020,RKI,1,1,0,1584921600000,13075,Vorpommern-Greifswald,20,0,20,236697,60
DE-MV,24-03-2020,RKI,1,1,0,1585008000000,13075,Vorpommern-Greifswald,21,0,21,236697,60
DE-MV,25-03-2020,RKI,3,2,1,1585094400000,13075,Vorpommern-Greifswald,24,1,23,236697,60
DE-MV,26-03-2020,RKI,5,5,0,1585180800000,13075,Vorpommern-Greifswald,29,1,28,236697,60
DE-MV,27-03-2020,RKI,10,10,0,1585267200000,13075,Vorpommern-Greifswald,39,1,38,236697,60
DE-MV,28-03-2020,RKI,1,1,0,1585353600000,13075,Vorpommern-Greifswald,40,1,39,236697,60
DE-MV,30-03-2020,RKI,5,5,0,1585526400000,13075,Vorpommern-Greifswald,45,1,44,236697,60
DE-MV,31-03-2020,RKI,5,5,0,1585612800000,13075,Vorpommern-Greifswald,50,1,49,236697,60
DE-MV,01-04-2020,RKI,0,0,0,1585699200000,13075,Vorpommern-Greifswald,50,1,49,236697,60
DE-MV,02-04-2020,RKI,3,2,1,1585785600000,13075,Vorpommern-Greifswald,53,2,51,236697,60
DE-MV,03-04-2020,RKI,6,6,0,1585872000000,13075,Vorpommern-Greifswald,59,2,57,236697,60
DE-MV,04-04-2020,RKI,0,0,0,1585958400000,13075,Vorpommern-Greifswald,59,2,57,236697,60
DE-MV,06-04-2020,RKI,2,2,0,1586131200000,13075,Vorpommern-Greifswald,61,2,59,236697,60
DE-MV,07-04-2020,RKI,8,7,1,1586217600000,13075,Vorpommern-Greifswald,69,3,66,236697,60
DE-MV,08-04-2020,RKI,0,0,0,1586304000000,13075,Vorpommern-Greifswald,69,3,66,236697,60
DE-MV,09-04-2020,RKI,0,0,0,1586390400000,13075,Vorpommern-Greifswald,69,3,66,236697,60
DE-MV,10-04-2020,RKI,5,4,1,1586476800000,13075,Vorpommern-Greifswald,74,4,70,236697,60
DE-MV,11-04-2020,RKI,5,5,0,1586563200000,13075,Vorpommern-Greifswald,79,4,75,236697,60
DE-MV,13-04-2020,RKI,0,0,0,1586736000000,13075,Vorpommern-Greifswald,79,4,75,236697,60
DE-MV,14-04-2020,RKI,0,0,0,1586822400000,13075,Vorpommern-Greifswald,79,4,75,236697,60
DE-MV,15-04-2020,RKI,2,2,0,1586908800000,13075,Vorpommern-Greifswald,81,4,77,236697,60
DE-MV,16-04-2020,RKI,0,0,0,1586995200000,13075,Vorpommern-Greifswald,81,4,77,236697,60
DE-MV,17-04-2020,RKI,2,2,0,1587081600000,13075,Vorpommern-Greifswald,83,4,79,236697,60
DE-MV,18-04-2020,RKI,2,1,1,1587168000000,13075,Vorpommern-Greifswald,85,5,80,236697,60
DE-MV,21-04-2020,RKI,0,0,0,1587427200000,13075,Vorpommern-Greifswald,85,5,80,236697,60
DE-MV,22-04-2020,RKI,2,2,0,1587513600000,13075,Vorpommern-Greifswald,87,5,82,236697,60
DE-MV,24-04-2020,RKI,1,1,0,1587686400000,13075,Vorpommern-Greifswald,88,5,83,236697,60
DE-MV,25-04-2020,RKI,1,0,1,1587772800000,13075,Vorpommern-Greifswald,89,6,83,236697,60
DE-MV,27-04-2020,RKI,0,0,0,1587945600000,13075,Vorpommern-Greifswald,89,6,83,236697,60
DE-MV,28-04-2020,RKI,5,5,0,1588032000000,13075,Vorpommern-Greifswald,94,6,88,236697,60
DE-MV,07-05-2020,RKI,0,0,0,1588809600000,13075,Vorpommern-Greifswald,94,6,88,236697,60
DE-MV,29-05-2020,RKI,0,0,0,1590710400000,13075,Vorpommern-Greifswald,94,6,88,236697,60
DE-MV,04-06-2020,RKI,0,0,0,1591228800000,13075,Vorpommern-Greifswald,94,6,88,236697,60
DE-MV,15-03-2020,RKI,0,0,0,1584230400000,13076,Ludwigslust-Parchim,0,0,0,212618,45
DE-MV,17-03-2020,RKI,7,7,0,1584403200000,13076,Ludwigslust-Parchim,7,0,7,212618,45
DE-MV,18-03-2020,RKI,4,4,0,1584489600000,13076,Ludwigslust-Parchim,11,0,11,212618,45
DE-MV,19-03-2020,RKI,2,2,0,1584576000000,13076,Ludwigslust-Parchim,13,0,13,212618,45
DE-MV,20-03-2020,RKI,3,3,0,1584662400000,13076,Ludwigslust-Parchim,16,0,16,212618,45
DE-MV,21-03-2020,RKI,1,1,0,1584748800000,13076,Ludwigslust-Parchim,17,0,17,212618,45
DE-MV,24-03-2020,RKI,2,1,1,1585008000000,13076,Ludwigslust-Parchim,19,1,18,212618,45
DE-MV,25-03-2020,RKI,0,0,0,1585094400000,13076,Ludwigslust-Parchim,19,1,18,212618,45
DE-MV,26-03-2020,RKI,0,0,0,1585180800000,13076,Ludwigslust-Parchim,19,1,18,212618,45
DE-MV,27-03-2020,RKI,2,2,0,1585267200000,13076,Ludwigslust-Parchim,21,1,20,212618,45
DE-MV,28-03-2020,RKI,2,1,1,1585353600000,13076,Ludwigslust-Parchim,23,2,21,212618,45
DE-MV,30-03-2020,RKI,1,1,0,1585526400000,13076,Ludwigslust-Parchim,24,2,22,212618,45
DE-MV,31-03-2020,RKI,3,3,0,1585612800000,13076,Ludwigslust-Parchim,27,2,25,212618,45
DE-MV,02-04-2020,RKI,1,1,0,1585785600000,13076,Ludwigslust-Parchim,28,2,26,212618,45
DE-MV,03-04-2020,RKI,3,3,0,1585872000000,13076,Ludwigslust-Parchim,31,2,29,212618,45
DE-MV,04-04-2020,RKI,3,3,0,1585958400000,13076,Ludwigslust-Parchim,34,2,32,212618,45
DE-MV,07-04-2020,RKI,3,3,0,1586217600000,13076,Ludwigslust-Parchim,37,2,35,212618,45
DE-MV,10-04-2020,RKI,0,0,0,1586476800000,13076,Ludwigslust-Parchim,37,2,35,212618,45
DE-MV,13-04-2020,RKI,0,0,0,1586736000000,13076,Ludwigslust-Parchim,37,2,35,212618,45
DE-MV,15-04-2020,RKI,1,1,0,1586908800000,13076,Ludwigslust-Parchim,38,2,36,212618,45
DE-MV,16-04-2020,RKI,2,2,0,1586995200000,13076,Ludwigslust-Parchim,40,2,38,212618,45
DE-MV,18-04-2020,RKI,0,0,0,1587168000000,13076,Ludwigslust-Parchim,40,2,38,212618,45
DE-MV,24-04-2020,RKI,0,0,0,1587686400000,13076,Ludwigslust-Parchim,40,2,38,212618,45
DE-MV,25-04-2020,RKI,0,0,0,1587772800000,13076,Ludwigslust-Parchim,40,2,38,212618,45
DE-MV,28-04-2020,RKI,0,0,0,1588032000000,13076,Ludwigslust-Parchim,40,2,38,212618,45
DE-MV,30-04-2020,RKI,0,0,0,1588204800000,13076,Ludwigslust-Parchim,40,2,38,212618,45
DE-MV,01-05-2020,RKI,0,0,0,1588291200000,13076,Ludwigslust-Parchim,40,2,38,212618,45
DE-MV,05-05-2020,RKI,2,2,0,1588636800000,13076,Ludwigslust-Parchim,42,2,40,212618,45
DE-MV,06-05-2020,RKI,0,0,0,1588723200000,13076,Ludwigslust-Parchim,42,2,40,212618,45
DE-MV,07-05-2020,RKI,1,1,0,1588809600000,13076,Ludwigslust-Parchim,43,2,41,212618,45
DE-MV,13-05-2020,RKI,0,0,0,1589328000000,13076,Ludwigslust-Parchim,43,2,41,212618,45
DE-MV,14-05-2020,RKI,1,1,0,1589414400000,13076,Ludwigslust-Parchim,44,2,42,212618,45
DE-MV,16-05-2020,RKI,0,0,0,1589587200000,13076,Ludwigslust-Parchim,44,2,42,212618,45
DE-NI,11-03-2020,RKI,0,0,0,1583884800000,03101,Braunschweig,0,0,0,248292,1292
DE-NI,14-03-2020,RKI,2,2,0,1584144000000,03101,Braunschweig,2,0,2,248292,1292
DE-NI,15-03-2020,RKI,2,2,0,1584230400000,03101,Braunschweig,4,0,4,248292,1292
DE-NI,17-03-2020,RKI,2,2,0,1584403200000,03101,Braunschweig,6,0,6,248292,1292
DE-NI,18-03-2020,RKI,1,1,0,1584489600000,03101,Braunschweig,7,0,7,248292,1292
DE-NI,19-03-2020,RKI,4,4,0,1584576000000,03101,Braunschweig,11,0,11,248292,1292
DE-NI,20-03-2020,RKI,7,7,0,1584662400000,03101,Braunschweig,18,0,18,248292,1292
DE-NI,21-03-2020,RKI,3,3,0,1584748800000,03101,Braunschweig,21,0,21,248292,1292
DE-NI,22-03-2020,RKI,25,25,0,1584835200000,03101,Braunschweig,46,0,46,248292,1292
DE-NI,23-03-2020,RKI,1,1,0,1584921600000,03101,Braunschweig,47,0,47,248292,1292
DE-NI,24-03-2020,RKI,15,15,0,1585008000000,03101,Braunschweig,62,0,62,248292,1292
DE-NI,25-03-2020,RKI,5,5,0,1585094400000,03101,Braunschweig,67,0,67,248292,1292
DE-NI,26-03-2020,RKI,13,12,1,1585180800000,03101,Braunschweig,80,1,79,248292,1292
DE-NI,27-03-2020,RKI,14,14,0,1585267200000,03101,Braunschweig,94,1,93,248292,1292
DE-NI,28-03-2020,RKI,28,26,2,1585353600000,03101,Braunschweig,122,3,119,248292,1292
DE-NI,29-03-2020,RKI,5,4,1,1585440000000,03101,Braunschweig,127,4,123,248292,1292
DE-NI,30-03-2020,RKI,2,1,1,1585526400000,03101,Braunschweig,129,5,124,248292,1292
DE-NI,31-03-2020,RKI,20,19,1,1585612800000,03101,Braunschweig,149,6,143,248292,1292
DE-NI,01-04-2020,RKI,17,16,1,1585699200000,03101,Braunschweig,166,7,159,248292,1292
DE-NI,02-04-2020,RKI,21,19,2,1585785600000,03101,Braunschweig,187,9,178,248292,1292
DE-NI,03-04-2020,RKI,9,9,0,1585872000000,03101,Braunschweig,196,9,187,248292,1292
DE-NI,04-04-2020,RKI,4,4,0,1585958400000,03101,Braunschweig,200,9,191,248292,1292
DE-NI,05-04-2020,RKI,5,4,1,1586044800000,03101,Braunschweig,205,10,195,248292,1292
DE-NI,06-04-2020,RKI,1,1,0,1586131200000,03101,Braunschweig,206,10,196,248292,1292
DE-NI,07-04-2020,RKI,8,7,1,1586217600000,03101,Braunschweig,214,11,203,248292,1292
DE-NI,08-04-2020,RKI,3,2,1,1586304000000,03101,Braunschweig,217,12,205,248292,1292
DE-NI,09-04-2020,RKI,22,21,1,1586390400000,03101,Braunschweig,239,13,226,248292,1292
DE-NI,10-04-2020,RKI,2,2,0,1586476800000,03101,Braunschweig,241,13,228,248292,1292
DE-NI,11-04-2020,RKI,0,0,0,1586563200000,03101,Braunschweig,241,13,228,248292,1292
DE-NI,12-04-2020,RKI,1,1,0,1586649600000,03101,Braunschweig,242,13,229,248292,1292
DE-NI,13-04-2020,RKI,1,1,0,1586736000000,03101,Braunschweig,243,13,230,248292,1292
DE-NI,14-04-2020,RKI,3,1,2,1586822400000,03101,Braunschweig,246,15,231,248292,1292
DE-NI,15-04-2020,RKI,3,3,0,1586908800000,03101,Braunschweig,249,15,234,248292,1292
DE-NI,16-04-2020,RKI,2,2,0,1586995200000,03101,Braunschweig,251,15,236,248292,1292
DE-NI,17-04-2020,RKI,1,1,0,1587081600000,03101,Braunschweig,252,15,237,248292,1292
DE-NI,18-04-2020,RKI,1,1,0,1587168000000,03101,Braunschweig,253,15,238,248292,1292
DE-NI,20-04-2020,RKI,0,0,0,1587340800000,03101,Braunschweig,253,15,238,248292,1292
DE-NI,22-04-2020,RKI,1,1,0,1587513600000,03101,Braunschweig,254,15,239,248292,1292
DE-NI,24-04-2020,RKI,4,3,1,1587686400000,03101,Braunschweig,258,16,242,248292,1292
DE-NI,25-04-2020,RKI,0,0,0,1587772800000,03101,Braunschweig,258,16,242,248292,1292
DE-NI,26-04-2020,RKI,0,0,0,1587859200000,03101,Braunschweig,258,16,242,248292,1292
DE-NI,28-04-2020,RKI,0,0,0,1588032000000,03101,Braunschweig,258,16,242,248292,1292
DE-NI,29-04-2020,RKI,2,1,1,1588118400000,03101,Braunschweig,260,17,243,248292,1292
DE-NI,01-05-2020,RKI,0,0,0,1588291200000,03101,Braunschweig,260,17,243,248292,1292
DE-NI,02-05-2020,RKI,0,0,0,1588377600000,03101,Braunschweig,260,17,243,248292,1292
DE-NI,05-05-2020,RKI,0,0,0,1588636800000,03101,Braunschweig,260,17,243,248292,1292
DE-NI,07-05-2020,RKI,3,3,0,1588809600000,03101,Braunschweig,263,17,246,248292,1292
DE-NI,08-05-2020,RKI,0,0,0,1588896000000,03101,Braunschweig,263,17,246,248292,1292
DE-NI,09-05-2020,RKI,1,1,0,1588982400000,03101,Braunschweig,264,17,247,248292,1292
DE-NI,10-05-2020,RKI,0,0,0,1589068800000,03101,Braunschweig,264,17,247,248292,1292
DE-NI,11-05-2020,RKI,2,2,0,1589155200000,03101,Braunschweig,266,17,249,248292,1292
DE-NI,12-05-2020,RKI,0,0,0,1589241600000,03101,Braunschweig,266,17,249,248292,1292
DE-NI,13-05-2020,RKI,2,2,0,1589328000000,03101,Braunschweig,268,17,251,248292,1292
DE-NI,16-05-2020,RKI,2,0,0,1589587200000,03101,Braunschweig,270,17,251,248292,1292
DE-NI,22-05-2020,RKI,0,0,0,1590105600000,03101,Braunschweig,270,17,251,248292,1292
DE-NI,27-05-2020,RKI,0,0,0,1590537600000,03101,Braunschweig,270,17,251,248292,1292
DE-NI,28-05-2020,RKI,1,0,0,1590624000000,03101,Braunschweig,271,17,251,248292,1292
DE-NI,03-06-2020,RKI,0,0,0,1591142400000,03101,Braunschweig,271,17,251,248292,1292
DE-NI,13-03-2020,RKI,0,0,0,1584057600000,03102,Salzgitter,0,0,0,104948,469
DE-NI,17-03-2020,RKI,1,1,0,1584403200000,03102,Salzgitter,1,0,1,104948,469
DE-NI,18-03-2020,RKI,2,2,0,1584489600000,03102,Salzgitter,3,0,3,104948,469
DE-NI,19-03-2020,RKI,2,2,0,1584576000000,03102,Salzgitter,5,0,5,104948,469
DE-NI,20-03-2020,RKI,7,7,0,1584662400000,03102,Salzgitter,12,0,12,104948,469
DE-NI,21-03-2020,RKI,5,5,0,1584748800000,03102,Salzgitter,17,0,17,104948,469
DE-NI,22-03-2020,RKI,0,0,0,1584835200000,03102,Salzgitter,17,0,17,104948,469
DE-NI,23-03-2020,RKI,1,1,0,1584921600000,03102,Salzgitter,18,0,18,104948,469
DE-NI,24-03-2020,RKI,3,3,0,1585008000000,03102,Salzgitter,21,0,21,104948,469
DE-NI,25-03-2020,RKI,2,2,0,1585094400000,03102,Salzgitter,23,0,23,104948,469
DE-NI,26-03-2020,RKI,7,6,1,1585180800000,03102,Salzgitter,30,1,29,104948,469
DE-NI,27-03-2020,RKI,2,2,0,1585267200000,03102,Salzgitter,32,1,31,104948,469
DE-NI,29-03-2020,RKI,4,4,0,1585440000000,03102,Salzgitter,36,1,35,104948,469
DE-NI,30-03-2020,RKI,2,2,0,1585526400000,03102,Salzgitter,38,1,37,104948,469
DE-NI,31-03-2020,RKI,4,4,0,1585612800000,03102,Salzgitter,42,1,41,104948,469
DE-NI,01-04-2020,RKI,2,2,0,1585699200000,03102,Salzgitter,44,1,43,104948,469
DE-NI,02-04-2020,RKI,2,2,0,1585785600000,03102,Salzgitter,46,1,45,104948,469
DE-NI,03-04-2020,RKI,2,1,1,1585872000000,03102,Salzgitter,48,2,46,104948,469
DE-NI,04-04-2020,RKI,2,1,1,1585958400000,03102,Salzgitter,50,3,47,104948,469
DE-NI,05-04-2020,RKI,0,0,0,1586044800000,03102,Salzgitter,50,3,47,104948,469
DE-NI,07-04-2020,RKI,12,12,0,1586217600000,03102,Salzgitter,62,3,59,104948,469
DE-NI,08-04-2020,RKI,4,4,0,1586304000000,03102,Salzgitter,66,3,63,104948,469
DE-NI,09-04-2020,RKI,3,3,0,1586390400000,03102,Salzgitter,69,3,66,104948,469
DE-NI,10-04-2020,RKI,2,2,0,1586476800000,03102,Salzgitter,71,3,68,104948,469
DE-NI,13-04-2020,RKI,1,0,1,1586736000000,03102,Salzgitter,72,4,68,104948,469
DE-NI,14-04-2020,RKI,1,1,0,1586822400000,03102,Salzgitter,73,4,69,104948,469
DE-NI,15-04-2020,RKI,4,3,1,1586908800000,03102,Salzgitter,77,5,72,104948,469
DE-NI,16-04-2020,RKI,2,2,0,1586995200000,03102,Salzgitter,79,5,74,104948,469
DE-NI,17-04-2020,RKI,2,2,0,1587081600000,03102,Salzgitter,81,5,76,104948,469
DE-NI,18-04-2020,RKI,1,1,0,1587168000000,03102,Salzgitter,82,5,77,104948,469
DE-NI,19-04-2020,RKI,1,0,1,1587254400000,03102,Salzgitter,83,6,77,104948,469
DE-NI,20-04-2020,RKI,0,0,0,1587340800000,03102,Salzgitter,83,6,77,104948,469
DE-NI,21-04-2020,RKI,1,1,0,1587427200000,03102,Salzgitter,84,6,78,104948,469
DE-NI,23-04-2020,RKI,6,6,0,1587600000000,03102,Salzgitter,90,6,84,104948,469
DE-NI,27-04-2020,RKI,1,0,1,1587945600000,03102,Salzgitter,91,7,84,104948,469
DE-NI,28-04-2020,RKI,0,0,0,1588032000000,03102,Salzgitter,91,7,84,104948,469
DE-NI,01-05-2020,RKI,0,0,0,1588291200000,03102,Salzgitter,91,7,84,104948,469
DE-NI,05-05-2020,RKI,0,0,0,1588636800000,03102,Salzgitter,91,7,84,104948,469
DE-NI,08-05-2020,RKI,0,0,0,1588896000000,03102,Salzgitter,91,7,84,104948,469
DE-NI,11-05-2020,RKI,3,3,0,1589155200000,03102,Salzgitter,94,7,87,104948,469
DE-NI,12-05-2020,RKI,0,0,0,1589241600000,03102,Salzgitter,94,7,87,104948,469
DE-NI,15-05-2020,RKI,0,0,0,1589500800000,03102,Salzgitter,94,7,87,104948,469
DE-NI,18-05-2020,RKI,0,0,0,1589760000000,03102,Salzgitter,94,7,87,104948,469
DE-NI,25-05-2020,RKI,0,0,0,1590364800000,03102,Salzgitter,94,7,87,104948,469
DE-NI,26-05-2020,RKI,0,0,0,1590451200000,03102,Salzgitter,94,7,87,104948,469
DE-NI,03-06-2020,RKI,1,0,0,1591142400000,03102,Salzgitter,95,7,87,104948,469
DE-NI,17-03-2020,RKI,0,0,0,1584403200000,03103,Wolfsburg,2,0,2,124151,608
DE-NI,18-03-2020,RKI,3,0,3,1584489600000,03103,Wolfsburg,5,3,2,124151,608
DE-NI,19-03-2020,RKI,1,1,0,1584576000000,03103,Wolfsburg,6,3,3,124151,608
DE-NI,20-03-2020,RKI,4,2,2,1584662400000,03103,Wolfsburg,10,5,5,124151,608
DE-NI,21-03-2020,RKI,3,2,1,1584748800000,03103,Wolfsburg,13,6,7,124151,608
DE-NI,22-03-2020,RKI,6,6,0,1584835200000,03103,Wolfsburg,19,6,13,124151,608
DE-NI,23-03-2020,RKI,1,0,1,1584921600000,03103,Wolfsburg,20,7,13,124151,608
DE-NI,24-03-2020,RKI,4,4,0,1585008000000,03103,Wolfsburg,24,7,17,124151,608
DE-NI,25-03-2020,RKI,12,10,2,1585094400000,03103,Wolfsburg,36,9,27,124151,608
DE-NI,26-03-2020,RKI,5,4,1,1585180800000,03103,Wolfsburg,41,10,31,124151,608
DE-NI,27-03-2020,RKI,62,39,23,1585267200000,03103,Wolfsburg,103,33,70,124151,608
DE-NI,28-03-2020,RKI,27,23,4,1585353600000,03103,Wolfsburg,130,37,93,124151,608
DE-NI,29-03-2020,RKI,18,17,1,1585440000000,03103,Wolfsburg,148,38,110,124151,608
DE-NI,31-03-2020,RKI,18,17,1,1585612800000,03103,Wolfsburg,166,39,127,124151,608
DE-NI,01-04-2020,RKI,7,7,0,1585699200000,03103,Wolfsburg,173,39,134,124151,608
DE-NI,02-04-2020,RKI,24,20,4,1585785600000,03103,Wolfsburg,197,43,154,124151,608
DE-NI,03-04-2020,RKI,1,0,1,1585872000000,03103,Wolfsburg,198,44,154,124151,608
DE-NI,04-04-2020,RKI,2,2,0,1585958400000,03103,Wolfsburg,200,44,156,124151,608
DE-NI,06-04-2020,RKI,1,1,0,1586131200000,03103,Wolfsburg,201,44,157,124151,608
DE-NI,07-04-2020,RKI,1,1,0,1586217600000,03103,Wolfsburg,202,44,158,124151,608
DE-NI,08-04-2020,RKI,5,3,2,1586304000000,03103,Wolfsburg,207,46,161,124151,608
DE-NI,09-04-2020,RKI,8,8,0,1586390400000,03103,Wolfsburg,215,46,169,124151,608
DE-NI,10-04-2020,RKI,6,6,0,1586476800000,03103,Wolfsburg,221,46,175,124151,608
DE-NI,11-04-2020,RKI,0,0,0,1586563200000,03103,Wolfsburg,221,46,175,124151,608
DE-NI,12-04-2020,RKI,0,0,0,1586649600000,03103,Wolfsburg,221,46,175,124151,608
DE-NI,15-04-2020,RKI,2,2,0,1586908800000,03103,Wolfsburg,223,46,177,124151,608
DE-NI,16-04-2020,RKI,3,3,0,1586995200000,03103,Wolfsburg,226,46,180,124151,608
DE-NI,17-04-2020,RKI,9,8,1,1587081600000,03103,Wolfsburg,235,47,188,124151,608
DE-NI,18-04-2020,RKI,3,3,0,1587168000000,03103,Wolfsburg,238,47,191,124151,608
DE-NI,19-04-2020,RKI,0,0,0,1587254400000,03103,Wolfsburg,238,47,191,124151,608
DE-NI,21-04-2020,RKI,2,1,1,1587427200000,03103,Wolfsburg,240,48,192,124151,608
DE-NI,22-04-2020,RKI,2,2,0,1587513600000,03103,Wolfsburg,242,48,194,124151,608
DE-NI,23-04-2020,RKI,1,1,0,1587600000000,03103,Wolfsburg,243,48,195,124151,608
DE-NI,25-04-2020,RKI,0,0,0,1587772800000,03103,Wolfsburg,243,48,195,124151,608
DE-NI,28-04-2020,RKI,0,0,0,1588032000000,03103,Wolfsburg,243,48,195,124151,608
DE-NI,30-04-2020,RKI,0,0,0,1588204800000,03103,Wolfsburg,243,48,195,124151,608
DE-NI,02-05-2020,RKI,0,0,0,1588377600000,03103,Wolfsburg,243,48,195,124151,608
DE-NI,05-05-2020,RKI,1,1,0,1588636800000,03103,Wolfsburg,244,48,196,124151,608
DE-NI,08-05-2020,RKI,1,1,0,1588896000000,03103,Wolfsburg,245,48,197,124151,608
DE-NI,11-05-2020,RKI,1,1,0,1589155200000,03103,Wolfsburg,246,48,198,124151,608
DE-NI,13-05-2020,RKI,1,1,0,1589328000000,03103,Wolfsburg,247,48,199,124151,608
DE-NI,14-05-2020,RKI,0,0,0,1589414400000,03103,Wolfsburg,247,48,199,124151,608
DE-NI,22-05-2020,RKI,1,0,0,1590105600000,03103,Wolfsburg,248,48,199,124151,608
DE-NI,26-05-2020,RKI,2,2,0,1590451200000,03103,Wolfsburg,250,48,201,124151,608
DE-NI,27-05-2020,RKI,4,4,0,1590537600000,03103,Wolfsburg,254,48,205,124151,608
DE-NI,29-05-2020,RKI,4,0,0,1590710400000,03103,Wolfsburg,258,48,205,124151,608
DE-NI,03-06-2020,RKI,0,0,0,1591142400000,03103,Wolfsburg,258,48,205,124151,608
DE-NI,04-06-2020,RKI,1,0,0,1591228800000,03103,Wolfsburg,259,48,205,124151,608
DE-NI,12-03-2020,RKI,2,2,0,1583971200000,03151,Gifhorn,3,0,3,175920,113
DE-NI,13-03-2020,RKI,1,1,0,1584057600000,03151,Gifhorn,4,0,4,175920,113
DE-NI,16-03-2020,RKI,8,8,0,1584316800000,03151,Gifhorn,12,0,12,175920,113
DE-NI,17-03-2020,RKI,4,4,0,1584403200000,03151,Gifhorn,16,0,16,175920,113
DE-NI,18-03-2020,RKI,0,0,0,1584489600000,03151,Gifhorn,16,0,16,175920,113
DE-NI,19-03-2020,RKI,3,3,0,1584576000000,03151,Gifhorn,19,0,19,175920,113
DE-NI,20-03-2020,RKI,4,4,0,1584662400000,03151,Gifhorn,23,0,23,175920,113
DE-NI,21-03-2020,RKI,1,1,0,1584748800000,03151,Gifhorn,24,0,24,175920,113
DE-NI,22-03-2020,RKI,0,0,0,1584835200000,03151,Gifhorn,24,0,24,175920,113
DE-NI,23-03-2020,RKI,2,2,0,1584921600000,03151,Gifhorn,26,0,26,175920,113
DE-NI,24-03-2020,RKI,0,0,0,1585008000000,03151,Gifhorn,26,0,26,175920,113
DE-NI,25-03-2020,RKI,3,3,0,1585094400000,03151,Gifhorn,29,0,29,175920,113
DE-NI,26-03-2020,RKI,4,4,0,1585180800000,03151,Gifhorn,33,0,33,175920,113
DE-NI,27-03-2020,RKI,2,2,0,1585267200000,03151,Gifhorn,35,0,35,175920,113
DE-NI,28-03-2020,RKI,9,9,0,1585353600000,03151,Gifhorn,44,0,44,175920,113
DE-NI,30-03-2020,RKI,7,7,0,1585526400000,03151,Gifhorn,51,0,51,175920,113
DE-NI,31-03-2020,RKI,8,8,0,1585612800000,03151,Gifhorn,59,0,59,175920,113
DE-NI,01-04-2020,RKI,5,5,0,1585699200000,03151,Gifhorn,64,0,64,175920,113
DE-NI,02-04-2020,RKI,1,0,1,1585785600000,03151,Gifhorn,65,1,64,175920,113
DE-NI,03-04-2020,RKI,4,4,0,1585872000000,03151,Gifhorn,69,1,68,175920,113
DE-NI,04-04-2020,RKI,1,1,0,1585958400000,03151,Gifhorn,70,1,69,175920,113
DE-NI,05-04-2020,RKI,0,0,0,1586044800000,03151,Gifhorn,70,1,69,175920,113
DE-NI,06-04-2020,RKI,2,2,0,1586131200000,03151,Gifhorn,72,1,71,175920,113
DE-NI,07-04-2020,RKI,4,4,0,1586217600000,03151,Gifhorn,76,1,75,175920,113
DE-NI,08-04-2020,RKI,0,0,0,1586304000000,03151,Gifhorn,76,1,75,175920,113
DE-NI,09-04-2020,RKI,0,0,0,1586390400000,03151,Gifhorn,76,1,75,175920,113
DE-NI,12-04-2020,RKI,2,2,0,1586649600000,03151,Gifhorn,78,1,77,175920,113
DE-NI,14-04-2020,RKI,1,1,0,1586822400000,03151,Gifhorn,79,1,78,175920,113
DE-NI,15-04-2020,RKI,3,3,0,1586908800000,03151,Gifhorn,82,1,81,175920,113
DE-NI,16-04-2020,RKI,4,4,0,1586995200000,03151,Gifhorn,86,1,85,175920,113
DE-NI,17-04-2020,RKI,0,0,0,1587081600000,03151,Gifhorn,86,1,85,175920,113
DE-NI,20-04-2020,RKI,0,0,0,1587340800000,03151,Gifhorn,86,1,85,175920,113
DE-NI,21-04-2020,RKI,0,0,0,1587427200000,03151,Gifhorn,86,1,85,175920,113
DE-NI,24-04-2020,RKI,0,0,0,1587686400000,03151,Gifhorn,86,1,85,175920,113
DE-NI,27-04-2020,RKI,0,0,0,1587945600000,03151,Gifhorn,86,1,85,175920,113
DE-NI,29-04-2020,RKI,0,0,0,1588118400000,03151,Gifhorn,86,1,85,175920,113
DE-NI,12-05-2020,RKI,0,0,0,1589241600000,03151,Gifhorn,86,1,85,175920,113
DE-NI,24-05-2020,RKI,0,0,0,1590278400000,03151,Gifhorn,86,1,85,175920,113
DE-NI,26-05-2020,RKI,1,0,0,1590451200000,03151,Gifhorn,87,1,85,175920,113
DE-NI,01-06-2020,RKI,8,0,0,1590969600000,03151,Gifhorn,95,1,85,175920,113
DE-NI,03-06-2020,RKI,2,0,0,1591142400000,03151,Gifhorn,97,1,85,175920,113
DE-NI,14-03-2020,RKI,1,1,0,1584144000000,03153,Goslar,5,0,5,137014,142
DE-NI,17-03-2020,RKI,1,1,0,1584403200000,03153,Goslar,6,0,6,137014,142
DE-NI,18-03-2020,RKI,4,4,0,1584489600000,03153,Goslar,10,0,10,137014,142
DE-NI,19-03-2020,RKI,1,1,0,1584576000000,03153,Goslar,11,0,11,137014,142
DE-NI,20-03-2020,RKI,1,1,0,1584662400000,03153,Goslar,12,0,12,137014,142
DE-NI,21-03-2020,RKI,2,2,0,1584748800000,03153,Goslar,14,0,14,137014,142
DE-NI,23-03-2020,RKI,0,0,0,1584921600000,03153,Goslar,14,0,14,137014,142
DE-NI,24-03-2020,RKI,7,7,0,1585008000000,03153,Goslar,21,0,21,137014,142
DE-NI,25-03-2020,RKI,5,5,0,1585094400000,03153,Goslar,26,0,26,137014,142
DE-NI,26-03-2020,RKI,8,6,2,1585180800000,03153,Goslar,34,2,32,137014,142
DE-NI,27-03-2020,RKI,5,4,1,1585267200000,03153,Goslar,39,3,36,137014,142
DE-NI,30-03-2020,RKI,6,6,0,1585526400000,03153,Goslar,45,3,42,137014,142
DE-NI,31-03-2020,RKI,0,0,0,1585612800000,03153,Goslar,45,3,42,137014,142
DE-NI,01-04-2020,RKI,0,0,0,1585699200000,03153,Goslar,45,3,42,137014,142
DE-NI,02-04-2020,RKI,9,8,1,1585785600000,03153,Goslar,54,4,50,137014,142
DE-NI,03-04-2020,RKI,3,3,0,1585872000000,03153,Goslar,57,4,53,137014,142
DE-NI,04-04-2020,RKI,7,5,2,1585958400000,03153,Goslar,64,6,58,137014,142
DE-NI,05-04-2020,RKI,4,4,0,1586044800000,03153,Goslar,68,6,62,137014,142
DE-NI,07-04-2020,RKI,2,2,0,1586217600000,03153,Goslar,70,6,64,137014,142
DE-NI,08-04-2020,RKI,7,4,3,1586304000000,03153,Goslar,77,9,68,137014,142
DE-NI,09-04-2020,RKI,14,13,1,1586390400000,03153,Goslar,91,10,81,137014,142
DE-NI,14-04-2020,RKI,8,8,0,1586822400000,03153,Goslar,99,10,89,137014,142
DE-NI,15-04-2020,RKI,8,6,2,1586908800000,03153,Goslar,107,12,95,137014,142
DE-NI,16-04-2020,RKI,3,3,0,1586995200000,03153,Goslar,110,12,98,137014,142
DE-NI,17-04-2020,RKI,4,4,0,1587081600000,03153,Goslar,114,12,102,137014,142
DE-NI,20-04-2020,RKI,22,21,1,1587340800000,03153,Goslar,136,13,123,137014,142
DE-NI,21-04-2020,RKI,4,4,0,1587427200000,03153,Goslar,140,13,127,137014,142
DE-NI,22-04-2020,RKI,7,7,0,1587513600000,03153,Goslar,147,13,134,137014,142
DE-NI,23-04-2020,RKI,4,4,0,1587600000000,03153,Goslar,151,13,138,137014,142
DE-NI,24-04-2020,RKI,1,1,0,1587686400000,03153,Goslar,152,13,139,137014,142
DE-NI,27-04-2020,RKI,13,10,3,1587945600000,03153,Goslar,165,16,149,137014,142
DE-NI,28-04-2020,RKI,6,5,1,1588032000000,03153,Goslar,171,17,154,137014,142
DE-NI,29-04-2020,RKI,2,0,2,1588118400000,03153,Goslar,173,19,154,137014,142
DE-NI,30-04-2020,RKI,1,1,0,1588204800000,03153,Goslar,174,19,155,137014,142
DE-NI,04-05-2020,RKI,9,8,1,1588550400000,03153,Goslar,183,20,163,137014,142
DE-NI,05-05-2020,RKI,2,1,1,1588636800000,03153,Goslar,185,21,164,137014,142
DE-NI,06-05-2020,RKI,8,7,1,1588723200000,03153,Goslar,193,22,171,137014,142
DE-NI,07-05-2020,RKI,1,1,0,1588809600000,03153,Goslar,194,22,172,137014,142
DE-NI,11-05-2020,RKI,2,1,1,1589155200000,03153,Goslar,196,23,173,137014,142
DE-NI,13-05-2020,RKI,2,0,1,1589328000000,03153,Goslar,198,24,173,137014,142
DE-NI,15-05-2020,RKI,2,2,0,1589500800000,03153,Goslar,200,24,175,137014,142
DE-NI,18-05-2020,RKI,1,0,0,1589760000000,03153,Goslar,201,24,175,137014,142
DE-NI,19-05-2020,RKI,1,0,1,1589846400000,03153,Goslar,202,25,175,137014,142
DE-NI,20-05-2020,RKI,0,0,0,1589932800000,03153,Goslar,202,25,175,137014,142
DE-NI,22-05-2020,RKI,2,1,0,1590105600000,03153,Goslar,204,25,176,137014,142
DE-NI,25-05-2020,RKI,1,0,0,1590364800000,03153,Goslar,205,25,176,137014,142
DE-NI,26-05-2020,RKI,0,0,0,1590451200000,03153,Goslar,205,25,176,137014,142
DE-NI,27-05-2020,RKI,0,0,0,1590537600000,03153,Goslar,205,25,176,137014,142
DE-NI,01-06-2020,RKI,1,0,0,1590969600000,03153,Goslar,206,25,176,137014,142
DE-NI,02-06-2020,RKI,0,0,0,1591056000000,03153,Goslar,206,25,176,137014,142
DE-NI,18-03-2020,RKI,4,4,0,1584489600000,03154,Helmstedt,5,0,5,91307,135
DE-NI,19-03-2020,RKI,0,0,0,1584576000000,03154,Helmstedt,5,0,5,91307,135
DE-NI,20-03-2020,RKI,2,2,0,1584662400000,03154,Helmstedt,7,0,7,91307,135
DE-NI,21-03-2020,RKI,4,4,0,1584748800000,03154,Helmstedt,11,0,11,91307,135
DE-NI,22-03-2020,RKI,1,1,0,1584835200000,03154,Helmstedt,12,0,12,91307,135
DE-NI,23-03-2020,RKI,1,1,0,1584921600000,03154,Helmstedt,13,0,13,91307,135
DE-NI,24-03-2020,RKI,3,3,0,1585008000000,03154,Helmstedt,16,0,16,91307,135
DE-NI,25-03-2020,RKI,3,3,0,1585094400000,03154,Helmstedt,19,0,19,91307,135
DE-NI,26-03-2020,RKI,10,10,0,1585180800000,03154,Helmstedt,29,0,29,91307,135
DE-NI,27-03-2020,RKI,5,5,0,1585267200000,03154,Helmstedt,34,0,34,91307,135
DE-NI,28-03-2020,RKI,6,6,0,1585353600000,03154,Helmstedt,40,0,40,91307,135
DE-NI,29-03-2020,RKI,1,1,0,1585440000000,03154,Helmstedt,41,0,41,91307,135
DE-NI,30-03-2020,RKI,5,5,0,1585526400000,03154,Helmstedt,46,0,46,91307,135
DE-NI,31-03-2020,RKI,6,6,0,1585612800000,03154,Helmstedt,52,0,52,91307,135
DE-NI,01-04-2020,RKI,9,9,0,1585699200000,03154,Helmstedt,61,0,61,91307,135
DE-NI,03-04-2020,RKI,2,2,0,1585872000000,03154,Helmstedt,63,0,63,91307,135
DE-NI,04-04-2020,RKI,2,2,0,1585958400000,03154,Helmstedt,65,0,65,91307,135
DE-NI,06-04-2020,RKI,1,0,1,1586131200000,03154,Helmstedt,66,1,65,91307,135
DE-NI,07-04-2020,RKI,1,1,0,1586217600000,03154,Helmstedt,67,1,66,91307,135
DE-NI,08-04-2020,RKI,0,0,0,1586304000000,03154,Helmstedt,67,1,66,91307,135
DE-NI,10-04-2020,RKI,0,0,0,1586476800000,03154,Helmstedt,67,1,66,91307,135
DE-NI,19-04-2020,RKI,18,18,0,1587254400000,03154,Helmstedt,85,1,84,91307,135
DE-NI,20-04-2020,RKI,0,0,0,1587340800000,03154,Helmstedt,85,1,84,91307,135
DE-NI,21-04-2020,RKI,1,1,0,1587427200000,03154,Helmstedt,86,1,85,91307,135
DE-NI,23-04-2020,RKI,14,14,0,1587600000000,03154,Helmstedt,100,1,99,91307,135
DE-NI,25-04-2020,RKI,2,2,0,1587772800000,03154,Helmstedt,102,1,101,91307,135
DE-NI,27-04-2020,RKI,0,0,0,1587945600000,03154,Helmstedt,102,1,101,91307,135
DE-NI,29-04-2020,RKI,3,3,0,1588118400000,03154,Helmstedt,105,1,104,91307,135
DE-NI,09-05-2020,RKI,0,0,0,1588982400000,03154,Helmstedt,105,1,104,91307,135
DE-NI,14-05-2020,RKI,0,0,0,1589414400000,03154,Helmstedt,105,1,104,91307,135
DE-NI,26-05-2020,RKI,1,0,0,1590451200000,03154,Helmstedt,106,1,104,91307,135
DE-NI,28-05-2020,RKI,0,0,0,1590624000000,03154,Helmstedt,106,1,104,91307,135
DE-NI,12-03-2020,RKI,0,0,0,1583971200000,03155,Northeim,1,0,1,132765,105
DE-NI,17-03-2020,RKI,2,2,0,1584403200000,03155,Northeim,3,0,3,132765,105
DE-NI,18-03-2020,RKI,1,1,0,1584489600000,03155,Northeim,4,0,4,132765,105
DE-NI,19-03-2020,RKI,4,4,0,1584576000000,03155,Northeim,8,0,8,132765,105
DE-NI,20-03-2020,RKI,2,2,0,1584662400000,03155,Northeim,10,0,10,132765,105
DE-NI,23-03-2020,RKI,4,3,1,1584921600000,03155,Northeim,14,1,13,132765,105
DE-NI,24-03-2020,RKI,3,3,0,1585008000000,03155,Northeim,17,1,16,132765,105
DE-NI,26-03-2020,RKI,3,3,0,1585180800000,03155,Northeim,20,1,19,132765,105
DE-NI,27-03-2020,RKI,2,2,0,1585267200000,03155,Northeim,22,1,21,132765,105
DE-NI,29-03-2020,RKI,1,1,0,1585440000000,03155,Northeim,23,1,22,132765,105
DE-NI,30-03-2020,RKI,3,3,0,1585526400000,03155,Northeim,26,1,25,132765,105
DE-NI,31-03-2020,RKI,0,0,0,1585612800000,03155,Northeim,26,1,25,132765,105
DE-NI,01-04-2020,RKI,2,2,0,1585699200000,03155,Northeim,28,1,27,132765,105
DE-NI,02-04-2020,RKI,1,1,0,1585785600000,03155,Northeim,29,1,28,132765,105
DE-NI,03-04-2020,RKI,2,2,0,1585872000000,03155,Northeim,31,1,30,132765,105
DE-NI,04-04-2020,RKI,3,3,0,1585958400000,03155,Northeim,34,1,33,132765,105
DE-NI,06-04-2020,RKI,5,5,0,1586131200000,03155,Northeim,39,1,38,132765,105
DE-NI,08-04-2020,RKI,3,3,0,1586304000000,03155,Northeim,42,1,41,132765,105
DE-NI,09-04-2020,RKI,1,1,0,1586390400000,03155,Northeim,43,1,42,132765,105
DE-NI,10-04-2020,RKI,4,4,0,1586476800000,03155,Northeim,47,1,46,132765,105
DE-NI,11-04-2020,RKI,2,2,0,1586563200000,03155,Northeim,49,1,48,132765,105
DE-NI,12-04-2020,RKI,8,8,0,1586649600000,03155,Northeim,57,1,56,132765,105
DE-NI,13-04-2020,RKI,0,0,0,1586736000000,03155,Northeim,57,1,56,132765,105
DE-NI,14-04-2020,RKI,1,0,1,1586822400000,03155,Northeim,58,2,56,132765,105
DE-NI,15-04-2020,RKI,4,3,1,1586908800000,03155,Northeim,62,3,59,132765,105
DE-NI,16-04-2020,RKI,5,5,0,1586995200000,03155,Northeim,67,3,64,132765,105
DE-NI,17-04-2020,RKI,4,4,0,1587081600000,03155,Northeim,71,3,68,132765,105
DE-NI,18-04-2020,RKI,3,3,0,1587168000000,03155,Northeim,74,3,71,132765,105
DE-NI,19-04-2020,RKI,1,1,0,1587254400000,03155,Northeim,75,3,72,132765,105
DE-NI,21-04-2020,RKI,1,1,0,1587427200000,03155,Northeim,76,3,73,132765,105
DE-NI,22-04-2020,RKI,2,1,1,1587513600000,03155,Northeim,78,4,74,132765,105
DE-NI,23-04-2020,RKI,3,3,0,1587600000000,03155,Northeim,81,4,77,132765,105
DE-NI,25-04-2020,RKI,0,0,0,1587772800000,03155,Northeim,81,4,77,132765,105
DE-NI,26-04-2020,RKI,0,0,0,1587859200000,03155,Northeim,81,4,77,132765,105
DE-NI,29-04-2020,RKI,0,0,0,1588118400000,03155,Northeim,81,4,77,132765,105
DE-NI,30-04-2020,RKI,0,0,0,1588204800000,03155,Northeim,81,4,77,132765,105
DE-NI,14-05-2020,RKI,0,0,0,1589414400000,03155,Northeim,81,4,77,132765,105
DE-NI,19-05-2020,RKI,0,0,0,1589846400000,03155,Northeim,81,4,77,132765,105
DE-NI,20-05-2020,RKI,0,0,0,1589932800000,03155,Northeim,81,4,77,132765,105
DE-NI,29-05-2020,RKI,0,0,0,1590710400000,03155,Northeim,81,4,77,132765,105
DE-NI,30-05-2020,RKI,0,0,0,1590796800000,03155,Northeim,81,4,77,132765,105
DE-NI,17-03-2020,RKI,5,5,0,1584403200000,03157,Peine,6,0,6,133965,250
DE-NI,18-03-2020,RKI,0,0,0,1584489600000,03157,Peine,6,0,6,133965,250
DE-NI,19-03-2020,RKI,3,3,0,1584576000000,03157,Peine,9,0,9,133965,250
DE-NI,20-03-2020,RKI,1,1,0,1584662400000,03157,Peine,10,0,10,133965,250
DE-NI,21-03-2020,RKI,4,4,0,1584748800000,03157,Peine,14,0,14,133965,250
DE-NI,22-03-2020,RKI,0,0,0,1584835200000,03157,Peine,14,0,14,133965,250
DE-NI,23-03-2020,RKI,1,1,0,1584921600000,03157,Peine,15,0,15,133965,250
DE-NI,24-03-2020,RKI,1,1,0,1585008000000,03157,Peine,16,0,16,133965,250
DE-NI,25-03-2020,RKI,5,5,0,1585094400000,03157,Peine,21,0,21,133965,250
DE-NI,26-03-2020,RKI,8,8,0,1585180800000,03157,Peine,29,0,29,133965,250
DE-NI,27-03-2020,RKI,6,6,0,1585267200000,03157,Peine,35,0,35,133965,250
DE-NI,28-03-2020,RKI,11,11,0,1585353600000,03157,Peine,46,0,46,133965,250
DE-NI,29-03-2020,RKI,1,1,0,1585440000000,03157,Peine,47,0,47,133965,250
DE-NI,30-03-2020,RKI,17,12,5,1585526400000,03157,Peine,64,5,59,133965,250
DE-NI,31-03-2020,RKI,9,9,0,1585612800000,03157,Peine,73,5,68,133965,250
DE-NI,01-04-2020,RKI,4,4,0,1585699200000,03157,Peine,77,5,72,133965,250
DE-NI,02-04-2020,RKI,5,4,1,1585785600000,03157,Peine,82,6,76,133965,250
DE-NI,03-04-2020,RKI,5,5,0,1585872000000,03157,Peine,87,6,81,133965,250
DE-NI,04-04-2020,RKI,2,1,1,1585958400000,03157,Peine,89,7,82,133965,250
DE-NI,07-04-2020,RKI,6,6,0,1586217600000,03157,Peine,95,7,88,133965,250
DE-NI,08-04-2020,RKI,4,4,0,1586304000000,03157,Peine,99,7,92,133965,250
DE-NI,09-04-2020,RKI,1,1,0,1586390400000,03157,Peine,100,7,93,133965,250
DE-NI,11-04-2020,RKI,1,0,1,1586563200000,03157,Peine,101,8,93,133965,250
DE-NI,14-04-2020,RKI,0,0,0,1586822400000,03157,Peine,101,8,93,133965,250
DE-NI,15-04-2020,RKI,2,1,1,1586908800000,03157,Peine,103,9,94,133965,250
DE-NI,17-04-2020,RKI,1,1,0,1587081600000,03157,Peine,104,9,95,133965,250
DE-NI,21-04-2020,RKI,2,2,0,1587427200000,03157,Peine,106,9,97,133965,250
DE-NI,22-04-2020,RKI,0,0,0,1587513600000,03157,Peine,106,9,97,133965,250
DE-NI,24-04-2020,RKI,0,0,0,1587686400000,03157,Peine,106,9,97,133965,250
DE-NI,28-04-2020,RKI,1,1,0,1588032000000,03157,Peine,107,9,98,133965,250
DE-NI,29-04-2020,RKI,0,0,0,1588118400000,03157,Peine,107,9,98,133965,250
DE-NI,05-05-2020,RKI,0,0,0,1588636800000,03157,Peine,107,9,98,133965,250
DE-NI,21-05-2020,RKI,0,0,0,1590019200000,03157,Peine,107,9,98,133965,250
DE-NI,25-05-2020,RKI,0,0,0,1590364800000,03157,Peine,107,9,98,133965,250
DE-NI,29-05-2020,RKI,1,1,0,1590710400000,03157,Peine,108,9,99,133965,250
DE-NI,03-06-2020,RKI,1,0,0,1591142400000,03157,Peine,109,9,99,133965,250
DE-NI,04-06-2020,RKI,1,0,0,1591228800000,03157,Peine,110,9,99,133965,250
DE-NI,18-03-2020,RKI,0,0,0,1584489600000,03158,Wolfenbüttel,0,0,0,119960,166
DE-NI,19-03-2020,RKI,0,0,0,1584576000000,03158,Wolfenbüttel,0,0,0,119960,166
DE-NI,20-03-2020,RKI,0,0,0,1584662400000,03158,Wolfenbüttel,0,0,0,119960,166
DE-NI,23-03-2020,RKI,3,3,0,1584921600000,03158,Wolfenbüttel,3,0,3,119960,166
DE-NI,24-03-2020,RKI,7,7,0,1585008000000,03158,Wolfenbüttel,10,0,10,119960,166
DE-NI,25-03-2020,RKI,3,3,0,1585094400000,03158,Wolfenbüttel,13,0,13,119960,166
DE-NI,26-03-2020,RKI,5,5,0,1585180800000,03158,Wolfenbüttel,18,0,18,119960,166
DE-NI,27-03-2020,RKI,4,4,0,1585267200000,03158,Wolfenbüttel,22,0,22,119960,166
DE-NI,30-03-2020,RKI,2,2,0,1585526400000,03158,Wolfenbüttel,24,0,24,119960,166
DE-NI,31-03-2020,RKI,2,2,0,1585612800000,03158,Wolfenbüttel,26,0,26,119960,166
DE-NI,01-04-2020,RKI,6,6,0,1585699200000,03158,Wolfenbüttel,32,0,32,119960,166
DE-NI,02-04-2020,RKI,7,7,0,1585785600000,03158,Wolfenbüttel,39,0,39,119960,166
DE-NI,03-04-2020,RKI,6,6,0,1585872000000,03158,Wolfenbüttel,45,0,45,119960,166
DE-NI,05-04-2020,RKI,1,1,0,1586044800000,03158,Wolfenbüttel,46,0,46,119960,166
DE-NI,06-04-2020,RKI,12,12,0,1586131200000,03158,Wolfenbüttel,58,0,58,119960,166
DE-NI,07-04-2020,RKI,3,3,0,1586217600000,03158,Wolfenbüttel,61,0,61,119960,166
DE-NI,08-04-2020,RKI,3,3,0,1586304000000,03158,Wolfenbüttel,64,0,64,119960,166
DE-NI,09-04-2020,RKI,6,4,2,1586390400000,03158,Wolfenbüttel,70,2,68,119960,166
DE-NI,10-04-2020,RKI,15,13,2,1586476800000,03158,Wolfenbüttel,85,4,81,119960,166
DE-NI,11-04-2020,RKI,0,0,0,1586563200000,03158,Wolfenbüttel,85,4,81,119960,166
DE-NI,14-04-2020,RKI,4,3,1,1586822400000,03158,Wolfenbüttel,89,5,84,119960,166
DE-NI,15-04-2020,RKI,3,1,2,1586908800000,03158,Wolfenbüttel,92,7,85,119960,166
DE-NI,16-04-2020,RKI,7,5,2,1586995200000,03158,Wolfenbüttel,99,9,90,119960,166
DE-NI,17-04-2020,RKI,10,9,1,1587081600000,03158,Wolfenbüttel,109,10,99,119960,166
DE-NI,18-04-2020,RKI,0,0,0,1587168000000,03158,Wolfenbüttel,109,10,99,119960,166
DE-NI,19-04-2020,RKI,11,9,2,1587254400000,03158,Wolfenbüttel,120,12,108,119960,166
DE-NI,21-04-2020,RKI,2,2,0,1587427200000,03158,Wolfenbüttel,122,12,110,119960,166
DE-NI,22-04-2020,RKI,3,3,0,1587513600000,03158,Wolfenbüttel,125,12,113,119960,166
DE-NI,24-04-2020,RKI,4,3,1,1587686400000,03158,Wolfenbüttel,129,13,116,119960,166
DE-NI,27-04-2020,RKI,5,5,0,1587945600000,03158,Wolfenbüttel,134,13,121,119960,166
DE-NI,28-04-2020,RKI,0,0,0,1588032000000,03158,Wolfenbüttel,134,13,121,119960,166
DE-NI,29-04-2020,RKI,1,1,0,1588118400000,03158,Wolfenbüttel,135,13,122,119960,166
DE-NI,30-04-2020,RKI,0,0,0,1588204800000,03158,Wolfenbüttel,135,13,122,119960,166
DE-NI,03-05-2020,RKI,0,0,0,1588464000000,03158,Wolfenbüttel,135,13,122,119960,166
DE-NI,07-05-2020,RKI,0,0,0,1588809600000,03158,Wolfenbüttel,135,13,122,119960,166
DE-NI,08-05-2020,RKI,0,0,0,1588896000000,03158,Wolfenbüttel,135,13,122,119960,166
DE-NI,11-05-2020,RKI,0,0,0,1589155200000,03158,Wolfenbüttel,135,13,122,119960,166
DE-NI,12-05-2020,RKI,0,0,0,1589241600000,03158,Wolfenbüttel,135,13,122,119960,166
DE-NI,13-05-2020,RKI,2,2,0,1589328000000,03158,Wolfenbüttel,137,13,124,119960,166
DE-NI,14-05-2020,RKI,0,0,0,1589414400000,03158,Wolfenbüttel,137,13,124,119960,166
DE-NI,20-05-2020,RKI,0,0,0,1589932800000,03158,Wolfenbüttel,137,13,124,119960,166
DE-NI,25-05-2020,RKI,0,0,0,1590364800000,03158,Wolfenbüttel,137,13,124,119960,166
DE-NI,28-05-2020,RKI,1,0,0,1590624000000,03158,Wolfenbüttel,138,13,124,119960,166
DE-NI,30-05-2020,RKI,2,0,0,1590796800000,03158,Wolfenbüttel,140,13,124,119960,166
DE-NI,03-06-2020,RKI,0,0,0,1591142400000,03158,Wolfenbüttel,140,13,124,119960,166
DE-NI,13-03-2020,RKI,0,0,0,1584057600000,03159,Göttingen,2,0,2,328074,187
DE-NI,14-03-2020,RKI,1,1,0,1584144000000,03159,Göttingen,3,0,3,328074,187
DE-NI,15-03-2020,RKI,0,0,0,1584230400000,03159,Göttingen,3,0,3,328074,187
DE-NI,16-03-2020,RKI,3,3,0,1584316800000,03159,Göttingen,6,0,6,328074,187
DE-NI,17-03-2020,RKI,4,4,0,1584403200000,03159,Göttingen,10,0,10,328074,187
DE-NI,18-03-2020,RKI,17,17,0,1584489600000,03159,Göttingen,27,0,27,328074,187
DE-NI,19-03-2020,RKI,6,6,0,1584576000000,03159,Göttingen,33,0,33,328074,187
DE-NI,20-03-2020,RKI,7,7,0,1584662400000,03159,Göttingen,40,0,40,328074,187
DE-NI,21-03-2020,RKI,9,9,0,1584748800000,03159,Göttingen,49,0,49,328074,187
DE-NI,22-03-2020,RKI,3,3,0,1584835200000,03159,Göttingen,52,0,52,328074,187
DE-NI,23-03-2020,RKI,10,10,0,1584921600000,03159,Göttingen,62,0,62,328074,187
DE-NI,24-03-2020,RKI,6,6,0,1585008000000,03159,Göttingen,68,0,68,328074,187
DE-NI,25-03-2020,RKI,8,8,0,1585094400000,03159,Göttingen,76,0,76,328074,187
DE-NI,26-03-2020,RKI,14,14,0,1585180800000,03159,Göttingen,90,0,90,328074,187
DE-NI,27-03-2020,RKI,17,17,0,1585267200000,03159,Göttingen,107,0,107,328074,187
DE-NI,28-03-2020,RKI,8,7,1,1585353600000,03159,Göttingen,115,1,114,328074,187
DE-NI,29-03-2020,RKI,26,21,5,1585440000000,03159,Göttingen,141,6,135,328074,187
DE-NI,30-03-2020,RKI,11,10,1,1585526400000,03159,Göttingen,152,7,145,328074,187
DE-NI,31-03-2020,RKI,10,9,1,1585612800000,03159,Göttingen,162,8,154,328074,187
DE-NI,01-04-2020,RKI,22,19,3,1585699200000,03159,Göttingen,184,11,173,328074,187
DE-NI,02-04-2020,RKI,19,17,2,1585785600000,03159,Göttingen,203,13,190,328074,187
DE-NI,03-04-2020,RKI,22,19,3,1585872000000,03159,Göttingen,225,16,209,328074,187
DE-NI,04-04-2020,RKI,12,7,5,1585958400000,03159,Göttingen,237,21,216,328074,187
DE-NI,05-04-2020,RKI,23,20,3,1586044800000,03159,Göttingen,260,24,236,328074,187
DE-NI,06-04-2020,RKI,8,8,0,1586131200000,03159,Göttingen,268,24,244,328074,187
DE-NI,07-04-2020,RKI,19,18,1,1586217600000,03159,Göttingen,287,25,262,328074,187
DE-NI,08-04-2020,RKI,26,22,4,1586304000000,03159,Göttingen,313,29,284,328074,187
DE-NI,09-04-2020,RKI,9,9,0,1586390400000,03159,Göttingen,322,29,293,328074,187
DE-NI,10-04-2020,RKI,33,30,3,1586476800000,03159,Göttingen,355,32,323,328074,187
DE-NI,11-04-2020,RKI,10,9,1,1586563200000,03159,Göttingen,365,33,332,328074,187
DE-NI,12-04-2020,RKI,53,48,5,1586649600000,03159,Göttingen,418,38,380,328074,187
DE-NI,13-04-2020,RKI,17,15,2,1586736000000,03159,Göttingen,435,40,395,328074,187
DE-NI,14-04-2020,RKI,3,3,0,1586822400000,03159,Göttingen,438,40,398,328074,187
DE-NI,15-04-2020,RKI,48,41,7,1586908800000,03159,Göttingen,486,47,439,328074,187
DE-NI,16-04-2020,RKI,22,20,2,1586995200000,03159,Göttingen,508,49,459,328074,187
DE-NI,17-04-2020,RKI,4,4,0,1587081600000,03159,Göttingen,512,49,463,328074,187
DE-NI,18-04-2020,RKI,44,42,2,1587168000000,03159,Göttingen,556,51,505,328074,187
DE-NI,19-04-2020,RKI,3,2,1,1587254400000,03159,Göttingen,559,52,507,328074,187
DE-NI,20-04-2020,RKI,23,19,4,1587340800000,03159,Göttingen,582,56,526,328074,187
DE-NI,21-04-2020,RKI,25,23,2,1587427200000,03159,Göttingen,607,58,549,328074,187
DE-NI,22-04-2020,RKI,24,24,0,1587513600000,03159,Göttingen,631,58,573,328074,187
DE-NI,23-04-2020,RKI,21,16,5,1587600000000,03159,Göttingen,652,63,589,328074,187
DE-NI,24-04-2020,RKI,7,7,0,1587686400000,03159,Göttingen,659,63,596,328074,187
DE-NI,25-04-2020,RKI,9,7,2,1587772800000,03159,Göttingen,668,65,603,328074,187
DE-NI,26-04-2020,RKI,1,1,0,1587859200000,03159,Göttingen,669,65,604,328074,187
DE-NI,27-04-2020,RKI,10,8,2,1587945600000,03159,Göttingen,679,67,612,328074,187
DE-NI,28-04-2020,RKI,9,8,1,1588032000000,03159,Göttingen,688,68,620,328074,187
DE-NI,29-04-2020,RKI,13,12,1,1588118400000,03159,Göttingen,701,69,632,328074,187
DE-NI,30-04-2020,RKI,4,4,0,1588204800000,03159,Göttingen,705,69,636,328074,187
DE-NI,01-05-2020,RKI,4,4,0,1588291200000,03159,Göttingen,709,69,640,328074,187
DE-NI,05-05-2020,RKI,1,1,0,1588636800000,03159,Göttingen,710,69,641,328074,187
DE-NI,06-05-2020,RKI,1,0,1,1588723200000,03159,Göttingen,711,70,641,328074,187
DE-NI,08-05-2020,RKI,6,6,0,1588896000000,03159,Göttingen,717,70,647,328074,187
DE-NI,09-05-2020,RKI,3,3,0,1588982400000,03159,Göttingen,720,70,650,328074,187
DE-NI,11-05-2020,RKI,1,1,0,1589155200000,03159,Göttingen,721,70,651,328074,187
DE-NI,12-05-2020,RKI,1,0,1,1589241600000,03159,Göttingen,722,71,651,328074,187
DE-NI,13-05-2020,RKI,5,4,0,1589328000000,03159,Göttingen,727,71,655,328074,187
DE-NI,14-05-2020,RKI,0,0,0,1589414400000,03159,Göttingen,727,71,655,328074,187
DE-NI,15-05-2020,RKI,2,1,1,1589500800000,03159,Göttingen,729,72,656,328074,187
DE-NI,17-05-2020,RKI,0,0,0,1589673600000,03159,Göttingen,729,72,656,328074,187
DE-NI,18-05-2020,RKI,0,0,0,1589760000000,03159,Göttingen,729,72,656,328074,187
DE-NI,20-05-2020,RKI,3,3,0,1589932800000,03159,Göttingen,732,72,659,328074,187
DE-NI,21-05-2020,RKI,0,0,0,1590019200000,03159,Göttingen,732,72,659,328074,187
DE-NI,22-05-2020,RKI,5,5,0,1590105600000,03159,Göttingen,737,72,664,328074,187
DE-NI,23-05-2020,RKI,0,0,0,1590192000000,03159,Göttingen,737,72,664,328074,187
DE-NI,26-05-2020,RKI,0,0,0,1590451200000,03159,Göttingen,737,72,664,328074,187
DE-NI,27-05-2020,RKI,0,0,0,1590537600000,03159,Göttingen,737,72,664,328074,187
DE-NI,28-05-2020,RKI,9,0,0,1590624000000,03159,Göttingen,746,72,664,328074,187
DE-NI,30-05-2020,RKI,24,0,0,1590796800000,03159,Göttingen,770,72,664,328074,187
DE-NI,31-05-2020,RKI,2,0,0,1590883200000,03159,Göttingen,772,72,664,328074,187
DE-NI,01-06-2020,RKI,25,0,0,1590969600000,03159,Göttingen,797,72,664,328074,187
DE-NI,02-06-2020,RKI,12,0,0,1591056000000,03159,Göttingen,809,72,664,328074,187
DE-NI,03-06-2020,RKI,15,0,0,1591142400000,03159,Göttingen,824,72,664,328074,187
DE-NI,04-06-2020,RKI,17,0,0,1591228800000,03159,Göttingen,841,72,664,328074,187
DE-NI,05-06-2020,RKI,12,0,0,1591315200000,03159,Göttingen,853,72,664,328074,187
DE-NI,03-03-2020,RKI,0,0,0,1583193600000,03241,Region Hannover,0,0,0,1157624,505
DE-NI,04-03-2020,RKI,0,0,0,1583280000000,03241,Region Hannover,0,0,0,1157624,505
DE-NI,06-03-2020,RKI,1,1,0,1583452800000,03241,Region Hannover,1,0,1,1157624,505
DE-NI,07-03-2020,RKI,0,0,0,1583539200000,03241,Region Hannover,1,0,1,1157624,505
DE-NI,08-03-2020,RKI,1,1,0,1583625600000,03241,Region Hannover,2,0,2,1157624,505
DE-NI,09-03-2020,RKI,0,0,0,1583712000000,03241,Region Hannover,2,0,2,1157624,505
DE-NI,10-03-2020,RKI,5,5,0,1583798400000,03241,Region Hannover,7,0,7,1157624,505
DE-NI,11-03-2020,RKI,10,10,0,1583884800000,03241,Region Hannover,17,0,17,1157624,505
DE-NI,12-03-2020,RKI,23,23,0,1583971200000,03241,Region Hannover,40,0,40,1157624,505
DE-NI,13-03-2020,RKI,9,9,0,1584057600000,03241,Region Hannover,49,0,49,1157624,505
DE-NI,14-03-2020,RKI,16,16,0,1584144000000,03241,Region Hannover,65,0,65,1157624,505
DE-NI,15-03-2020,RKI,18,18,0,1584230400000,03241,Region Hannover,83,0,83,1157624,505
DE-NI,16-03-2020,RKI,23,23,0,1584316800000,03241,Region Hannover,106,0,106,1157624,505
DE-NI,17-03-2020,RKI,32,32,0,1584403200000,03241,Region Hannover,138,0,138,1157624,505
DE-NI,18-03-2020,RKI,71,71,0,1584489600000,03241,Region Hannover,209,0,209,1157624,505
DE-NI,19-03-2020,RKI,58,58,0,1584576000000,03241,Region Hannover,267,0,267,1157624,505
DE-NI,20-03-2020,RKI,60,56,4,1584662400000,03241,Region Hannover,327,4,323,1157624,505
DE-NI,21-03-2020,RKI,29,27,2,1584748800000,03241,Region Hannover,356,6,350,1157624,505
DE-NI,22-03-2020,RKI,4,4,0,1584835200000,03241,Region Hannover,360,6,354,1157624,505
DE-NI,23-03-2020,RKI,39,37,2,1584921600000,03241,Region Hannover,399,8,391,1157624,505
DE-NI,24-03-2020,RKI,69,68,1,1585008000000,03241,Region Hannover,468,9,459,1157624,505
DE-NI,25-03-2020,RKI,100,98,2,1585094400000,03241,Region Hannover,568,11,557,1157624,505
DE-NI,26-03-2020,RKI,83,82,1,1585180800000,03241,Region Hannover,651,12,639,1157624,505
DE-NI,27-03-2020,RKI,51,50,1,1585267200000,03241,Region Hannover,702,13,689,1157624,505
DE-NI,28-03-2020,RKI,46,45,1,1585353600000,03241,Region Hannover,748,14,734,1157624,505
DE-NI,29-03-2020,RKI,48,46,2,1585440000000,03241,Region Hannover,796,16,780,1157624,505
DE-NI,30-03-2020,RKI,60,59,1,1585526400000,03241,Region Hannover,856,17,839,1157624,505
DE-NI,31-03-2020,RKI,44,39,5,1585612800000,03241,Region Hannover,900,22,878,1157624,505
DE-NI,01-04-2020,RKI,79,75,4,1585699200000,03241,Region Hannover,979,26,953,1157624,505
DE-NI,02-04-2020,RKI,50,46,4,1585785600000,03241,Region Hannover,1029,30,999,1157624,505
DE-NI,03-04-2020,RKI,56,51,5,1585872000000,03241,Region Hannover,1085,35,1050,1157624,505
DE-NI,04-04-2020,RKI,29,26,3,1585958400000,03241,Region Hannover,1114,38,1076,1157624,505
DE-NI,05-04-2020,RKI,22,22,0,1586044800000,03241,Region Hannover,1136,38,1098,1157624,505
DE-NI,06-04-2020,RKI,38,32,6,1586131200000,03241,Region Hannover,1174,44,1130,1157624,505
DE-NI,07-04-2020,RKI,76,75,1,1586217600000,03241,Region Hannover,1250,45,1205,1157624,505
DE-NI,08-04-2020,RKI,78,73,5,1586304000000,03241,Region Hannover,1328,50,1278,1157624,505
DE-NI,09-04-2020,RKI,73,67,6,1586390400000,03241,Region Hannover,1401,56,1345,1157624,505
DE-NI,10-04-2020,RKI,23,23,0,1586476800000,03241,Region Hannover,1424,56,1368,1157624,505
DE-NI,11-04-2020,RKI,19,18,1,1586563200000,03241,Region Hannover,1443,57,1386,1157624,505
DE-NI,12-04-2020,RKI,22,19,3,1586649600000,03241,Region Hannover,1465,60,1405,1157624,505
DE-NI,13-04-2020,RKI,8,6,2,1586736000000,03241,Region Hannover,1473,62,1411,1157624,505
DE-NI,14-04-2020,RKI,41,35,6,1586822400000,03241,Region Hannover,1514,68,1446,1157624,505
DE-NI,15-04-2020,RKI,23,21,2,1586908800000,03241,Region Hannover,1537,70,1467,1157624,505
DE-NI,16-04-2020,RKI,48,45,3,1586995200000,03241,Region Hannover,1585,73,1512,1157624,505
DE-NI,17-04-2020,RKI,51,46,5,1587081600000,03241,Region Hannover,1636,78,1558,1157624,505
DE-NI,18-04-2020,RKI,30,27,3,1587168000000,03241,Region Hannover,1666,81,1585,1157624,505
DE-NI,19-04-2020,RKI,12,10,2,1587254400000,03241,Region Hannover,1678,83,1595,1157624,505
DE-NI,20-04-2020,RKI,12,11,1,1587340800000,03241,Region Hannover,1690,84,1606,1157624,505
DE-NI,21-04-2020,RKI,36,32,4,1587427200000,03241,Region Hannover,1726,88,1638,1157624,505
DE-NI,22-04-2020,RKI,28,26,2,1587513600000,03241,Region Hannover,1754,90,1664,1157624,505
DE-NI,23-04-2020,RKI,29,27,2,1587600000000,03241,Region Hannover,1783,92,1691,1157624,505
DE-NI,24-04-2020,RKI,26,25,1,1587686400000,03241,Region Hannover,1809,93,1716,1157624,505
DE-NI,25-04-2020,RKI,25,24,1,1587772800000,03241,Region Hannover,1834,94,1740,1157624,505
DE-NI,26-04-2020,RKI,25,24,0,1587859200000,03241,Region Hannover,1859,94,1764,1157624,505
DE-NI,27-04-2020,RKI,1,0,1,1587945600000,03241,Region Hannover,1860,95,1764,1157624,505
DE-NI,28-04-2020,RKI,26,24,2,1588032000000,03241,Region Hannover,1886,97,1788,1157624,505
DE-NI,29-04-2020,RKI,17,16,1,1588118400000,03241,Region Hannover,1903,98,1804,1157624,505
DE-NI,30-04-2020,RKI,33,33,0,1588204800000,03241,Region Hannover,1936,98,1837,1157624,505
DE-NI,01-05-2020,RKI,11,11,0,1588291200000,03241,Region Hannover,1947,98,1848,1157624,505
DE-NI,02-05-2020,RKI,11,11,0,1588377600000,03241,Region Hannover,1958,98,1859,1157624,505
DE-NI,03-05-2020,RKI,10,10,0,1588464000000,03241,Region Hannover,1968,98,1869,1157624,505
DE-NI,04-05-2020,RKI,8,8,0,1588550400000,03241,Region Hannover,1976,98,1877,1157624,505
DE-NI,05-05-2020,RKI,18,16,2,1588636800000,03241,Region Hannover,1994,100,1893,1157624,505
DE-NI,06-05-2020,RKI,18,18,0,1588723200000,03241,Region Hannover,2012,100,1911,1157624,505
DE-NI,07-05-2020,RKI,33,32,1,1588809600000,03241,Region Hannover,2045,101,1943,1157624,505
DE-NI,08-05-2020,RKI,9,9,0,1588896000000,03241,Region Hannover,2054,101,1952,1157624,505
DE-NI,09-05-2020,RKI,8,6,1,1588982400000,03241,Region Hannover,2062,102,1958,1157624,505
DE-NI,10-05-2020,RKI,6,3,1,1589068800000,03241,Region Hannover,2068,103,1961,1157624,505
DE-NI,11-05-2020,RKI,4,3,0,1589155200000,03241,Region Hannover,2072,103,1964,1157624,505
DE-NI,12-05-2020,RKI,23,11,1,1589241600000,03241,Region Hannover,2095,104,1975,1157624,505
DE-NI,13-05-2020,RKI,18,6,1,1589328000000,03241,Region Hannover,2113,105,1981,1157624,505
DE-NI,14-05-2020,RKI,6,3,0,1589414400000,03241,Region Hannover,2119,105,1984,1157624,505
DE-NI,15-05-2020,RKI,4,1,0,1589500800000,03241,Region Hannover,2123,105,1985,1157624,505
DE-NI,16-05-2020,RKI,4,0,0,1589587200000,03241,Region Hannover,2127,105,1985,1157624,505
DE-NI,17-05-2020,RKI,4,1,1,1589673600000,03241,Region Hannover,2131,106,1986,1157624,505
DE-NI,18-05-2020,RKI,2,0,0,1589760000000,03241,Region Hannover,2133,106,1986,1157624,505
DE-NI,19-05-2020,RKI,11,1,2,1589846400000,03241,Region Hannover,2144,108,1987,1157624,505
DE-NI,20-05-2020,RKI,24,4,0,1589932800000,03241,Region Hannover,2168,108,1991,1157624,505
DE-NI,21-05-2020,RKI,15,2,0,1590019200000,03241,Region Hannover,2183,108,1993,1157624,505
DE-NI,22-05-2020,RKI,5,0,1,1590105600000,03241,Region Hannover,2188,109,1993,1157624,505
DE-NI,23-05-2020,RKI,10,0,1,1590192000000,03241,Region Hannover,2198,110,1993,1157624,505
DE-NI,24-05-2020,RKI,1,1,0,1590278400000,03241,Region Hannover,2199,110,1994,1157624,505
DE-NI,25-05-2020,RKI,8,0,0,1590364800000,03241,Region Hannover,2207,110,1994,1157624,505
DE-NI,26-05-2020,RKI,19,3,0,1590451200000,03241,Region Hannover,2226,110,1997,1157624,505
DE-NI,27-05-2020,RKI,61,1,0,1590537600000,03241,Region Hannover,2287,110,1998,1157624,505
DE-NI,28-05-2020,RKI,33,1,0,1590624000000,03241,Region Hannover,2320,110,1999,1157624,505
DE-NI,29-05-2020,RKI,18,0,0,1590710400000,03241,Region Hannover,2338,110,1999,1157624,505
DE-NI,30-05-2020,RKI,17,1,0,1590796800000,03241,Region Hannover,2355,110,2000,1157624,505
DE-NI,31-05-2020,RKI,14,0,0,1590883200000,03241,Region Hannover,2369,110,2000,1157624,505
DE-NI,01-06-2020,RKI,0,0,0,1590969600000,03241,Region Hannover,2369,110,2000,1157624,505
DE-NI,02-06-2020,RKI,17,0,0,1591056000000,03241,Region Hannover,2386,110,2000,1157624,505
DE-NI,03-06-2020,RKI,37,0,0,1591142400000,03241,Region Hannover,2423,110,2000,1157624,505
DE-NI,04-06-2020,RKI,18,0,0,1591228800000,03241,Region Hannover,2441,110,2000,1157624,505
DE-NI,11-03-2020,RKI,9,9,0,1583884800000,03251,Diepholz,9,0,9,216886,109
DE-NI,12-03-2020,RKI,4,4,0,1583971200000,03251,Diepholz,13,0,13,216886,109
DE-NI,13-03-2020,RKI,2,2,0,1584057600000,03251,Diepholz,15,0,15,216886,109
DE-NI,15-03-2020,RKI,3,3,0,1584230400000,03251,Diepholz,18,0,18,216886,109
DE-NI,16-03-2020,RKI,1,1,0,1584316800000,03251,Diepholz,19,0,19,216886,109
DE-NI,18-03-2020,RKI,6,6,0,1584489600000,03251,Diepholz,25,0,25,216886,109
DE-NI,19-03-2020,RKI,7,7,0,1584576000000,03251,Diepholz,32,0,32,216886,109
DE-NI,20-03-2020,RKI,21,21,0,1584662400000,03251,Diepholz,53,0,53,216886,109
DE-NI,22-03-2020,RKI,5,5,0,1584835200000,03251,Diepholz,58,0,58,216886,109
DE-NI,23-03-2020,RKI,18,18,0,1584921600000,03251,Diepholz,76,0,76,216886,109
DE-NI,24-03-2020,RKI,11,11,0,1585008000000,03251,Diepholz,87,0,87,216886,109
DE-NI,25-03-2020,RKI,1,0,1,1585094400000,03251,Diepholz,88,1,87,216886,109
DE-NI,26-03-2020,RKI,9,8,1,1585180800000,03251,Diepholz,97,2,95,216886,109
DE-NI,27-03-2020,RKI,7,6,1,1585267200000,03251,Diepholz,104,3,101,216886,109
DE-NI,28-03-2020,RKI,8,5,3,1585353600000,03251,Diepholz,112,6,106,216886,109
DE-NI,29-03-2020,RKI,2,2,0,1585440000000,03251,Diepholz,114,6,108,216886,109
DE-NI,30-03-2020,RKI,9,7,2,1585526400000,03251,Diepholz,123,8,115,216886,109
DE-NI,31-03-2020,RKI,7,7,0,1585612800000,03251,Diepholz,130,8,122,216886,109
DE-NI,01-04-2020,RKI,14,8,6,1585699200000,03251,Diepholz,144,14,130,216886,109
DE-NI,02-04-2020,RKI,16,16,0,1585785600000,03251,Diepholz,160,14,146,216886,109
DE-NI,03-04-2020,RKI,17,17,0,1585872000000,03251,Diepholz,177,14,163,216886,109
DE-NI,04-04-2020,RKI,2,2,0,1585958400000,03251,Diepholz,179,14,165,216886,109
DE-NI,05-04-2020,RKI,0,0,0,1586044800000,03251,Diepholz,179,14,165,216886,109
DE-NI,06-04-2020,RKI,5,4,1,1586131200000,03251,Diepholz,184,15,169,216886,109
DE-NI,07-04-2020,RKI,6,4,2,1586217600000,03251,Diepholz,190,17,173,216886,109
DE-NI,08-04-2020,RKI,14,13,1,1586304000000,03251,Diepholz,204,18,186,216886,109
DE-NI,09-04-2020,RKI,13,13,0,1586390400000,03251,Diepholz,217,18,199,216886,109
DE-NI,10-04-2020,RKI,0,0,0,1586476800000,03251,Diepholz,217,18,199,216886,109
DE-NI,11-04-2020,RKI,1,0,1,1586563200000,03251,Diepholz,218,19,199,216886,109
DE-NI,12-04-2020,RKI,3,3,0,1586649600000,03251,Diepholz,221,19,202,216886,109
DE-NI,13-04-2020,RKI,1,1,0,1586736000000,03251,Diepholz,222,19,203,216886,109
DE-NI,14-04-2020,RKI,6,5,1,1586822400000,03251,Diepholz,228,20,208,216886,109
DE-NI,15-04-2020,RKI,5,5,0,1586908800000,03251,Diepholz,233,20,213,216886,109
DE-NI,16-04-2020,RKI,4,3,1,1586995200000,03251,Diepholz,237,21,216,216886,109
DE-NI,17-04-2020,RKI,6,5,1,1587081600000,03251,Diepholz,243,22,221,216886,109
DE-NI,18-04-2020,RKI,5,5,0,1587168000000,03251,Diepholz,248,22,226,216886,109
DE-NI,19-04-2020,RKI,4,4,0,1587254400000,03251,Diepholz,252,22,230,216886,109
DE-NI,20-04-2020,RKI,3,3,0,1587340800000,03251,Diepholz,255,22,233,216886,109
DE-NI,21-04-2020,RKI,2,2,0,1587427200000,03251,Diepholz,257,22,235,216886,109
DE-NI,22-04-2020,RKI,0,0,0,1587513600000,03251,Diepholz,257,22,235,216886,109
DE-NI,23-04-2020,RKI,4,4,0,1587600000000,03251,Diepholz,261,22,239,216886,109
DE-NI,24-04-2020,RKI,6,6,0,1587686400000,03251,Diepholz,267,22,245,216886,109
DE-NI,25-04-2020,RKI,0,0,0,1587772800000,03251,Diepholz,267,22,245,216886,109
DE-NI,26-04-2020,RKI,0,0,0,1587859200000,03251,Diepholz,267,22,245,216886,109
DE-NI,27-04-2020,RKI,3,3,0,1587945600000,03251,Diepholz,270,22,248,216886,109
DE-NI,28-04-2020,RKI,0,0,0,1588032000000,03251,Diepholz,270,22,248,216886,109
DE-NI,30-04-2020,RKI,5,5,0,1588204800000,03251,Diepholz,275,22,253,216886,109
DE-NI,01-05-2020,RKI,0,0,0,1588291200000,03251,Diepholz,275,22,253,216886,109
DE-NI,02-05-2020,RKI,1,1,0,1588377600000,03251,Diepholz,276,22,254,216886,109
DE-NI,04-05-2020,RKI,3,1,2,1588550400000,03251,Diepholz,279,24,255,216886,109
DE-NI,05-05-2020,RKI,3,2,1,1588636800000,03251,Diepholz,282,25,257,216886,109
DE-NI,06-05-2020,RKI,6,6,0,1588723200000,03251,Diepholz,288,25,263,216886,109
DE-NI,07-05-2020,RKI,0,0,0,1588809600000,03251,Diepholz,288,25,263,216886,109
DE-NI,08-05-2020,RKI,1,1,0,1588896000000,03251,Diepholz,289,25,264,216886,109
DE-NI,11-05-2020,RKI,1,1,0,1589155200000,03251,Diepholz,290,25,265,216886,109
DE-NI,13-05-2020,RKI,1,1,0,1589328000000,03251,Diepholz,291,25,266,216886,109
DE-NI,18-05-2020,RKI,1,0,0,1589760000000,03251,Diepholz,292,25,266,216886,109
DE-NI,19-05-2020,RKI,0,0,0,1589846400000,03251,Diepholz,292,25,266,216886,109
DE-NI,20-05-2020,RKI,0,0,0,1589932800000,03251,Diepholz,292,25,266,216886,109
DE-NI,22-05-2020,RKI,0,0,0,1590105600000,03251,Diepholz,292,25,266,216886,109
DE-NI,25-05-2020,RKI,1,0,1,1590364800000,03251,Diepholz,293,26,266,216886,109
DE-NI,28-05-2020,RKI,0,0,0,1590624000000,03251,Diepholz,293,26,266,216886,109
DE-NI,29-05-2020,RKI,0,0,0,1590710400000,03251,Diepholz,293,26,266,216886,109
DE-NI,02-06-2020,RKI,2,0,0,1591056000000,03251,Diepholz,295,26,266,216886,109
DE-NI,03-06-2020,RKI,2,0,0,1591142400000,03251,Diepholz,297,26,266,216886,109
DE-NI,12-03-2020,RKI,0,0,0,1583971200000,03252,Hameln-Pyrmont,0,0,0,148559,187
DE-NI,14-03-2020,RKI,0,0,0,1584144000000,03252,Hameln-Pyrmont,0,0,0,148559,187
DE-NI,15-03-2020,RKI,0,0,0,1584230400000,03252,Hameln-Pyrmont,0,0,0,148559,187
DE-NI,16-03-2020,RKI,3,3,0,1584316800000,03252,Hameln-Pyrmont,3,0,3,148559,187
DE-NI,18-03-2020,RKI,3,3,0,1584489600000,03252,Hameln-Pyrmont,6,0,6,148559,187
DE-NI,19-03-2020,RKI,4,4,0,1584576000000,03252,Hameln-Pyrmont,10,0,10,148559,187
DE-NI,20-03-2020,RKI,4,4,0,1584662400000,03252,Hameln-Pyrmont,14,0,14,148559,187
DE-NI,21-03-2020,RKI,2,2,0,1584748800000,03252,Hameln-Pyrmont,16,0,16,148559,187
DE-NI,23-03-2020,RKI,0,0,0,1584921600000,03252,Hameln-Pyrmont,16,0,16,148559,187
DE-NI,24-03-2020,RKI,0,0,0,1585008000000,03252,Hameln-Pyrmont,16,0,16,148559,187
DE-NI,25-03-2020,RKI,3,2,1,1585094400000,03252,Hameln-Pyrmont,19,1,18,148559,187
DE-NI,26-03-2020,RKI,3,2,1,1585180800000,03252,Hameln-Pyrmont,22,2,20,148559,187
DE-NI,27-03-2020,RKI,3,2,1,1585267200000,03252,Hameln-Pyrmont,25,3,22,148559,187
DE-NI,28-03-2020,RKI,7,4,3,1585353600000,03252,Hameln-Pyrmont,32,6,26,148559,187
DE-NI,30-03-2020,RKI,6,6,0,1585526400000,03252,Hameln-Pyrmont,38,6,32,148559,187
DE-NI,31-03-2020,RKI,15,15,0,1585612800000,03252,Hameln-Pyrmont,53,6,47,148559,187
DE-NI,01-04-2020,RKI,5,5,0,1585699200000,03252,Hameln-Pyrmont,58,6,52,148559,187
DE-NI,02-04-2020,RKI,0,0,0,1585785600000,03252,Hameln-Pyrmont,58,6,52,148559,187
DE-NI,03-04-2020,RKI,2,2,0,1585872000000,03252,Hameln-Pyrmont,60,6,54,148559,187
DE-NI,04-04-2020,RKI,5,5,0,1585958400000,03252,Hameln-Pyrmont,65,6,59,148559,187
DE-NI,07-04-2020,RKI,1,1,0,1586217600000,03252,Hameln-Pyrmont,66,6,60,148559,187
DE-NI,08-04-2020,RKI,0,0,0,1586304000000,03252,Hameln-Pyrmont,66,6,60,148559,187
DE-NI,09-04-2020,RKI,1,1,0,1586390400000,03252,Hameln-Pyrmont,67,6,61,148559,187
DE-NI,10-04-2020,RKI,0,0,0,1586476800000,03252,Hameln-Pyrmont,67,6,61,148559,187
DE-NI,13-04-2020,RKI,1,1,0,1586736000000,03252,Hameln-Pyrmont,68,6,62,148559,187
DE-NI,14-04-2020,RKI,0,0,0,1586822400000,03252,Hameln-Pyrmont,68,6,62,148559,187
DE-NI,15-04-2020,RKI,1,1,0,1586908800000,03252,Hameln-Pyrmont,69,6,63,148559,187
DE-NI,16-04-2020,RKI,2,2,0,1586995200000,03252,Hameln-Pyrmont,71,6,65,148559,187
DE-NI,17-04-2020,RKI,1,1,0,1587081600000,03252,Hameln-Pyrmont,72,6,66,148559,187
DE-NI,18-04-2020,RKI,0,0,0,1587168000000,03252,Hameln-Pyrmont,72,6,66,148559,187
DE-NI,19-04-2020,RKI,2,2,0,1587254400000,03252,Hameln-Pyrmont,74,6,68,148559,187
DE-NI,21-04-2020,RKI,4,4,0,1587427200000,03252,Hameln-Pyrmont,78,6,72,148559,187
DE-NI,22-04-2020,RKI,0,0,0,1587513600000,03252,Hameln-Pyrmont,78,6,72,148559,187
DE-NI,24-04-2020,RKI,0,0,0,1587686400000,03252,Hameln-Pyrmont,78,6,72,148559,187
DE-NI,26-04-2020,RKI,0,0,0,1587859200000,03252,Hameln-Pyrmont,78,6,72,148559,187
DE-NI,28-04-2020,RKI,1,1,0,1588032000000,03252,Hameln-Pyrmont,79,6,73,148559,187
DE-NI,29-04-2020,RKI,0,0,0,1588118400000,03252,Hameln-Pyrmont,79,6,73,148559,187
DE-NI,04-05-2020,RKI,0,0,0,1588550400000,03252,Hameln-Pyrmont,79,6,73,148559,187
DE-NI,14-05-2020,RKI,0,0,0,1589414400000,03252,Hameln-Pyrmont,79,6,73,148559,187
DE-NI,15-05-2020,RKI,0,0,0,1589500800000,03252,Hameln-Pyrmont,79,6,73,148559,187
DE-NI,19-05-2020,RKI,0,0,0,1589846400000,03252,Hameln-Pyrmont,79,6,73,148559,187
DE-NI,02-06-2020,RKI,0,0,0,1591056000000,03252,Hameln-Pyrmont,79,6,73,148559,187
DE-NI,04-06-2020,RKI,0,0,0,1591228800000,03252,Hameln-Pyrmont,79,6,73,148559,187
DE-NI,09-03-2020,RKI,0,0,0,1583712000000,03254,Hildesheim,0,0,0,276594,229
DE-NI,12-03-2020,RKI,3,3,0,1583971200000,03254,Hildesheim,3,0,3,276594,229
DE-NI,13-03-2020,RKI,7,7,0,1584057600000,03254,Hildesheim,10,0,10,276594,229
DE-NI,14-03-2020,RKI,6,6,0,1584144000000,03254,Hildesheim,16,0,16,276594,229
DE-NI,15-03-2020,RKI,7,7,0,1584230400000,03254,Hildesheim,23,0,23,276594,229
DE-NI,16-03-2020,RKI,0,0,0,1584316800000,03254,Hildesheim,23,0,23,276594,229
DE-NI,17-03-2020,RKI,16,16,0,1584403200000,03254,Hildesheim,39,0,39,276594,229
DE-NI,18-03-2020,RKI,17,17,0,1584489600000,03254,Hildesheim,56,0,56,276594,229
DE-NI,19-03-2020,RKI,14,14,0,1584576000000,03254,Hildesheim,70,0,70,276594,229
DE-NI,20-03-2020,RKI,3,3,0,1584662400000,03254,Hildesheim,73,0,73,276594,229
DE-NI,21-03-2020,RKI,13,13,0,1584748800000,03254,Hildesheim,86,0,86,276594,229
DE-NI,23-03-2020,RKI,9,9,0,1584921600000,03254,Hildesheim,95,0,95,276594,229
DE-NI,24-03-2020,RKI,9,9,0,1585008000000,03254,Hildesheim,104,0,104,276594,229
DE-NI,25-03-2020,RKI,3,3,0,1585094400000,03254,Hildesheim,107,0,107,276594,229
DE-NI,26-03-2020,RKI,9,9,0,1585180800000,03254,Hildesheim,116,0,116,276594,229
DE-NI,27-03-2020,RKI,8,8,0,1585267200000,03254,Hildesheim,124,0,124,276594,229
DE-NI,28-03-2020,RKI,5,4,1,1585353600000,03254,Hildesheim,129,1,128,276594,229
DE-NI,29-03-2020,RKI,0,0,0,1585440000000,03254,Hildesheim,129,1,128,276594,229
DE-NI,30-03-2020,RKI,2,2,0,1585526400000,03254,Hildesheim,131,1,130,276594,229
DE-NI,31-03-2020,RKI,9,9,0,1585612800000,03254,Hildesheim,140,1,139,276594,229
DE-NI,01-04-2020,RKI,9,9,0,1585699200000,03254,Hildesheim,149,1,148,276594,229
DE-NI,02-04-2020,RKI,8,8,0,1585785600000,03254,Hildesheim,157,1,156,276594,229
DE-NI,03-04-2020,RKI,7,7,0,1585872000000,03254,Hildesheim,164,1,163,276594,229
DE-NI,04-04-2020,RKI,5,5,0,1585958400000,03254,Hildesheim,169,1,168,276594,229
DE-NI,06-04-2020,RKI,2,2,0,1586131200000,03254,Hildesheim,171,1,170,276594,229
DE-NI,07-04-2020,RKI,8,8,0,1586217600000,03254,Hildesheim,179,1,178,276594,229
DE-NI,08-04-2020,RKI,5,5,0,1586304000000,03254,Hildesheim,184,1,183,276594,229
DE-NI,09-04-2020,RKI,3,3,0,1586390400000,03254,Hildesheim,187,1,186,276594,229
DE-NI,10-04-2020,RKI,4,4,0,1586476800000,03254,Hildesheim,191,1,190,276594,229
DE-NI,11-04-2020,RKI,2,1,1,1586563200000,03254,Hildesheim,193,2,191,276594,229
DE-NI,12-04-2020,RKI,0,0,0,1586649600000,03254,Hildesheim,193,2,191,276594,229
DE-NI,13-04-2020,RKI,1,1,0,1586736000000,03254,Hildesheim,194,2,192,276594,229
DE-NI,15-04-2020,RKI,9,9,0,1586908800000,03254,Hildesheim,203,2,201,276594,229
DE-NI,16-04-2020,RKI,9,8,1,1586995200000,03254,Hildesheim,212,3,209,276594,229
DE-NI,17-04-2020,RKI,8,7,1,1587081600000,03254,Hildesheim,220,4,216,276594,229
DE-NI,18-04-2020,RKI,7,7,0,1587168000000,03254,Hildesheim,227,4,223,276594,229
DE-NI,19-04-2020,RKI,2,2,0,1587254400000,03254,Hildesheim,229,4,225,276594,229
DE-NI,20-04-2020,RKI,0,0,0,1587340800000,03254,Hildesheim,229,4,225,276594,229
DE-NI,21-04-2020,RKI,12,12,0,1587427200000,03254,Hildesheim,241,4,237,276594,229
DE-NI,22-04-2020,RKI,1,1,0,1587513600000,03254,Hildesheim,242,4,238,276594,229
DE-NI,23-04-2020,RKI,3,3,0,1587600000000,03254,Hildesheim,245,4,241,276594,229
DE-NI,24-04-2020,RKI,1,1,0,1587686400000,03254,Hildesheim,246,4,242,276594,229
DE-NI,27-04-2020,RKI,2,2,0,1587945600000,03254,Hildesheim,248,4,244,276594,229
DE-NI,28-04-2020,RKI,3,3,0,1588032000000,03254,Hildesheim,251,4,247,276594,229
DE-NI,29-04-2020,RKI,0,0,0,1588118400000,03254,Hildesheim,251,4,247,276594,229
DE-NI,30-04-2020,RKI,5,5,0,1588204800000,03254,Hildesheim,256,4,252,276594,229
DE-NI,01-05-2020,RKI,3,3,0,1588291200000,03254,Hildesheim,259,4,255,276594,229
DE-NI,05-05-2020,RKI,9,9,0,1588636800000,03254,Hildesheim,268,4,264,276594,229
DE-NI,06-05-2020,RKI,5,5,0,1588723200000,03254,Hildesheim,273,4,269,276594,229
DE-NI,07-05-2020,RKI,6,6,0,1588809600000,03254,Hildesheim,279,4,275,276594,229
DE-NI,08-05-2020,RKI,11,11,0,1588896000000,03254,Hildesheim,290,4,286,276594,229
DE-NI,09-05-2020,RKI,1,1,0,1588982400000,03254,Hildesheim,291,4,287,276594,229
DE-NI,11-05-2020,RKI,1,1,0,1589155200000,03254,Hildesheim,292,4,288,276594,229
DE-NI,12-05-2020,RKI,3,3,0,1589241600000,03254,Hildesheim,295,4,291,276594,229
DE-NI,13-05-2020,RKI,0,0,0,1589328000000,03254,Hildesheim,295,4,291,276594,229
DE-NI,15-05-2020,RKI,1,0,0,1589500800000,03254,Hildesheim,296,4,291,276594,229
DE-NI,16-05-2020,RKI,1,1,0,1589587200000,03254,Hildesheim,297,4,292,276594,229
DE-NI,19-05-2020,RKI,9,5,1,1589846400000,03254,Hildesheim,306,5,297,276594,229
DE-NI,20-05-2020,RKI,16,15,1,1589932800000,03254,Hildesheim,322,6,312,276594,229
DE-NI,21-05-2020,RKI,1,1,0,1590019200000,03254,Hildesheim,323,6,313,276594,229
DE-NI,22-05-2020,RKI,2,2,0,1590105600000,03254,Hildesheim,325,6,315,276594,229
DE-NI,23-05-2020,RKI,2,2,0,1590192000000,03254,Hildesheim,327,6,317,276594,229
DE-NI,26-05-2020,RKI,0,0,0,1590451200000,03254,Hildesheim,327,6,317,276594,229
DE-NI,27-05-2020,RKI,0,0,0,1590537600000,03254,Hildesheim,327,6,317,276594,229
DE-NI,30-05-2020,RKI,0,0,0,1590796800000,03254,Hildesheim,327,6,317,276594,229
DE-NI,03-06-2020,RKI,1,0,0,1591142400000,03254,Hildesheim,328,6,317,276594,229
DE-NI,04-06-2020,RKI,0,0,0,1591228800000,03254,Hildesheim,328,6,317,276594,229
DE-NI,14-03-2020,RKI,3,3,0,1584144000000,03255,Holzminden,4,0,4,70975,102
DE-NI,15-03-2020,RKI,4,4,0,1584230400000,03255,Holzminden,8,0,8,70975,102
DE-NI,16-03-2020,RKI,0,0,0,1584316800000,03255,Holzminden,8,0,8,70975,102
DE-NI,17-03-2020,RKI,1,1,0,1584403200000,03255,Holzminden,9,0,9,70975,102
DE-NI,18-03-2020,RKI,0,0,0,1584489600000,03255,Holzminden,9,0,9,70975,102
DE-NI,19-03-2020,RKI,5,5,0,1584576000000,03255,Holzminden,14,0,14,70975,102
DE-NI,20-03-2020,RKI,2,2,0,1584662400000,03255,Holzminden,16,0,16,70975,102
DE-NI,21-03-2020,RKI,3,3,0,1584748800000,03255,Holzminden,19,0,19,70975,102
DE-NI,24-03-2020,RKI,2,2,0,1585008000000,03255,Holzminden,21,0,21,70975,102
DE-NI,26-03-2020,RKI,1,1,0,1585180800000,03255,Holzminden,22,0,22,70975,102
DE-NI,27-03-2020,RKI,2,2,0,1585267200000,03255,Holzminden,24,0,24,70975,102
DE-NI,28-03-2020,RKI,0,0,0,1585353600000,03255,Holzminden,24,0,24,70975,102
DE-NI,30-03-2020,RKI,2,2,0,1585526400000,03255,Holzminden,26,0,26,70975,102
DE-NI,31-03-2020,RKI,2,2,0,1585612800000,03255,Holzminden,28,0,28,70975,102
DE-NI,03-04-2020,RKI,1,1,0,1585872000000,03255,Holzminden,29,0,29,70975,102
DE-NI,04-04-2020,RKI,0,0,0,1585958400000,03255,Holzminden,29,0,29,70975,102
DE-NI,08-04-2020,RKI,3,3,0,1586304000000,03255,Holzminden,32,0,32,70975,102
DE-NI,09-04-2020,RKI,0,0,0,1586390400000,03255,Holzminden,32,0,32,70975,102
DE-NI,15-04-2020,RKI,0,0,0,1586908800000,03255,Holzminden,32,0,32,70975,102
DE-NI,21-04-2020,RKI,0,0,0,1587427200000,03255,Holzminden,32,0,32,70975,102
DE-NI,23-04-2020,RKI,0,0,0,1587600000000,03255,Holzminden,32,0,32,70975,102
DE-NW,06-03-2020,RKI,0,0,0,1583452800000,05111,Düsseldorf,1,0,1,619294,2848
DE-NW,09-03-2020,RKI,1,1,0,1583712000000,05111,Düsseldorf,2,0,2,619294,2848
DE-NW,10-03-2020,RKI,0,0,0,1583798400000,05111,Düsseldorf,2,0,2,619294,2848
DE-NW,11-03-2020,RKI,0,0,0,1583884800000,05111,Düsseldorf,2,0,2,619294,2848
DE-NW,13-03-2020,RKI,16,16,0,1584057600000,05111,Düsseldorf,18,0,18,619294,2848
DE-NW,16-03-2020,RKI,41,41,0,1584316800000,05111,Düsseldorf,59,0,59,619294,2848
DE-NW,17-03-2020,RKI,47,47,0,1584403200000,05111,Düsseldorf,106,0,106,619294,2848
DE-NW,18-03-2020,RKI,35,35,0,1584489600000,05111,Düsseldorf,141,0,141,619294,2848
DE-NW,19-03-2020,RKI,17,17,0,1584576000000,05111,Düsseldorf,158,0,158,619294,2848
DE-NW,20-03-2020,RKI,16,15,1,1584662400000,05111,Düsseldorf,174,1,173,619294,2848
DE-NW,23-03-2020,RKI,45,42,3,1584921600000,05111,Düsseldorf,219,4,215,619294,2848
DE-NW,24-03-2020,RKI,19,18,1,1585008000000,05111,Düsseldorf,238,5,233,619294,2848
DE-NW,25-03-2020,RKI,18,16,2,1585094400000,05111,Düsseldorf,256,7,249,619294,2848
DE-NW,26-03-2020,RKI,21,20,1,1585180800000,05111,Düsseldorf,277,8,269,619294,2848
DE-NW,27-03-2020,RKI,20,19,1,1585267200000,05111,Düsseldorf,297,9,288,619294,2848
DE-NW,28-03-2020,RKI,16,14,2,1585353600000,05111,Düsseldorf,313,11,302,619294,2848
DE-NW,29-03-2020,RKI,3,3,0,1585440000000,05111,Düsseldorf,316,11,305,619294,2848
DE-NW,30-03-2020,RKI,53,49,4,1585526400000,05111,Düsseldorf,369,15,354,619294,2848
DE-NW,31-03-2020,RKI,45,44,1,1585612800000,05111,Düsseldorf,414,16,398,619294,2848
DE-NW,01-04-2020,RKI,28,27,1,1585699200000,05111,Düsseldorf,442,17,425,619294,2848
DE-NW,02-04-2020,RKI,45,44,1,1585785600000,05111,Düsseldorf,487,18,469,619294,2848
DE-NW,03-04-2020,RKI,28,28,0,1585872000000,05111,Düsseldorf,515,18,497,619294,2848
DE-NW,04-04-2020,RKI,7,7,0,1585958400000,05111,Düsseldorf,522,18,504,619294,2848
DE-NW,05-04-2020,RKI,8,7,1,1586044800000,05111,Düsseldorf,530,19,511,619294,2848
DE-NW,06-04-2020,RKI,52,50,2,1586131200000,05111,Düsseldorf,582,21,561,619294,2848
DE-NW,07-04-2020,RKI,19,18,1,1586217600000,05111,Düsseldorf,601,22,579,619294,2848
DE-NW,08-04-2020,RKI,44,43,1,1586304000000,05111,Düsseldorf,645,23,622,619294,2848
DE-NW,09-04-2020,RKI,23,21,2,1586390400000,05111,Düsseldorf,668,25,643,619294,2848
DE-NW,10-04-2020,RKI,4,4,0,1586476800000,05111,Düsseldorf,672,25,647,619294,2848
DE-NW,11-04-2020,RKI,8,8,0,1586563200000,05111,Düsseldorf,680,25,655,619294,2848
DE-NW,12-04-2020,RKI,10,9,1,1586649600000,05111,Düsseldorf,690,26,664,619294,2848
DE-NW,13-04-2020,RKI,12,12,0,1586736000000,05111,Düsseldorf,702,26,676,619294,2848
DE-NW,14-04-2020,RKI,24,24,0,1586822400000,05111,Düsseldorf,726,26,700,619294,2848
DE-NW,15-04-2020,RKI,27,26,1,1586908800000,05111,Düsseldorf,753,27,726,619294,2848
DE-NW,16-04-2020,RKI,15,15,0,1586995200000,05111,Düsseldorf,768,27,741,619294,2848
DE-NW,17-04-2020,RKI,18,18,0,1587081600000,05111,Düsseldorf,786,27,759,619294,2848
DE-NW,18-04-2020,RKI,9,9,0,1587168000000,05111,Düsseldorf,795,27,768,619294,2848
DE-NW,19-04-2020,RKI,19,19,0,1587254400000,05111,Düsseldorf,814,27,787,619294,2848
DE-NW,20-04-2020,RKI,16,15,1,1587340800000,05111,Düsseldorf,830,28,802,619294,2848
DE-NW,21-04-2020,RKI,8,7,1,1587427200000,05111,Düsseldorf,838,29,809,619294,2848
DE-NW,22-04-2020,RKI,8,8,0,1587513600000,05111,Düsseldorf,846,29,817,619294,2848
DE-NW,23-04-2020,RKI,8,8,0,1587600000000,05111,Düsseldorf,854,29,825,619294,2848
DE-NW,24-04-2020,RKI,5,5,0,1587686400000,05111,Düsseldorf,859,29,830,619294,2848
DE-NW,25-04-2020,RKI,3,3,0,1587772800000,05111,Düsseldorf,862,29,833,619294,2848
DE-NW,26-04-2020,RKI,9,9,0,1587859200000,05111,Düsseldorf,871,29,842,619294,2848
DE-NW,27-04-2020,RKI,22,22,0,1587945600000,05111,Düsseldorf,893,29,864,619294,2848
DE-NW,28-04-2020,RKI,15,15,0,1588032000000,05111,Düsseldorf,908,29,879,619294,2848
DE-NW,29-04-2020,RKI,9,9,0,1588118400000,05111,Düsseldorf,917,29,888,619294,2848
DE-NW,30-04-2020,RKI,21,21,0,1588204800000,05111,Düsseldorf,938,29,909,619294,2848
DE-NW,01-05-2020,RKI,8,8,0,1588291200000,05111,Düsseldorf,946,29,917,619294,2848
DE-NW,02-05-2020,RKI,10,10,0,1588377600000,05111,Düsseldorf,956,29,927,619294,2848
DE-NW,03-05-2020,RKI,14,14,0,1588464000000,05111,Düsseldorf,970,29,941,619294,2848
DE-NW,04-05-2020,RKI,1,1,0,1588550400000,05111,Düsseldorf,971,29,942,619294,2848
DE-NW,05-05-2020,RKI,24,24,0,1588636800000,05111,Düsseldorf,995,29,966,619294,2848
DE-NW,06-05-2020,RKI,33,33,0,1588723200000,05111,Düsseldorf,1028,29,999,619294,2848
DE-NW,07-05-2020,RKI,8,8,0,1588809600000,05111,Düsseldorf,1036,29,1007,619294,2848
DE-NW,08-05-2020,RKI,4,4,0,1588896000000,05111,Düsseldorf,1040,29,1011,619294,2848
DE-NW,09-05-2020,RKI,11,11,0,1588982400000,05111,Düsseldorf,1051,29,1022,619294,2848
DE-NW,10-05-2020,RKI,5,5,0,1589068800000,05111,Düsseldorf,1056,29,1027,619294,2848
DE-NW,11-05-2020,RKI,15,13,0,1589155200000,05111,Düsseldorf,1071,29,1040,619294,2848
DE-NW,12-05-2020,RKI,5,3,1,1589241600000,05111,Düsseldorf,1076,30,1043,619294,2848
DE-NW,13-05-2020,RKI,30,29,0,1589328000000,05111,Düsseldorf,1106,30,1072,619294,2848
DE-NW,14-05-2020,RKI,14,10,0,1589414400000,05111,Düsseldorf,1120,30,1082,619294,2848
DE-NW,15-05-2020,RKI,9,9,0,1589500800000,05111,Düsseldorf,1129,30,1091,619294,2848
DE-NW,16-05-2020,RKI,9,9,0,1589587200000,05111,Düsseldorf,1138,30,1100,619294,2848
DE-NW,17-05-2020,RKI,7,0,0,1589673600000,05111,Düsseldorf,1145,30,1100,619294,2848
DE-NW,18-05-2020,RKI,5,5,0,1589760000000,05111,Düsseldorf,1150,30,1105,619294,2848
DE-NW,19-05-2020,RKI,11,10,0,1589846400000,05111,Düsseldorf,1161,30,1115,619294,2848
DE-NW,20-05-2020,RKI,20,19,0,1589932800000,05111,Düsseldorf,1181,30,1134,619294,2848
DE-NW,21-05-2020,RKI,6,0,0,1590019200000,05111,Düsseldorf,1187,30,1134,619294,2848
DE-NW,22-05-2020,RKI,14,12,0,1590105600000,05111,Düsseldorf,1201,30,1146,619294,2848
DE-NW,23-05-2020,RKI,1,1,0,1590192000000,05111,Düsseldorf,1202,30,1147,619294,2848
DE-NW,24-05-2020,RKI,16,0,0,1590278400000,05111,Düsseldorf,1218,30,1147,619294,2848
DE-NW,25-05-2020,RKI,23,0,1,1590364800000,05111,Düsseldorf,1241,31,1147,619294,2848
DE-NW,26-05-2020,RKI,13,3,0,1590451200000,05111,Düsseldorf,1254,31,1150,619294,2848
DE-NW,27-05-2020,RKI,16,4,1,1590537600000,05111,Düsseldorf,1270,32,1154,619294,2848
DE-NW,28-05-2020,RKI,5,0,0,1590624000000,05111,Düsseldorf,1275,32,1154,619294,2848
DE-NW,29-05-2020,RKI,9,0,0,1590710400000,05111,Düsseldorf,1284,32,1154,619294,2848
DE-NW,30-05-2020,RKI,7,0,0,1590796800000,05111,Düsseldorf,1291,32,1154,619294,2848
DE-NW,31-05-2020,RKI,4,0,0,1590883200000,05111,Düsseldorf,1295,32,1154,619294,2848
DE-NW,01-06-2020,RKI,2,0,0,1590969600000,05111,Düsseldorf,1297,32,1154,619294,2848
DE-NW,03-06-2020,RKI,10,0,0,1591142400000,05111,Düsseldorf,1307,32,1154,619294,2848
DE-NW,04-06-2020,RKI,7,0,0,1591228800000,05111,Düsseldorf,1314,32,1154,619294,2848
DE-NW,05-06-2020,RKI,10,0,0,1591315200000,05111,Düsseldorf,1324,32,1154,619294,2848
DE-NW,04-03-2020,RKI,0,0,0,1583280000000,05112,Duisburg,0,0,0,498590,2142
DE-NW,06-03-2020,RKI,0,0,0,1583452800000,05112,Duisburg,0,0,0,498590,2142
DE-NW,10-03-2020,RKI,4,4,0,1583798400000,05112,Duisburg,4,0,4,498590,2142
DE-NW,11-03-2020,RKI,0,0,0,1583884800000,05112,Duisburg,4,0,4,498590,2142
DE-NW,12-03-2020,RKI,0,0,0,1583971200000,05112,Duisburg,4,0,4,498590,2142
DE-NW,13-03-2020,RKI,3,3,0,1584057600000,05112,Duisburg,7,0,7,498590,2142
DE-NW,16-03-2020,RKI,22,22,0,1584316800000,05112,Duisburg,29,0,29,498590,2142
DE-NW,17-03-2020,RKI,11,10,1,1584403200000,05112,Duisburg,40,1,39,498590,2142
DE-NW,18-03-2020,RKI,6,6,0,1584489600000,05112,Duisburg,46,1,45,498590,2142
DE-NW,19-03-2020,RKI,17,17,0,1584576000000,05112,Duisburg,63,1,62,498590,2142
DE-NW,20-03-2020,RKI,16,16,0,1584662400000,05112,Duisburg,79,1,78,498590,2142
DE-NW,21-03-2020,RKI,25,24,1,1584748800000,05112,Duisburg,104,2,102,498590,2142
DE-NW,22-03-2020,RKI,15,15,0,1584835200000,05112,Duisburg,119,2,117,498590,2142
DE-NW,23-03-2020,RKI,14,13,1,1584921600000,05112,Duisburg,133,3,130,498590,2142
DE-NW,24-03-2020,RKI,13,12,1,1585008000000,05112,Duisburg,146,4,142,498590,2142
DE-NW,25-03-2020,RKI,25,24,1,1585094400000,05112,Duisburg,171,5,166,498590,2142
DE-NW,26-03-2020,RKI,33,33,0,1585180800000,05112,Duisburg,204,5,199,498590,2142
DE-NW,27-03-2020,RKI,17,17,0,1585267200000,05112,Duisburg,221,5,216,498590,2142
DE-NW,28-03-2020,RKI,13,12,1,1585353600000,05112,Duisburg,234,6,228,498590,2142
DE-NW,29-03-2020,RKI,7,4,3,1585440000000,05112,Duisburg,241,9,232,498590,2142
DE-NW,30-03-2020,RKI,29,29,0,1585526400000,05112,Duisburg,270,9,261,498590,2142
DE-NW,31-03-2020,RKI,21,20,1,1585612800000,05112,Duisburg,291,10,281,498590,2142
DE-NW,01-04-2020,RKI,14,14,0,1585699200000,05112,Duisburg,305,10,295,498590,2142
DE-NW,02-04-2020,RKI,14,14,0,1585785600000,05112,Duisburg,319,10,309,498590,2142
DE-NW,03-04-2020,RKI,22,20,2,1585872000000,05112,Duisburg,341,12,329,498590,2142
DE-NW,04-04-2020,RKI,8,8,0,1585958400000,05112,Duisburg,349,12,337,498590,2142
DE-NW,05-04-2020,RKI,23,22,1,1586044800000,05112,Duisburg,372,13,359,498590,2142
DE-NW,06-04-2020,RKI,17,15,2,1586131200000,05112,Duisburg,389,15,374,498590,2142
DE-NW,07-04-2020,RKI,28,26,2,1586217600000,05112,Duisburg,417,17,400,498590,2142
DE-NW,08-04-2020,RKI,40,37,3,1586304000000,05112,Duisburg,457,20,437,498590,2142
DE-NW,09-04-2020,RKI,26,26,0,1586390400000,05112,Duisburg,483,20,463,498590,2142
DE-NW,10-04-2020,RKI,21,21,0,1586476800000,05112,Duisburg,504,20,484,498590,2142
DE-NW,11-04-2020,RKI,17,16,1,1586563200000,05112,Duisburg,521,21,500,498590,2142
DE-NW,12-04-2020,RKI,19,17,2,1586649600000,05112,Duisburg,540,23,517,498590,2142
DE-NW,13-04-2020,RKI,12,12,0,1586736000000,05112,Duisburg,552,23,529,498590,2142
DE-NW,14-04-2020,RKI,13,13,0,1586822400000,05112,Duisburg,565,23,542,498590,2142
DE-NW,15-04-2020,RKI,18,18,0,1586908800000,05112,Duisburg,583,23,560,498590,2142
DE-NW,16-04-2020,RKI,12,11,1,1586995200000,05112,Duisburg,595,24,571,498590,2142
DE-NW,17-04-2020,RKI,19,17,2,1587081600000,05112,Duisburg,614,26,588,498590,2142
DE-NW,18-04-2020,RKI,10,10,0,1587168000000,05112,Duisburg,624,26,598,498590,2142
DE-NW,19-04-2020,RKI,6,6,0,1587254400000,05112,Duisburg,630,26,604,498590,2142
DE-NW,20-04-2020,RKI,11,8,3,1587340800000,05112,Duisburg,641,29,612,498590,2142
DE-NW,21-04-2020,RKI,27,24,3,1587427200000,05112,Duisburg,668,32,636,498590,2142
DE-NW,22-04-2020,RKI,24,24,0,1587513600000,05112,Duisburg,692,32,660,498590,2142
DE-NW,23-04-2020,RKI,17,14,3,1587600000000,05112,Duisburg,709,35,674,498590,2142
DE-NW,24-04-2020,RKI,25,24,1,1587686400000,05112,Duisburg,734,36,698,498590,2142
DE-NW,25-04-2020,RKI,1,1,0,1587772800000,05112,Duisburg,735,36,699,498590,2142
DE-NW,26-04-2020,RKI,9,9,0,1587859200000,05112,Duisburg,744,36,708,498590,2142
DE-NW,27-04-2020,RKI,10,9,1,1587945600000,05112,Duisburg,754,37,717,498590,2142
DE-NW,28-04-2020,RKI,20,17,3,1588032000000,05112,Duisburg,774,40,734,498590,2142
DE-NW,29-04-2020,RKI,17,17,0,1588118400000,05112,Duisburg,791,40,751,498590,2142
DE-NW,30-04-2020,RKI,28,26,2,1588204800000,05112,Duisburg,819,42,777,498590,2142
DE-NW,01-05-2020,RKI,10,10,0,1588291200000,05112,Duisburg,829,42,787,498590,2142
DE-NW,02-05-2020,RKI,6,5,1,1588377600000,05112,Duisburg,835,43,792,498590,2142
DE-NW,03-05-2020,RKI,11,8,3,1588464000000,05112,Duisburg,846,46,800,498590,2142
DE-NW,04-05-2020,RKI,9,9,0,1588550400000,05112,Duisburg,855,46,809,498590,2142
DE-NW,05-05-2020,RKI,14,12,2,1588636800000,05112,Duisburg,869,48,821,498590,2142
DE-NW,06-05-2020,RKI,9,9,0,1588723200000,05112,Duisburg,878,48,830,498590,2142
DE-NW,07-05-2020,RKI,17,16,1,1588809600000,05112,Duisburg,895,49,846,498590,2142
DE-NW,08-05-2020,RKI,10,10,0,1588896000000,05112,Duisburg,905,49,856,498590,2142
DE-NW,09-05-2020,RKI,15,12,3,1588982400000,05112,Duisburg,920,52,868,498590,2142
DE-NW,10-05-2020,RKI,0,0,0,1589068800000,05112,Duisburg,920,52,868,498590,2142
DE-NW,11-05-2020,RKI,3,3,0,1589155200000,05112,Duisburg,923,52,871,498590,2142
DE-NW,12-05-2020,RKI,24,23,1,1589241600000,05112,Duisburg,947,53,894,498590,2142
DE-NW,13-05-2020,RKI,7,6,0,1589328000000,05112,Duisburg,954,53,900,498590,2142
DE-NW,14-05-2020,RKI,2,1,1,1589414400000,05112,Duisburg,956,54,901,498590,2142
DE-NW,15-05-2020,RKI,11,11,0,1589500800000,05112,Duisburg,967,54,912,498590,2142
DE-NW,16-05-2020,RKI,6,5,1,1589587200000,05112,Duisburg,973,55,917,498590,2142
DE-NW,17-05-2020,RKI,3,3,0,1589673600000,05112,Duisburg,976,55,920,498590,2142
DE-NW,18-05-2020,RKI,1,0,0,1589760000000,05112,Duisburg,977,55,920,498590,2142
DE-NW,19-05-2020,RKI,31,27,0,1589846400000,05112,Duisburg,1008,55,947,498590,2142
DE-NW,20-05-2020,RKI,7,6,0,1589932800000,05112,Duisburg,1015,55,953,498590,2142
DE-NW,21-05-2020,RKI,10,9,0,1590019200000,05112,Duisburg,1025,55,962,498590,2142
DE-NW,22-05-2020,RKI,6,4,1,1590105600000,05112,Duisburg,1031,56,966,498590,2142
DE-NW,23-05-2020,RKI,3,3,0,1590192000000,05112,Duisburg,1034,56,969,498590,2142
DE-NW,24-05-2020,RKI,10,6,0,1590278400000,05112,Duisburg,1044,56,975,498590,2142
DE-NW,25-05-2020,RKI,3,1,0,1590364800000,05112,Duisburg,1047,56,976,498590,2142
DE-NW,26-05-2020,RKI,2,1,0,1590451200000,05112,Duisburg,1049,56,977,498590,2142
DE-NW,27-05-2020,RKI,3,1,0,1590537600000,05112,Duisburg,1052,56,978,498590,2142
DE-NW,28-05-2020,RKI,5,2,0,1590624000000,05112,Duisburg,1057,56,980,498590,2142
DE-NW,29-05-2020,RKI,9,2,0,1590710400000,05112,Duisburg,1066,56,982,498590,2142
DE-NW,30-05-2020,RKI,6,1,0,1590796800000,05112,Duisburg,1072,56,983,498590,2142
DE-NW,31-05-2020,RKI,6,0,0,1590883200000,05112,Duisburg,1078,56,983,498590,2142
DE-NW,01-06-2020,RKI,1,0,0,1590969600000,05112,Duisburg,1079,56,983,498590,2142
DE-NW,03-06-2020,RKI,8,0,0,1591142400000,05112,Duisburg,1087,56,983,498590,2142
DE-NW,04-06-2020,RKI,33,0,0,1591228800000,05112,Duisburg,1120,56,983,498590,2142
DE-NW,12-03-2020,RKI,4,4,0,1583971200000,05113,Essen,6,1,5,583109,2772
DE-NW,13-03-2020,RKI,6,6,0,1584057600000,05113,Essen,12,1,11,583109,2772
DE-NW,15-03-2020,RKI,37,37,0,1584230400000,05113,Essen,49,1,48,583109,2772
DE-NW,19-03-2020,RKI,72,72,0,1584576000000,05113,Essen,121,1,120,583109,2772
DE-NW,21-03-2020,RKI,42,40,2,1584748800000,05113,Essen,163,3,160,583109,2772
DE-NW,22-03-2020,RKI,5,4,1,1584835200000,05113,Essen,168,4,164,583109,2772
DE-NW,23-03-2020,RKI,53,50,3,1584921600000,05113,Essen,221,7,214,583109,2772
DE-NW,24-03-2020,RKI,3,3,0,1585008000000,05113,Essen,224,7,217,583109,2772
DE-NW,25-03-2020,RKI,27,25,2,1585094400000,05113,Essen,251,9,242,583109,2772
DE-NW,26-03-2020,RKI,24,20,4,1585180800000,05113,Essen,275,13,262,583109,2772
DE-NW,27-03-2020,RKI,35,34,1,1585267200000,05113,Essen,310,14,296,583109,2772
DE-NW,29-03-2020,RKI,5,4,1,1585440000000,05113,Essen,315,15,300,583109,2772
DE-NW,30-03-2020,RKI,1,1,0,1585526400000,05113,Essen,316,15,301,583109,2772
DE-NW,31-03-2020,RKI,10,10,0,1585612800000,05113,Essen,326,15,311,583109,2772
DE-NW,02-04-2020,RKI,16,16,0,1585785600000,05113,Essen,342,15,327,583109,2772
DE-NW,03-04-2020,RKI,14,12,2,1585872000000,05113,Essen,356,17,339,583109,2772
DE-NW,04-04-2020,RKI,7,6,1,1585958400000,05113,Essen,363,18,345,583109,2772
DE-NW,06-04-2020,RKI,35,31,4,1586131200000,05113,Essen,398,22,376,583109,2772
DE-NW,07-04-2020,RKI,13,10,3,1586217600000,05113,Essen,411,25,386,583109,2772
DE-NW,08-04-2020,RKI,24,21,3,1586304000000,05113,Essen,435,28,407,583109,2772
DE-NW,09-04-2020,RKI,3,2,1,1586390400000,05113,Essen,438,29,409,583109,2772
DE-NW,10-04-2020,RKI,3,3,0,1586476800000,05113,Essen,441,29,412,583109,2772
DE-NW,11-04-2020,RKI,2,2,0,1586563200000,05113,Essen,443,29,414,583109,2772
DE-NW,12-04-2020,RKI,0,0,0,1586649600000,05113,Essen,443,29,414,583109,2772
DE-NW,14-04-2020,RKI,15,15,0,1586822400000,05113,Essen,458,29,429,583109,2772
DE-NW,15-04-2020,RKI,3,3,0,1586908800000,05113,Essen,461,29,432,583109,2772
DE-NW,16-04-2020,RKI,13,10,3,1586995200000,05113,Essen,474,32,442,583109,2772
DE-NW,17-04-2020,RKI,0,0,0,1587081600000,05113,Essen,474,32,442,583109,2772
DE-NW,18-04-2020,RKI,1,1,0,1587168000000,05113,Essen,475,32,443,583109,2772
DE-NW,20-04-2020,RKI,171,166,5,1587340800000,05113,Essen,646,37,609,583109,2772
DE-NW,21-04-2020,RKI,10,10,0,1587427200000,05113,Essen,656,37,619,583109,2772
DE-NW,22-04-2020,RKI,10,10,0,1587513600000,05113,Essen,666,37,629,583109,2772
DE-NW,23-04-2020,RKI,7,7,0,1587600000000,05113,Essen,673,37,636,583109,2772
DE-NW,24-04-2020,RKI,7,7,0,1587686400000,05113,Essen,680,37,643,583109,2772
DE-NW,25-04-2020,RKI,2,2,0,1587772800000,05113,Essen,682,37,645,583109,2772
DE-NW,27-04-2020,RKI,5,5,0,1587945600000,05113,Essen,687,37,650,583109,2772
DE-NW,29-04-2020,RKI,9,9,0,1588118400000,05113,Essen,696,37,659,583109,2772
DE-NW,30-04-2020,RKI,0,0,0,1588204800000,05113,Essen,696,37,659,583109,2772
DE-NW,04-05-2020,RKI,16,15,1,1588550400000,05113,Essen,712,38,674,583109,2772
DE-NW,05-05-2020,RKI,5,5,0,1588636800000,05113,Essen,717,38,679,583109,2772
DE-NW,06-05-2020,RKI,6,6,0,1588723200000,05113,Essen,723,38,685,583109,2772
DE-NW,07-05-2020,RKI,4,4,0,1588809600000,05113,Essen,727,38,689,583109,2772
DE-NW,08-05-2020,RKI,8,8,0,1588896000000,05113,Essen,735,38,697,583109,2772
DE-NW,11-05-2020,RKI,2,0,1,1589155200000,05113,Essen,737,39,697,583109,2772
DE-NW,12-05-2020,RKI,2,2,0,1589241600000,05113,Essen,739,39,699,583109,2772
DE-NW,13-05-2020,RKI,6,2,0,1589328000000,05113,Essen,745,39,701,583109,2772
DE-NW,14-05-2020,RKI,2,1,0,1589414400000,05113,Essen,747,39,702,583109,2772
DE-NW,15-05-2020,RKI,5,1,0,1589500800000,05113,Essen,752,39,703,583109,2772
DE-NW,18-05-2020,RKI,4,2,0,1589760000000,05113,Essen,756,39,705,583109,2772
DE-NW,19-05-2020,RKI,0,0,0,1589846400000,05113,Essen,756,39,705,583109,2772
DE-NW,20-05-2020,RKI,1,0,0,1589932800000,05113,Essen,757,39,705,583109,2772
DE-NW,25-05-2020,RKI,13,0,0,1590364800000,05113,Essen,770,39,705,583109,2772
DE-NW,26-05-2020,RKI,3,2,0,1590451200000,05113,Essen,773,39,707,583109,2772
DE-NW,27-05-2020,RKI,3,0,0,1590537600000,05113,Essen,776,39,707,583109,2772
DE-NW,28-05-2020,RKI,1,0,0,1590624000000,05113,Essen,777,39,707,583109,2772
DE-NW,29-05-2020,RKI,7,0,0,1590710400000,05113,Essen,784,39,707,583109,2772
DE-NW,01-06-2020,RKI,16,0,0,1590969600000,05113,Essen,800,39,707,583109,2772
DE-NW,02-06-2020,RKI,0,0,0,1591056000000,05113,Essen,800,39,707,583109,2772
DE-NW,03-06-2020,RKI,4,0,0,1591142400000,05113,Essen,804,39,707,583109,2772
DE-NW,04-06-2020,RKI,2,0,0,1591228800000,05113,Essen,806,39,707,583109,2772
DE-NW,11-03-2020,RKI,6,6,0,1583884800000,05114,Krefeld,6,0,6,227020,1648
DE-NW,12-03-2020,RKI,2,2,0,1583971200000,05114,Krefeld,8,0,8,227020,1648
DE-NW,13-03-2020,RKI,2,2,0,1584057600000,05114,Krefeld,10,0,10,227020,1648
DE-NW,14-03-2020,RKI,8,8,0,1584144000000,05114,Krefeld,18,0,18,227020,1648
DE-NW,15-03-2020,RKI,3,3,0,1584230400000,05114,Krefeld,21,0,21,227020,1648
DE-NW,16-03-2020,RKI,3,3,0,1584316800000,05114,Krefeld,24,0,24,227020,1648
DE-NW,17-03-2020,RKI,5,5,0,1584403200000,05114,Krefeld,29,0,29,227020,1648
DE-NW,18-03-2020,RKI,3,3,0,1584489600000,05114,Krefeld,32,0,32,227020,1648
DE-NW,19-03-2020,RKI,5,5,0,1584576000000,05114,Krefeld,37,0,37,227020,1648
DE-NW,20-03-2020,RKI,10,10,0,1584662400000,05114,Krefeld,47,0,47,227020,1648
DE-NW,21-03-2020,RKI,9,9,0,1584748800000,05114,Krefeld,56,0,56,227020,1648
DE-NW,23-03-2020,RKI,16,16,0,1584921600000,05114,Krefeld,72,0,72,227020,1648
DE-NW,24-03-2020,RKI,6,6,0,1585008000000,05114,Krefeld,78,0,78,227020,1648
DE-NW,25-03-2020,RKI,16,16,0,1585094400000,05114,Krefeld,94,0,94,227020,1648
DE-NW,26-03-2020,RKI,10,10,0,1585180800000,05114,Krefeld,104,0,104,227020,1648
DE-NW,27-03-2020,RKI,30,30,0,1585267200000,05114,Krefeld,134,0,134,227020,1648
DE-NW,28-03-2020,RKI,17,17,0,1585353600000,05114,Krefeld,151,0,151,227020,1648
DE-NW,30-03-2020,RKI,20,20,0,1585526400000,05114,Krefeld,171,0,171,227020,1648
DE-NW,31-03-2020,RKI,12,11,1,1585612800000,05114,Krefeld,183,1,182,227020,1648
DE-NW,01-04-2020,RKI,9,9,0,1585699200000,05114,Krefeld,192,1,191,227020,1648
DE-NW,02-04-2020,RKI,10,10,0,1585785600000,05114,Krefeld,202,1,201,227020,1648
DE-NW,03-04-2020,RKI,23,21,2,1585872000000,05114,Krefeld,225,3,222,227020,1648
DE-NW,04-04-2020,RKI,1,1,0,1585958400000,05114,Krefeld,226,3,223,227020,1648
DE-NW,05-04-2020,RKI,0,0,0,1586044800000,05114,Krefeld,226,3,223,227020,1648
DE-NW,06-04-2020,RKI,4,4,0,1586131200000,05114,Krefeld,230,3,227,227020,1648
DE-NW,07-04-2020,RKI,5,5,0,1586217600000,05114,Krefeld,235,3,232,227020,1648
DE-NW,08-04-2020,RKI,3,3,0,1586304000000,05114,Krefeld,238,3,235,227020,1648
DE-NW,09-04-2020,RKI,9,8,1,1586390400000,05114,Krefeld,247,4,243,227020,1648
DE-NW,12-04-2020,RKI,6,6,0,1586649600000,05114,Krefeld,253,4,249,227020,1648
DE-NW,14-04-2020,RKI,9,8,1,1586822400000,05114,Krefeld,262,5,257,227020,1648
DE-NW,15-04-2020,RKI,1,1,0,1586908800000,05114,Krefeld,263,5,258,227020,1648
DE-NW,16-04-2020,RKI,17,17,0,1586995200000,05114,Krefeld,280,5,275,227020,1648
DE-NW,17-04-2020,RKI,20,20,0,1587081600000,05114,Krefeld,300,5,295,227020,1648
DE-NW,18-04-2020,RKI,14,12,2,1587168000000,05114,Krefeld,314,7,307,227020,1648
DE-NW,19-04-2020,RKI,41,31,10,1587254400000,05114,Krefeld,355,17,338,227020,1648
DE-NW,20-04-2020,RKI,15,13,2,1587340800000,05114,Krefeld,370,19,351,227020,1648
DE-NW,21-04-2020,RKI,11,11,0,1587427200000,05114,Krefeld,381,19,362,227020,1648
DE-NW,22-04-2020,RKI,9,8,1,1587513600000,05114,Krefeld,390,20,370,227020,1648
DE-NW,23-04-2020,RKI,12,11,1,1587600000000,05114,Krefeld,402,21,381,227020,1648
DE-NW,24-04-2020,RKI,10,10,0,1587686400000,05114,Krefeld,412,21,391,227020,1648
DE-NW,25-04-2020,RKI,7,7,0,1587772800000,05114,Krefeld,419,21,398,227020,1648
DE-NW,27-04-2020,RKI,7,7,0,1587945600000,05114,Krefeld,426,21,405,227020,1648
DE-NW,28-04-2020,RKI,6,6,0,1588032000000,05114,Krefeld,432,21,411,227020,1648
DE-NW,29-04-2020,RKI,10,10,0,1588118400000,05114,Krefeld,442,21,421,227020,1648
DE-NW,30-04-2020,RKI,7,7,0,1588204800000,05114,Krefeld,449,21,428,227020,1648
DE-NW,01-05-2020,RKI,16,15,1,1588291200000,05114,Krefeld,465,22,443,227020,1648
DE-NW,02-05-2020,RKI,4,4,0,1588377600000,05114,Krefeld,469,22,447,227020,1648
DE-NW,03-05-2020,RKI,0,0,0,1588464000000,05114,Krefeld,469,22,447,227020,1648
DE-NW,04-05-2020,RKI,0,0,0,1588550400000,05114,Krefeld,469,22,447,227020,1648
DE-NW,05-05-2020,RKI,3,3,0,1588636800000,05114,Krefeld,472,22,450,227020,1648
DE-NW,06-05-2020,RKI,5,5,0,1588723200000,05114,Krefeld,477,22,455,227020,1648
DE-NW,07-05-2020,RKI,4,4,0,1588809600000,05114,Krefeld,481,22,459,227020,1648
DE-NW,08-05-2020,RKI,4,4,0,1588896000000,05114,Krefeld,485,22,463,227020,1648
DE-NW,09-05-2020,RKI,2,2,0,1588982400000,05114,Krefeld,487,22,465,227020,1648
DE-NW,10-05-2020,RKI,3,2,0,1589068800000,05114,Krefeld,490,22,467,227020,1648
DE-NW,11-05-2020,RKI,2,2,0,1589155200000,05114,Krefeld,492,22,469,227020,1648
DE-NW,12-05-2020,RKI,8,7,0,1589241600000,05114,Krefeld,500,22,476,227020,1648
DE-NW,13-05-2020,RKI,3,3,0,1589328000000,05114,Krefeld,503,22,479,227020,1648
DE-NW,14-05-2020,RKI,7,5,0,1589414400000,05114,Krefeld,510,22,484,227020,1648
DE-NW,15-05-2020,RKI,3,3,0,1589500800000,05114,Krefeld,513,22,487,227020,1648
DE-NW,16-05-2020,RKI,8,8,0,1589587200000,05114,Krefeld,521,22,495,227020,1648
DE-NW,18-05-2020,RKI,4,4,0,1589760000000,05114,Krefeld,525,22,499,227020,1648
DE-NW,19-05-2020,RKI,8,7,0,1589846400000,05114,Krefeld,533,22,506,227020,1648
DE-NW,20-05-2020,RKI,2,2,0,1589932800000,05114,Krefeld,535,22,508,227020,1648
DE-NW,21-05-2020,RKI,1,0,0,1590019200000,05114,Krefeld,536,22,508,227020,1648
DE-NW,22-05-2020,RKI,1,1,0,1590105600000,05114,Krefeld,537,22,509,227020,1648
DE-NW,24-05-2020,RKI,1,1,0,1590278400000,05114,Krefeld,538,22,510,227020,1648
DE-NW,26-05-2020,RKI,3,1,0,1590451200000,05114,Krefeld,541,22,511,227020,1648
DE-NW,27-05-2020,RKI,3,2,0,1590537600000,05114,Krefeld,544,22,513,227020,1648
DE-NW,28-05-2020,RKI,4,1,0,1590624000000,05114,Krefeld,548,22,514,227020,1648
DE-NW,02-06-2020,RKI,1,0,0,1591056000000,05114,Krefeld,549,22,514,227020,1648
DE-NW,03-06-2020,RKI,2,0,0,1591142400000,05114,Krefeld,551,22,514,227020,1648
DE-NW,04-06-2020,RKI,1,0,0,1591228800000,05114,Krefeld,552,22,514,227020,1648
DE-NW,05-06-2020,RKI,0,0,0,1591315200000,05114,Krefeld,552,22,514,227020,1648
DE-NW,04-03-2020,RKI,1,1,0,1583280000000,05116,Mönchengladbach,1,0,1,261454,1534
DE-NW,05-03-2020,RKI,0,0,0,1583366400000,05116,Mönchengladbach,1,0,1,261454,1534
DE-NW,06-03-2020,RKI,2,2,0,1583452800000,05116,Mönchengladbach,3,0,3,261454,1534
DE-NW,09-03-2020,RKI,0,0,0,1583712000000,05116,Mönchengladbach,3,0,3,261454,1534
DE-NW,10-03-2020,RKI,7,7,0,1583798400000,05116,Mönchengladbach,10,0,10,261454,1534
DE-NW,11-03-2020,RKI,1,1,0,1583884800000,05116,Mönchengladbach,11,0,11,261454,1534
DE-NW,12-03-2020,RKI,2,1,1,1583971200000,05116,Mönchengladbach,13,1,12,261454,1534
DE-NW,13-03-2020,RKI,8,8,0,1584057600000,05116,Mönchengladbach,21,1,20,261454,1534
DE-NW,14-03-2020,RKI,5,5,0,1584144000000,05116,Mönchengladbach,26,1,25,261454,1534
DE-NW,16-03-2020,RKI,0,0,0,1584316800000,05116,Mönchengladbach,26,1,25,261454,1534
DE-NW,17-03-2020,RKI,8,8,0,1584403200000,05116,Mönchengladbach,34,1,33,261454,1534
DE-NW,18-03-2020,RKI,9,9,0,1584489600000,05116,Mönchengladbach,43,1,42,261454,1534
DE-NW,19-03-2020,RKI,21,20,1,1584576000000,05116,Mönchengladbach,64,2,62,261454,1534
DE-NW,20-03-2020,RKI,4,4,0,1584662400000,05116,Mönchengladbach,68,2,66,261454,1534
DE-NW,21-03-2020,RKI,19,19,0,1584748800000,05116,Mönchengladbach,87,2,85,261454,1534
DE-NW,23-03-2020,RKI,3,3,0,1584921600000,05116,Mönchengladbach,90,2,88,261454,1534
DE-NW,24-03-2020,RKI,13,13,0,1585008000000,05116,Mönchengladbach,103,2,101,261454,1534
DE-NW,25-03-2020,RKI,3,3,0,1585094400000,05116,Mönchengladbach,106,2,104,261454,1534
DE-NW,26-03-2020,RKI,23,22,1,1585180800000,05116,Mönchengladbach,129,3,126,261454,1534
DE-NW,27-03-2020,RKI,17,17,0,1585267200000,05116,Mönchengladbach,146,3,143,261454,1534
DE-NW,28-03-2020,RKI,6,6,0,1585353600000,05116,Mönchengladbach,152,3,149,261454,1534
DE-NW,29-03-2020,RKI,0,0,0,1585440000000,05116,Mönchengladbach,152,3,149,261454,1534
DE-NW,30-03-2020,RKI,5,4,1,1585526400000,05116,Mönchengladbach,157,4,153,261454,1534
DE-NW,31-03-2020,RKI,27,25,2,1585612800000,05116,Mönchengladbach,184,6,178,261454,1534
DE-NW,01-04-2020,RKI,10,9,1,1585699200000,05116,Mönchengladbach,194,7,187,261454,1534
DE-NW,02-04-2020,RKI,25,21,4,1585785600000,05116,Mönchengladbach,219,11,208,261454,1534
DE-NW,03-04-2020,RKI,13,12,1,1585872000000,05116,Mönchengladbach,232,12,220,261454,1534
DE-NW,04-04-2020,RKI,5,4,1,1585958400000,05116,Mönchengladbach,237,13,224,261454,1534
DE-NW,05-04-2020,RKI,28,16,12,1586044800000,05116,Mönchengladbach,265,25,240,261454,1534
DE-NW,06-04-2020,RKI,6,5,1,1586131200000,05116,Mönchengladbach,271,26,245,261454,1534
DE-NW,07-04-2020,RKI,9,9,0,1586217600000,05116,Mönchengladbach,280,26,254,261454,1534
DE-NW,08-04-2020,RKI,14,12,2,1586304000000,05116,Mönchengladbach,294,28,266,261454,1534
DE-NW,09-04-2020,RKI,8,7,1,1586390400000,05116,Mönchengladbach,302,29,273,261454,1534
DE-NW,10-04-2020,RKI,22,20,2,1586476800000,05116,Mönchengladbach,324,31,293,261454,1534
DE-NW,11-04-2020,RKI,3,3,0,1586563200000,05116,Mönchengladbach,327,31,296,261454,1534
DE-NW,12-04-2020,RKI,7,6,1,1586649600000,05116,Mönchengladbach,334,32,302,261454,1534
DE-NW,13-04-2020,RKI,3,3,0,1586736000000,05116,Mönchengladbach,337,32,305,261454,1534
DE-NW,14-04-2020,RKI,1,1,0,1586822400000,05116,Mönchengladbach,338,32,306,261454,1534
DE-NW,15-04-2020,RKI,5,4,1,1586908800000,05116,Mönchengladbach,343,33,310,261454,1534
DE-NW,16-04-2020,RKI,16,16,0,1586995200000,05116,Mönchengladbach,359,33,326,261454,1534
DE-NW,17-04-2020,RKI,17,16,1,1587081600000,05116,Mönchengladbach,376,34,342,261454,1534
DE-NW,18-04-2020,RKI,5,4,1,1587168000000,05116,Mönchengladbach,381,35,346,261454,1534
DE-NW,20-04-2020,RKI,2,2,0,1587340800000,05116,Mönchengladbach,383,35,348,261454,1534
DE-NW,21-04-2020,RKI,3,3,0,1587427200000,05116,Mönchengladbach,386,35,351,261454,1534
DE-NW,22-04-2020,RKI,15,13,2,1587513600000,05116,Mönchengladbach,401,37,364,261454,1534
DE-NW,23-04-2020,RKI,6,6,0,1587600000000,05116,Mönchengladbach,407,37,370,261454,1534
DE-NW,24-04-2020,RKI,5,5,0,1587686400000,05116,Mönchengladbach,412,37,375,261454,1534
DE-NW,25-04-2020,RKI,3,3,0,1587772800000,05116,Mönchengladbach,415,37,378,261454,1534
DE-NW,26-04-2020,RKI,1,1,0,1587859200000,05116,Mönchengladbach,416,37,379,261454,1534
DE-NW,27-04-2020,RKI,4,4,0,1587945600000,05116,Mönchengladbach,420,37,383,261454,1534
DE-NW,28-04-2020,RKI,9,9,0,1588032000000,05116,Mönchengladbach,429,37,392,261454,1534
DE-NW,29-04-2020,RKI,0,0,0,1588118400000,05116,Mönchengladbach,429,37,392,261454,1534
DE-NW,30-04-2020,RKI,5,5,0,1588204800000,05116,Mönchengladbach,434,37,397,261454,1534
DE-NW,01-05-2020,RKI,5,5,0,1588291200000,05116,Mönchengladbach,439,37,402,261454,1534
DE-NW,02-05-2020,RKI,2,2,0,1588377600000,05116,Mönchengladbach,441,37,404,261454,1534
DE-NW,03-05-2020,RKI,0,0,0,1588464000000,05116,Mönchengladbach,441,37,404,261454,1534
DE-NW,04-05-2020,RKI,3,3,0,1588550400000,05116,Mönchengladbach,444,37,407,261454,1534
DE-NW,05-05-2020,RKI,2,1,1,1588636800000,05116,Mönchengladbach,446,38,408,261454,1534
DE-NW,06-05-2020,RKI,14,14,0,1588723200000,05116,Mönchengladbach,460,38,422,261454,1534
DE-NW,07-05-2020,RKI,3,3,0,1588809600000,05116,Mönchengladbach,463,38,425,261454,1534
DE-NW,08-05-2020,RKI,1,1,0,1588896000000,05116,Mönchengladbach,464,38,426,261454,1534
DE-NW,09-05-2020,RKI,6,6,0,1588982400000,05116,Mönchengladbach,470,38,432,261454,1534
DE-NW,10-05-2020,RKI,1,0,0,1589068800000,05116,Mönchengladbach,471,38,432,261454,1534
DE-NW,11-05-2020,RKI,0,0,0,1589155200000,05116,Mönchengladbach,471,38,432,261454,1534
DE-NW,12-05-2020,RKI,9,9,0,1589241600000,05116,Mönchengladbach,480,38,441,261454,1534
DE-NW,13-05-2020,RKI,6,6,0,1589328000000,05116,Mönchengladbach,486,38,447,261454,1534
DE-NW,14-05-2020,RKI,3,3,0,1589414400000,05116,Mönchengladbach,489,38,450,261454,1534
DE-NW,15-05-2020,RKI,10,9,0,1589500800000,05116,Mönchengladbach,499,38,459,261454,1534
DE-NW,16-05-2020,RKI,7,7,0,1589587200000,05116,Mönchengladbach,506,38,466,261454,1534
DE-NW,18-05-2020,RKI,1,0,0,1589760000000,05116,Mönchengladbach,507,38,466,261454,1534
DE-NW,19-05-2020,RKI,9,9,0,1589846400000,05116,Mönchengladbach,516,38,475,261454,1534
DE-NW,20-05-2020,RKI,3,1,0,1589932800000,05116,Mönchengladbach,519,38,476,261454,1534
DE-NW,21-05-2020,RKI,3,3,0,1590019200000,05116,Mönchengladbach,522,38,479,261454,1534
DE-NW,22-05-2020,RKI,6,5,1,1590105600000,05116,Mönchengladbach,528,39,484,261454,1534
DE-NW,23-05-2020,RKI,0,0,0,1590192000000,05116,Mönchengladbach,528,39,484,261454,1534
DE-NW,25-05-2020,RKI,1,0,0,1590364800000,05116,Mönchengladbach,529,39,484,261454,1534
DE-NW,26-05-2020,RKI,0,0,0,1590451200000,05116,Mönchengladbach,529,39,484,261454,1534
DE-NW,27-05-2020,RKI,1,0,0,1590537600000,05116,Mönchengladbach,530,39,484,261454,1534
DE-NW,28-05-2020,RKI,2,0,0,1590624000000,05116,Mönchengladbach,532,39,484,261454,1534
DE-NW,29-05-2020,RKI,0,0,0,1590710400000,05116,Mönchengladbach,532,39,484,261454,1534
DE-NW,30-05-2020,RKI,2,0,0,1590796800000,05116,Mönchengladbach,534,39,484,261454,1534
DE-NW,03-06-2020,RKI,6,0,0,1591142400000,05116,Mönchengladbach,540,39,484,261454,1534
DE-NW,04-06-2020,RKI,3,0,0,1591228800000,05116,Mönchengladbach,543,39,484,261454,1534
DE-NW,05-06-2020,RKI,2,0,0,1591315200000,05116,Mönchengladbach,545,39,484,261454,1534
DE-NW,12-03-2020,RKI,0,0,0,1583971200000,05117,Mülheim an der Ruhr,2,0,2,170880,1872
DE-NW,13-03-2020,RKI,2,2,0,1584057600000,05117,Mülheim an der Ruhr,4,0,4,170880,1872
DE-NW,16-03-2020,RKI,1,1,0,1584316800000,05117,Mülheim an der Ruhr,5,0,5,170880,1872
DE-NW,17-03-2020,RKI,3,3,0,1584403200000,05117,Mülheim an der Ruhr,8,0,8,170880,1872
DE-NW,18-03-2020,RKI,2,2,0,1584489600000,05117,Mülheim an der Ruhr,10,0,10,170880,1872
DE-NW,19-03-2020,RKI,7,7,0,1584576000000,05117,Mülheim an der Ruhr,17,0,17,170880,1872
DE-NW,20-03-2020,RKI,4,4,0,1584662400000,05117,Mülheim an der Ruhr,21,0,21,170880,1872
DE-NW,21-03-2020,RKI,3,3,0,1584748800000,05117,Mülheim an der Ruhr,24,0,24,170880,1872
DE-NW,23-03-2020,RKI,7,7,0,1584921600000,05117,Mülheim an der Ruhr,31,0,31,170880,1872
DE-NW,24-03-2020,RKI,5,5,0,1585008000000,05117,Mülheim an der Ruhr,36,0,36,170880,1872
DE-NW,25-03-2020,RKI,2,2,0,1585094400000,05117,Mülheim an der Ruhr,38,0,38,170880,1872
DE-NW,26-03-2020,RKI,0,0,0,1585180800000,05117,Mülheim an der Ruhr,38,0,38,170880,1872
DE-NW,27-03-2020,RKI,8,6,2,1585267200000,05117,Mülheim an der Ruhr,46,2,44,170880,1872
DE-NW,30-03-2020,RKI,13,12,1,1585526400000,05117,Mülheim an der Ruhr,59,3,56,170880,1872
DE-NW,31-03-2020,RKI,2,2,0,1585612800000,05117,Mülheim an der Ruhr,61,3,58,170880,1872
DE-NW,01-04-2020,RKI,6,5,1,1585699200000,05117,Mülheim an der Ruhr,67,4,63,170880,1872
DE-NW,02-04-2020,RKI,8,8,0,1585785600000,05117,Mülheim an der Ruhr,75,4,71,170880,1872
DE-NW,03-04-2020,RKI,5,5,0,1585872000000,05117,Mülheim an der Ruhr,80,4,76,170880,1872
DE-NW,05-04-2020,RKI,0,0,0,1586044800000,05117,Mülheim an der Ruhr,80,4,76,170880,1872
DE-NW,06-04-2020,RKI,8,8,0,1586131200000,05117,Mülheim an der Ruhr,88,4,84,170880,1872
DE-NW,07-04-2020,RKI,7,7,0,1586217600000,05117,Mülheim an der Ruhr,95,4,91,170880,1872
DE-NW,08-04-2020,RKI,0,0,0,1586304000000,05117,Mülheim an der Ruhr,95,4,91,170880,1872
DE-NW,09-04-2020,RKI,0,0,0,1586390400000,05117,Mülheim an der Ruhr,95,4,91,170880,1872
DE-NW,11-04-2020,RKI,9,8,1,1586563200000,05117,Mülheim an der Ruhr,104,5,99,170880,1872
DE-NW,14-04-2020,RKI,4,3,1,1586822400000,05117,Mülheim an der Ruhr,108,6,102,170880,1872
DE-NW,16-04-2020,RKI,2,2,0,1586995200000,05117,Mülheim an der Ruhr,110,6,104,170880,1872
DE-NW,17-04-2020,RKI,1,1,0,1587081600000,05117,Mülheim an der Ruhr,111,6,105,170880,1872
DE-NW,20-04-2020,RKI,4,4,0,1587340800000,05117,Mülheim an der Ruhr,115,6,109,170880,1872
DE-NW,21-04-2020,RKI,1,0,1,1587427200000,05117,Mülheim an der Ruhr,116,7,109,170880,1872
DE-NW,22-04-2020,RKI,10,10,0,1587513600000,05117,Mülheim an der Ruhr,126,7,119,170880,1872
DE-NW,23-04-2020,RKI,0,0,0,1587600000000,05117,Mülheim an der Ruhr,126,7,119,170880,1872
DE-NW,24-04-2020,RKI,4,4,0,1587686400000,05117,Mülheim an der Ruhr,130,7,123,170880,1872
DE-NW,27-04-2020,RKI,2,2,0,1587945600000,05117,Mülheim an der Ruhr,132,7,125,170880,1872
DE-NW,28-04-2020,RKI,0,0,0,1588032000000,05117,Mülheim an der Ruhr,132,7,125,170880,1872
DE-NW,30-04-2020,RKI,6,5,1,1588204800000,05117,Mülheim an der Ruhr,138,8,130,170880,1872
DE-NW,04-05-2020,RKI,0,0,0,1588550400000,05117,Mülheim an der Ruhr,138,8,130,170880,1872
DE-NW,05-05-2020,RKI,2,1,1,1588636800000,05117,Mülheim an der Ruhr,140,9,131,170880,1872
DE-NW,07-05-2020,RKI,4,2,1,1588809600000,05117,Mülheim an der Ruhr,144,10,133,170880,1872
DE-NW,08-05-2020,RKI,0,0,0,1588896000000,05117,Mülheim an der Ruhr,144,10,133,170880,1872
DE-NW,11-05-2020,RKI,0,0,0,1589155200000,05117,Mülheim an der Ruhr,144,10,133,170880,1872
DE-NW,12-05-2020,RKI,0,0,0,1589241600000,05117,Mülheim an der Ruhr,144,10,133,170880,1872
DE-NW,13-05-2020,RKI,3,2,0,1589328000000,05117,Mülheim an der Ruhr,147,10,135,170880,1872
DE-NW,15-05-2020,RKI,0,0,0,1589500800000,05117,Mülheim an der Ruhr,147,10,135,170880,1872
DE-NW,18-05-2020,RKI,2,0,1,1589760000000,05117,Mülheim an der Ruhr,149,11,135,170880,1872
DE-NW,22-05-2020,RKI,1,1,0,1590105600000,05117,Mülheim an der Ruhr,150,11,136,170880,1872
DE-NW,25-05-2020,RKI,1,0,0,1590364800000,05117,Mülheim an der Ruhr,151,11,136,170880,1872
DE-NW,26-05-2020,RKI,1,0,0,1590451200000,05117,Mülheim an der Ruhr,152,11,136,170880,1872
DE-NW,27-05-2020,RKI,1,0,0,1590537600000,05117,Mülheim an der Ruhr,153,11,136,170880,1872
DE-NW,28-05-2020,RKI,2,0,0,1590624000000,05117,Mülheim an der Ruhr,155,11,136,170880,1872
DE-NW,29-05-2020,RKI,1,0,0,1590710400000,05117,Mülheim an der Ruhr,156,11,136,170880,1872
DE-NW,02-06-2020,RKI,6,0,0,1591056000000,05117,Mülheim an der Ruhr,162,11,136,170880,1872
DE-NW,12-03-2020,RKI,5,5,0,1583971200000,05119,Oberhausen,6,0,6,210829,2735
DE-NW,13-03-2020,RKI,2,2,0,1584057600000,05119,Oberhausen,8,0,8,210829,2735
DE-NW,14-03-2020,RKI,1,1,0,1584144000000,05119,Oberhausen,9,0,9,210829,2735
DE-NW,16-03-2020,RKI,0,0,0,1584316800000,05119,Oberhausen,9,0,9,210829,2735
DE-NW,17-03-2020,RKI,3,3,0,1584403200000,05119,Oberhausen,12,0,12,210829,2735
DE-NW,18-03-2020,RKI,8,8,0,1584489600000,05119,Oberhausen,20,0,20,210829,2735
DE-NW,19-03-2020,RKI,8,8,0,1584576000000,05119,Oberhausen,28,0,28,210829,2735
DE-NW,20-03-2020,RKI,0,0,0,1584662400000,05119,Oberhausen,28,0,28,210829,2735
DE-NW,22-03-2020,RKI,1,1,0,1584835200000,05119,Oberhausen,29,0,29,210829,2735
DE-NW,23-03-2020,RKI,0,0,0,1584921600000,05119,Oberhausen,29,0,29,210829,2735
DE-NW,24-03-2020,RKI,2,2,0,1585008000000,05119,Oberhausen,31,0,31,210829,2735
DE-NW,25-03-2020,RKI,3,3,0,1585094400000,05119,Oberhausen,34,0,34,210829,2735
DE-NW,26-03-2020,RKI,11,11,0,1585180800000,05119,Oberhausen,45,0,45,210829,2735
DE-NW,27-03-2020,RKI,2,2,0,1585267200000,05119,Oberhausen,47,0,47,210829,2735
DE-NW,28-03-2020,RKI,1,1,0,1585353600000,05119,Oberhausen,48,0,48,210829,2735
DE-NW,31-03-2020,RKI,15,15,0,1585612800000,05119,Oberhausen,63,0,63,210829,2735
DE-NW,01-04-2020,RKI,4,4,0,1585699200000,05119,Oberhausen,67,0,67,210829,2735
DE-NW,02-04-2020,RKI,10,10,0,1585785600000,05119,Oberhausen,77,0,77,210829,2735
DE-NW,03-04-2020,RKI,8,8,0,1585872000000,05119,Oberhausen,85,0,85,210829,2735
DE-NW,04-04-2020,RKI,9,8,1,1585958400000,05119,Oberhausen,94,1,93,210829,2735
DE-NW,06-04-2020,RKI,2,2,0,1586131200000,05119,Oberhausen,96,1,95,210829,2735
DE-NW,07-04-2020,RKI,9,9,0,1586217600000,05119,Oberhausen,105,1,104,210829,2735
DE-NW,08-04-2020,RKI,5,5,0,1586304000000,05119,Oberhausen,110,1,109,210829,2735
DE-NW,09-04-2020,RKI,7,7,0,1586390400000,05119,Oberhausen,117,1,116,210829,2735
DE-NW,10-04-2020,RKI,1,1,0,1586476800000,05119,Oberhausen,118,1,117,210829,2735
DE-NW,11-04-2020,RKI,1,1,0,1586563200000,05119,Oberhausen,119,1,118,210829,2735
DE-NW,12-04-2020,RKI,0,0,0,1586649600000,05119,Oberhausen,119,1,118,210829,2735
DE-NW,14-04-2020,RKI,2,2,0,1586822400000,05119,Oberhausen,121,1,120,210829,2735
DE-NW,15-04-2020,RKI,7,7,0,1586908800000,05119,Oberhausen,128,1,127,210829,2735
DE-NW,16-04-2020,RKI,6,5,1,1586995200000,05119,Oberhausen,134,2,132,210829,2735
DE-NW,17-04-2020,RKI,3,3,0,1587081600000,05119,Oberhausen,137,2,135,210829,2735
DE-NW,19-04-2020,RKI,0,0,0,1587254400000,05119,Oberhausen,137,2,135,210829,2735
DE-NW,20-04-2020,RKI,1,1,0,1587340800000,05119,Oberhausen,138,2,136,210829,2735
DE-NW,21-04-2020,RKI,3,3,0,1587427200000,05119,Oberhausen,141,2,139,210829,2735
DE-NW,22-04-2020,RKI,1,1,0,1587513600000,05119,Oberhausen,142,2,140,210829,2735
DE-NW,23-04-2020,RKI,1,1,0,1587600000000,05119,Oberhausen,143,2,141,210829,2735
DE-NW,24-04-2020,RKI,0,0,0,1587686400000,05119,Oberhausen,143,2,141,210829,2735
DE-NW,25-04-2020,RKI,0,0,0,1587772800000,05119,Oberhausen,143,2,141,210829,2735
DE-NW,26-04-2020,RKI,0,0,0,1587859200000,05119,Oberhausen,143,2,141,210829,2735
DE-NW,27-04-2020,RKI,1,1,0,1587945600000,05119,Oberhausen,144,2,142,210829,2735
DE-NW,28-04-2020,RKI,1,1,0,1588032000000,05119,Oberhausen,145,2,143,210829,2735
DE-NW,29-04-2020,RKI,0,0,0,1588118400000,05119,Oberhausen,145,2,143,210829,2735
DE-NW,30-04-2020,RKI,6,6,0,1588204800000,05119,Oberhausen,151,2,149,210829,2735
DE-NW,01-05-2020,RKI,17,15,2,1588291200000,05119,Oberhausen,168,4,164,210829,2735
DE-NW,02-05-2020,RKI,10,9,1,1588377600000,05119,Oberhausen,178,5,173,210829,2735
DE-NW,05-05-2020,RKI,4,3,1,1588636800000,05119,Oberhausen,182,6,176,210829,2735
DE-NW,06-05-2020,RKI,0,0,0,1588723200000,05119,Oberhausen,182,6,176,210829,2735
DE-NW,07-05-2020,RKI,8,8,0,1588809600000,05119,Oberhausen,190,6,184,210829,2735
DE-NW,08-05-2020,RKI,0,0,0,1588896000000,05119,Oberhausen,190,6,184,210829,2735
DE-NW,09-05-2020,RKI,1,1,0,1588982400000,05119,Oberhausen,191,6,185,210829,2735
DE-NW,10-05-2020,RKI,0,0,0,1589068800000,05119,Oberhausen,191,6,185,210829,2735
DE-NW,11-05-2020,RKI,1,1,0,1589155200000,05119,Oberhausen,192,6,186,210829,2735
DE-NW,12-05-2020,RKI,1,1,0,1589241600000,05119,Oberhausen,193,6,187,210829,2735
DE-NW,13-05-2020,RKI,2,1,1,1589328000000,05119,Oberhausen,195,7,188,210829,2735
DE-NW,14-05-2020,RKI,0,0,0,1589414400000,05119,Oberhausen,195,7,188,210829,2735
DE-NW,20-05-2020,RKI,1,1,0,1589932800000,05119,Oberhausen,196,7,189,210829,2735
DE-NW,21-05-2020,RKI,0,0,0,1590019200000,05119,Oberhausen,196,7,189,210829,2735
DE-NW,25-05-2020,RKI,0,0,0,1590364800000,05119,Oberhausen,196,7,189,210829,2735
DE-NW,27-05-2020,RKI,0,0,0,1590537600000,05119,Oberhausen,196,7,189,210829,2735
DE-NW,28-05-2020,RKI,0,0,0,1590624000000,05119,Oberhausen,196,7,189,210829,2735
DE-NW,02-06-2020,RKI,0,0,0,1591056000000,05119,Oberhausen,196,7,189,210829,2735
DE-NW,03-06-2020,RKI,1,0,0,1591142400000,05119,Oberhausen,197,7,189,210829,2735
DE-NW,04-06-2020,RKI,1,0,0,1591228800000,05119,Oberhausen,198,7,189,210829,2735
DE-NW,11-03-2020,RKI,0,0,0,1583884800000,05120,Remscheid,3,0,3,110994,1490
DE-NW,12-03-2020,RKI,1,1,0,1583971200000,05120,Remscheid,4,0,4,110994,1490
DE-NW,14-03-2020,RKI,0,0,0,1584144000000,05120,Remscheid,4,0,4,110994,1490
DE-NW,16-03-2020,RKI,0,0,0,1584316800000,05120,Remscheid,4,0,4,110994,1490
DE-NW,17-03-2020,RKI,1,1,0,1584403200000,05120,Remscheid,5,0,5,110994,1490
DE-NW,18-03-2020,RKI,1,1,0,1584489600000,05120,Remscheid,6,0,6,110994,1490
DE-NW,19-03-2020,RKI,6,6,0,1584576000000,05120,Remscheid,12,0,12,110994,1490
DE-NW,20-03-2020,RKI,0,0,0,1584662400000,05120,Remscheid,12,0,12,110994,1490
DE-NW,22-03-2020,RKI,10,10,0,1584835200000,05120,Remscheid,22,0,22,110994,1490
DE-NW,23-03-2020,RKI,0,0,0,1584921600000,05120,Remscheid,22,0,22,110994,1490
DE-NW,24-03-2020,RKI,0,0,0,1585008000000,05120,Remscheid,22,0,22,110994,1490
DE-NW,25-03-2020,RKI,4,4,0,1585094400000,05120,Remscheid,26,0,26,110994,1490
DE-NW,26-03-2020,RKI,3,3,0,1585180800000,05120,Remscheid,29,0,29,110994,1490
DE-NW,27-03-2020,RKI,8,7,1,1585267200000,05120,Remscheid,37,1,36,110994,1490
DE-NW,28-03-2020,RKI,4,4,0,1585353600000,05120,Remscheid,41,1,40,110994,1490
DE-NW,30-03-2020,RKI,1,0,1,1585526400000,05120,Remscheid,42,2,40,110994,1490
DE-NW,31-03-2020,RKI,7,7,0,1585612800000,05120,Remscheid,49,2,47,110994,1490
DE-NW,01-04-2020,RKI,10,9,1,1585699200000,05120,Remscheid,59,3,56,110994,1490
DE-NW,02-04-2020,RKI,7,7,0,1585785600000,05120,Remscheid,66,3,63,110994,1490
DE-NW,03-04-2020,RKI,2,2,0,1585872000000,05120,Remscheid,68,3,65,110994,1490
DE-NW,05-04-2020,RKI,6,5,1,1586044800000,05120,Remscheid,74,4,70,110994,1490
DE-NW,06-04-2020,RKI,5,5,0,1586131200000,05120,Remscheid,79,4,75,110994,1490
DE-NW,07-04-2020,RKI,8,8,0,1586217600000,05120,Remscheid,87,4,83,110994,1490
DE-NW,08-04-2020,RKI,3,3,0,1586304000000,05120,Remscheid,90,4,86,110994,1490
DE-NW,09-04-2020,RKI,28,24,4,1586390400000,05120,Remscheid,118,8,110,110994,1490
DE-NW,10-04-2020,RKI,14,11,3,1586476800000,05120,Remscheid,132,11,121,110994,1490
DE-NW,11-04-2020,RKI,2,1,1,1586563200000,05120,Remscheid,134,12,122,110994,1490
DE-NW,12-04-2020,RKI,0,0,0,1586649600000,05120,Remscheid,134,12,122,110994,1490
DE-NW,13-04-2020,RKI,0,0,0,1586736000000,05120,Remscheid,134,12,122,110994,1490
DE-NW,14-04-2020,RKI,3,3,0,1586822400000,05120,Remscheid,137,12,125,110994,1490
DE-NW,15-04-2020,RKI,11,10,1,1586908800000,05120,Remscheid,148,13,135,110994,1490
DE-NW,16-04-2020,RKI,7,7,0,1586995200000,05120,Remscheid,155,13,142,110994,1490
DE-NW,17-04-2020,RKI,5,5,0,1587081600000,05120,Remscheid,160,13,147,110994,1490
DE-NW,18-04-2020,RKI,1,1,0,1587168000000,05120,Remscheid,161,13,148,110994,1490
DE-NW,19-04-2020,RKI,0,0,0,1587254400000,05120,Remscheid,161,13,148,110994,1490
DE-NW,20-04-2020,RKI,2,2,0,1587340800000,05120,Remscheid,163,13,150,110994,1490
DE-NW,21-04-2020,RKI,2,2,0,1587427200000,05120,Remscheid,165,13,152,110994,1490
DE-NW,22-04-2020,RKI,1,1,0,1587513600000,05120,Remscheid,166,13,153,110994,1490
DE-NW,23-04-2020,RKI,3,3,0,1587600000000,05120,Remscheid,169,13,156,110994,1490
DE-NW,24-04-2020,RKI,0,0,0,1587686400000,05120,Remscheid,169,13,156,110994,1490
DE-NW,28-04-2020,RKI,1,1,0,1588032000000,05120,Remscheid,170,13,157,110994,1490
DE-NW,01-05-2020,RKI,0,0,0,1588291200000,05120,Remscheid,170,13,157,110994,1490
DE-NW,05-05-2020,RKI,1,0,1,1588636800000,05120,Remscheid,171,14,157,110994,1490
DE-NW,06-05-2020,RKI,2,2,0,1588723200000,05120,Remscheid,173,14,159,110994,1490
DE-NW,07-05-2020,RKI,1,1,0,1588809600000,05120,Remscheid,174,14,160,110994,1490
DE-NW,08-05-2020,RKI,1,1,0,1588896000000,05120,Remscheid,175,14,161,110994,1490
DE-NW,11-05-2020,RKI,0,0,0,1589155200000,05120,Remscheid,175,14,161,110994,1490
DE-NW,12-05-2020,RKI,1,0,1,1589241600000,05120,Remscheid,176,15,161,110994,1490
DE-NW,13-05-2020,RKI,1,1,0,1589328000000,05120,Remscheid,177,15,162,110994,1490
DE-NW,14-05-2020,RKI,4,1,0,1589414400000,05120,Remscheid,181,15,163,110994,1490
DE-NW,16-05-2020,RKI,0,0,0,1589587200000,05120,Remscheid,181,15,163,110994,1490
DE-NW,22-05-2020,RKI,1,1,0,1590105600000,05120,Remscheid,182,15,164,110994,1490
DE-NW,26-05-2020,RKI,0,0,0,1590451200000,05120,Remscheid,182,15,164,110994,1490
DE-NW,27-05-2020,RKI,0,0,0,1590537600000,05120,Remscheid,182,15,164,110994,1490
DE-NW,29-05-2020,RKI,0,0,0,1590710400000,05120,Remscheid,182,15,164,110994,1490
DE-NW,30-05-2020,RKI,0,0,0,1590796800000,05120,Remscheid,182,15,164,110994,1490
DE-NW,12-03-2020,RKI,1,1,0,1583971200000,05122,Solingen,3,0,3,159360,1780
DE-NW,14-03-2020,RKI,1,1,0,1584144000000,05122,Solingen,4,0,4,159360,1780
DE-NW,15-03-2020,RKI,0,0,0,1584230400000,05122,Solingen,4,0,4,159360,1780
DE-NW,16-03-2020,RKI,1,1,0,1584316800000,05122,Solingen,5,0,5,159360,1780
DE-NW,17-03-2020,RKI,10,10,0,1584403200000,05122,Solingen,15,0,15,159360,1780
DE-NW,18-03-2020,RKI,2,2,0,1584489600000,05122,Solingen,17,0,17,159360,1780
DE-NW,19-03-2020,RKI,11,11,0,1584576000000,05122,Solingen,28,0,28,159360,1780
DE-NW,20-03-2020,RKI,2,2,0,1584662400000,05122,Solingen,30,0,30,159360,1780
DE-NW,21-03-2020,RKI,0,0,0,1584748800000,05122,Solingen,30,0,30,159360,1780
DE-NW,22-03-2020,RKI,3,3,0,1584835200000,05122,Solingen,33,0,33,159360,1780
DE-NW,23-03-2020,RKI,3,3,0,1584921600000,05122,Solingen,36,0,36,159360,1780
DE-NW,24-03-2020,RKI,5,5,0,1585008000000,05122,Solingen,41,0,41,159360,1780
DE-NW,25-03-2020,RKI,10,10,0,1585094400000,05122,Solingen,51,0,51,159360,1780
DE-NW,26-03-2020,RKI,7,5,2,1585180800000,05122,Solingen,58,2,56,159360,1780
DE-NW,27-03-2020,RKI,8,8,0,1585267200000,05122,Solingen,66,2,64,159360,1780
DE-NW,28-03-2020,RKI,5,5,0,1585353600000,05122,Solingen,71,2,69,159360,1780
DE-NW,29-03-2020,RKI,6,5,1,1585440000000,05122,Solingen,77,3,74,159360,1780
DE-NW,30-03-2020,RKI,5,5,0,1585526400000,05122,Solingen,82,3,79,159360,1780
DE-NW,31-03-2020,RKI,6,6,0,1585612800000,05122,Solingen,88,3,85,159360,1780
DE-NW,01-04-2020,RKI,4,3,1,1585699200000,05122,Solingen,92,4,88,159360,1780
DE-NW,02-04-2020,RKI,11,11,0,1585785600000,05122,Solingen,103,4,99,159360,1780
DE-NW,03-04-2020,RKI,10,10,0,1585872000000,05122,Solingen,113,4,109,159360,1780
DE-NW,04-04-2020,RKI,0,0,0,1585958400000,05122,Solingen,113,4,109,159360,1780
DE-NW,05-04-2020,RKI,1,1,0,1586044800000,05122,Solingen,114,4,110,159360,1780
DE-NW,06-04-2020,RKI,9,9,0,1586131200000,05122,Solingen,123,4,119,159360,1780
DE-NW,07-04-2020,RKI,3,2,1,1586217600000,05122,Solingen,126,5,121,159360,1780
DE-NW,08-04-2020,RKI,0,0,0,1586304000000,05122,Solingen,126,5,121,159360,1780
DE-NW,09-04-2020,RKI,6,6,0,1586390400000,05122,Solingen,132,5,127,159360,1780
DE-NW,10-04-2020,RKI,4,3,1,1586476800000,05122,Solingen,136,6,130,159360,1780
DE-NW,11-04-2020,RKI,5,5,0,1586563200000,05122,Solingen,141,6,135,159360,1780
DE-NW,12-04-2020,RKI,3,3,0,1586649600000,05122,Solingen,144,6,138,159360,1780
DE-NW,13-04-2020,RKI,6,5,1,1586736000000,05122,Solingen,150,7,143,159360,1780
DE-NW,14-04-2020,RKI,5,5,0,1586822400000,05122,Solingen,155,7,148,159360,1780
DE-NW,15-04-2020,RKI,1,1,0,1586908800000,05122,Solingen,156,7,149,159360,1780
DE-NW,16-04-2020,RKI,6,6,0,1586995200000,05122,Solingen,162,7,155,159360,1780
DE-NW,17-04-2020,RKI,3,3,0,1587081600000,05122,Solingen,165,7,158,159360,1780
DE-NW,18-04-2020,RKI,4,4,0,1587168000000,05122,Solingen,169,7,162,159360,1780
DE-NW,20-04-2020,RKI,3,2,1,1587340800000,05122,Solingen,172,8,164,159360,1780
DE-NW,21-04-2020,RKI,4,4,0,1587427200000,05122,Solingen,176,8,168,159360,1780
DE-NW,22-04-2020,RKI,2,2,0,1587513600000,05122,Solingen,178,8,170,159360,1780
DE-NW,23-04-2020,RKI,1,1,0,1587600000000,05122,Solingen,179,8,171,159360,1780
DE-NW,24-04-2020,RKI,1,1,0,1587686400000,05122,Solingen,180,8,172,159360,1780
DE-NW,27-04-2020,RKI,0,0,0,1587945600000,05122,Solingen,180,8,172,159360,1780
DE-NW,28-04-2020,RKI,1,1,0,1588032000000,05122,Solingen,181,8,173,159360,1780
DE-NW,30-04-2020,RKI,0,0,0,1588204800000,05122,Solingen,181,8,173,159360,1780
DE-NW,04-05-2020,RKI,0,0,0,1588550400000,05122,Solingen,181,8,173,159360,1780
DE-NW,05-05-2020,RKI,0,0,0,1588636800000,05122,Solingen,181,8,173,159360,1780
DE-NW,06-05-2020,RKI,1,1,0,1588723200000,05122,Solingen,182,8,174,159360,1780
DE-NW,07-05-2020,RKI,0,0,0,1588809600000,05122,Solingen,182,8,174,159360,1780
DE-NW,09-05-2020,RKI,0,0,0,1588982400000,05122,Solingen,182,8,174,159360,1780
DE-NW,12-05-2020,RKI,1,0,0,1589241600000,05122,Solingen,183,8,174,159360,1780
DE-NW,13-05-2020,RKI,2,1,0,1589328000000,05122,Solingen,185,8,175,159360,1780
DE-NW,14-05-2020,RKI,0,0,0,1589414400000,05122,Solingen,185,8,175,159360,1780
DE-NW,15-05-2020,RKI,2,2,0,1589500800000,05122,Solingen,187,8,177,159360,1780
DE-NW,22-05-2020,RKI,2,0,0,1590105600000,05122,Solingen,189,8,177,159360,1780
DE-NW,27-05-2020,RKI,1,1,0,1590537600000,05122,Solingen,190,8,178,159360,1780
DE-NW,30-05-2020,RKI,4,0,0,1590796800000,05122,Solingen,194,8,178,159360,1780
DE-NW,03-06-2020,RKI,0,0,0,1591142400000,05122,Solingen,194,8,178,159360,1780
DE-NW,12-03-2020,RKI,1,1,0,1583971200000,05124,Wuppertal,1,0,1,354382,2105
DE-NW,13-03-2020,RKI,4,4,0,1584057600000,05124,Wuppertal,5,0,5,354382,2105
DE-NW,14-03-2020,RKI,6,6,0,1584144000000,05124,Wuppertal,11,0,11,354382,2105
DE-NW,15-03-2020,RKI,0,0,0,1584230400000,05124,Wuppertal,11,0,11,354382,2105
DE-NW,16-03-2020,RKI,7,7,0,1584316800000,05124,Wuppertal,18,0,18,354382,2105
DE-NW,17-03-2020,RKI,12,11,1,1584403200000,05124,Wuppertal,30,1,29,354382,2105
DE-NW,18-03-2020,RKI,11,10,1,1584489600000,05124,Wuppertal,41,2,39,354382,2105
DE-NW,19-03-2020,RKI,19,18,1,1584576000000,05124,Wuppertal,60,3,57,354382,2105
DE-NW,20-03-2020,RKI,1,1,0,1584662400000,05124,Wuppertal,61,3,58,354382,2105
DE-NW,21-03-2020,RKI,1,1,0,1584748800000,05124,Wuppertal,62,3,59,354382,2105
DE-NW,22-03-2020,RKI,17,16,1,1584835200000,05124,Wuppertal,79,4,75,354382,2105
DE-NW,23-03-2020,RKI,10,10,0,1584921600000,05124,Wuppertal,89,4,85,354382,2105
DE-NW,24-03-2020,RKI,13,11,2,1585008000000,05124,Wuppertal,102,6,96,354382,2105
DE-NW,25-03-2020,RKI,18,17,1,1585094400000,05124,Wuppertal,120,7,113,354382,2105
DE-NW,26-03-2020,RKI,18,18,0,1585180800000,05124,Wuppertal,138,7,131,354382,2105
DE-NW,27-03-2020,RKI,21,20,1,1585267200000,05124,Wuppertal,159,8,151,354382,2105
DE-NW,28-03-2020,RKI,7,7,0,1585353600000,05124,Wuppertal,166,8,158,354382,2105
DE-NW,29-03-2020,RKI,0,0,0,1585440000000,05124,Wuppertal,166,8,158,354382,2105
DE-NW,30-03-2020,RKI,9,8,1,1585526400000,05124,Wuppertal,175,9,166,354382,2105
DE-NW,31-03-2020,RKI,42,41,1,1585612800000,05124,Wuppertal,217,10,207,354382,2105
DE-NW,01-04-2020,RKI,12,10,2,1585699200000,05124,Wuppertal,229,12,217,354382,2105
DE-NW,02-04-2020,RKI,19,18,1,1585785600000,05124,Wuppertal,248,13,235,354382,2105
DE-NW,03-04-2020,RKI,7,6,1,1585872000000,05124,Wuppertal,255,14,241,354382,2105
DE-NW,04-04-2020,RKI,19,17,2,1585958400000,05124,Wuppertal,274,16,258,354382,2105
DE-NW,05-04-2020,RKI,9,5,4,1586044800000,05124,Wuppertal,283,20,263,354382,2105
DE-NW,06-04-2020,RKI,32,29,3,1586131200000,05124,Wuppertal,315,23,292,354382,2105
DE-NW,07-04-2020,RKI,16,16,0,1586217600000,05124,Wuppertal,331,23,308,354382,2105
DE-NW,08-04-2020,RKI,65,59,6,1586304000000,05124,Wuppertal,396,29,367,354382,2105
DE-NW,09-04-2020,RKI,25,24,1,1586390400000,05124,Wuppertal,421,30,391,354382,2105
DE-NW,10-04-2020,RKI,17,16,1,1586476800000,05124,Wuppertal,438,31,407,354382,2105
DE-NW,11-04-2020,RKI,14,14,0,1586563200000,05124,Wuppertal,452,31,421,354382,2105
DE-NW,12-04-2020,RKI,11,9,2,1586649600000,05124,Wuppertal,463,33,430,354382,2105
DE-NW,13-04-2020,RKI,5,4,1,1586736000000,05124,Wuppertal,468,34,434,354382,2105
DE-NW,14-04-2020,RKI,6,5,1,1586822400000,05124,Wuppertal,474,35,439,354382,2105
DE-NW,15-04-2020,RKI,15,14,1,1586908800000,05124,Wuppertal,489,36,453,354382,2105
DE-NW,16-04-2020,RKI,17,17,0,1586995200000,05124,Wuppertal,506,36,470,354382,2105
DE-NW,17-04-2020,RKI,20,20,0,1587081600000,05124,Wuppertal,526,36,490,354382,2105
DE-NW,18-04-2020,RKI,15,15,0,1587168000000,05124,Wuppertal,541,36,505,354382,2105
DE-NW,19-04-2020,RKI,8,8,0,1587254400000,05124,Wuppertal,549,36,513,354382,2105
DE-NW,20-04-2020,RKI,21,19,2,1587340800000,05124,Wuppertal,570,38,532,354382,2105
DE-NW,21-04-2020,RKI,15,12,3,1587427200000,05124,Wuppertal,585,41,544,354382,2105
DE-NW,22-04-2020,RKI,4,4,0,1587513600000,05124,Wuppertal,589,41,548,354382,2105
DE-NW,23-04-2020,RKI,4,4,0,1587600000000,05124,Wuppertal,593,41,552,354382,2105
DE-NW,24-04-2020,RKI,3,3,0,1587686400000,05124,Wuppertal,596,41,555,354382,2105
DE-NW,25-04-2020,RKI,10,10,0,1587772800000,05124,Wuppertal,606,41,565,354382,2105
DE-NW,26-04-2020,RKI,3,3,0,1587859200000,05124,Wuppertal,609,41,568,354382,2105
DE-NW,27-04-2020,RKI,7,7,0,1587945600000,05124,Wuppertal,616,41,575,354382,2105
DE-NW,28-04-2020,RKI,5,5,0,1588032000000,05124,Wuppertal,621,41,580,354382,2105
DE-NW,29-04-2020,RKI,6,6,0,1588118400000,05124,Wuppertal,627,41,586,354382,2105
DE-NW,30-04-2020,RKI,2,2,0,1588204800000,05124,Wuppertal,629,41,588,354382,2105
DE-NW,01-05-2020,RKI,4,4,0,1588291200000,05124,Wuppertal,633,41,592,354382,2105
DE-NW,02-05-2020,RKI,5,5,0,1588377600000,05124,Wuppertal,638,41,597,354382,2105
DE-NW,03-05-2020,RKI,0,0,0,1588464000000,05124,Wuppertal,638,41,597,354382,2105
DE-NW,04-05-2020,RKI,4,4,0,1588550400000,05124,Wuppertal,642,41,601,354382,2105
DE-NW,05-05-2020,RKI,10,10,0,1588636800000,05124,Wuppertal,652,41,611,354382,2105
DE-NW,06-05-2020,RKI,5,5,0,1588723200000,05124,Wuppertal,657,41,616,354382,2105
DE-NW,07-05-2020,RKI,5,5,0,1588809600000,05124,Wuppertal,662,41,621,354382,2105
DE-NW,08-05-2020,RKI,1,1,0,1588896000000,05124,Wuppertal,663,41,622,354382,2105
DE-NW,09-05-2020,RKI,4,3,1,1588982400000,05124,Wuppertal,667,42,625,354382,2105
DE-NW,10-05-2020,RKI,1,1,0,1589068800000,05124,Wuppertal,668,42,626,354382,2105
DE-NW,11-05-2020,RKI,6,6,0,1589155200000,05124,Wuppertal,674,42,632,354382,2105
DE-NW,12-05-2020,RKI,4,0,0,1589241600000,05124,Wuppertal,678,42,632,354382,2105
DE-NW,13-05-2020,RKI,0,0,0,1589328000000,05124,Wuppertal,678,42,632,354382,2105
DE-NW,14-05-2020,RKI,8,8,0,1589414400000,05124,Wuppertal,686,42,640,354382,2105
DE-NW,15-05-2020,RKI,6,3,0,1589500800000,05124,Wuppertal,692,42,643,354382,2105
DE-NW,16-05-2020,RKI,0,0,0,1589587200000,05124,Wuppertal,692,42,643,354382,2105
DE-NW,17-05-2020,RKI,3,2,1,1589673600000,05124,Wuppertal,695,43,645,354382,2105
DE-NW,19-05-2020,RKI,6,2,0,1589846400000,05124,Wuppertal,701,43,647,354382,2105
DE-NW,20-05-2020,RKI,0,0,0,1589932800000,05124,Wuppertal,701,43,647,354382,2105
DE-NW,22-05-2020,RKI,0,0,0,1590105600000,05124,Wuppertal,701,43,647,354382,2105
DE-NW,23-05-2020,RKI,0,0,0,1590192000000,05124,Wuppertal,701,43,647,354382,2105
DE-NW,25-05-2020,RKI,4,2,0,1590364800000,05124,Wuppertal,705,43,649,354382,2105
DE-NW,26-05-2020,RKI,4,0,0,1590451200000,05124,Wuppertal,709,43,649,354382,2105
DE-NW,27-05-2020,RKI,2,0,0,1590537600000,05124,Wuppertal,711,43,649,354382,2105
DE-NW,28-05-2020,RKI,1,1,0,1590624000000,05124,Wuppertal,712,43,650,354382,2105
DE-NW,29-05-2020,RKI,4,0,0,1590710400000,05124,Wuppertal,716,43,650,354382,2105
DE-NW,30-05-2020,RKI,0,0,0,1590796800000,05124,Wuppertal,716,43,650,354382,2105
DE-NW,31-05-2020,RKI,0,0,0,1590883200000,05124,Wuppertal,716,43,650,354382,2105
DE-NW,02-06-2020,RKI,1,0,0,1591056000000,05124,Wuppertal,717,43,650,354382,2105
DE-RP,05-03-2020,RKI,0,0,0,1583366400000,07111,Koblenz,0,0,0,114024,1085
DE-RP,08-03-2020,RKI,2,2,0,1583625600000,07111,Koblenz,2,0,2,114024,1085
DE-RP,10-03-2020,RKI,1,1,0,1583798400000,07111,Koblenz,3,0,3,114024,1085
DE-RP,11-03-2020,RKI,0,0,0,1583884800000,07111,Koblenz,3,0,3,114024,1085
DE-RP,12-03-2020,RKI,2,2,0,1583971200000,07111,Koblenz,5,0,5,114024,1085
DE-RP,14-03-2020,RKI,0,0,0,1584144000000,07111,Koblenz,5,0,5,114024,1085
DE-RP,15-03-2020,RKI,7,7,0,1584230400000,07111,Koblenz,12,0,12,114024,1085
DE-RP,16-03-2020,RKI,8,8,0,1584316800000,07111,Koblenz,20,0,20,114024,1085
DE-RP,17-03-2020,RKI,6,6,0,1584403200000,07111,Koblenz,26,0,26,114024,1085
DE-RP,18-03-2020,RKI,3,3,0,1584489600000,07111,Koblenz,29,0,29,114024,1085
DE-RP,19-03-2020,RKI,6,6,0,1584576000000,07111,Koblenz,35,0,35,114024,1085
DE-RP,20-03-2020,RKI,8,8,0,1584662400000,07111,Koblenz,43,0,43,114024,1085
DE-RP,21-03-2020,RKI,6,6,0,1584748800000,07111,Koblenz,49,0,49,114024,1085
DE-RP,22-03-2020,RKI,7,7,0,1584835200000,07111,Koblenz,56,0,56,114024,1085
DE-RP,23-03-2020,RKI,7,7,0,1584921600000,07111,Koblenz,63,0,63,114024,1085
DE-RP,24-03-2020,RKI,20,19,1,1585008000000,07111,Koblenz,83,1,82,114024,1085
DE-RP,25-03-2020,RKI,4,2,2,1585094400000,07111,Koblenz,87,3,84,114024,1085
DE-RP,26-03-2020,RKI,3,3,0,1585180800000,07111,Koblenz,90,3,87,114024,1085
DE-RP,27-03-2020,RKI,10,8,2,1585267200000,07111,Koblenz,100,5,95,114024,1085
DE-RP,28-03-2020,RKI,4,3,1,1585353600000,07111,Koblenz,104,6,98,114024,1085
DE-RP,29-03-2020,RKI,1,1,0,1585440000000,07111,Koblenz,105,6,99,114024,1085
DE-RP,30-03-2020,RKI,3,3,0,1585526400000,07111,Koblenz,108,6,102,114024,1085
DE-RP,31-03-2020,RKI,6,4,2,1585612800000,07111,Koblenz,114,8,106,114024,1085
DE-RP,01-04-2020,RKI,3,3,0,1585699200000,07111,Koblenz,117,8,109,114024,1085
DE-RP,02-04-2020,RKI,3,3,0,1585785600000,07111,Koblenz,120,8,112,114024,1085
DE-RP,03-04-2020,RKI,10,8,2,1585872000000,07111,Koblenz,130,10,120,114024,1085
DE-RP,04-04-2020,RKI,0,0,0,1585958400000,07111,Koblenz,130,10,120,114024,1085
DE-RP,05-04-2020,RKI,6,6,0,1586044800000,07111,Koblenz,136,10,126,114024,1085
DE-RP,06-04-2020,RKI,11,9,2,1586131200000,07111,Koblenz,147,12,135,114024,1085
DE-RP,07-04-2020,RKI,13,12,1,1586217600000,07111,Koblenz,160,13,147,114024,1085
DE-RP,08-04-2020,RKI,1,1,0,1586304000000,07111,Koblenz,161,13,148,114024,1085
DE-RP,09-04-2020,RKI,6,6,0,1586390400000,07111,Koblenz,167,13,154,114024,1085
DE-RP,10-04-2020,RKI,5,5,0,1586476800000,07111,Koblenz,172,13,159,114024,1085
DE-RP,11-04-2020,RKI,1,1,0,1586563200000,07111,Koblenz,173,13,160,114024,1085
DE-RP,12-04-2020,RKI,0,0,0,1586649600000,07111,Koblenz,173,13,160,114024,1085
DE-RP,13-04-2020,RKI,1,1,0,1586736000000,07111,Koblenz,174,13,161,114024,1085
DE-RP,14-04-2020,RKI,3,0,3,1586822400000,07111,Koblenz,177,16,161,114024,1085
DE-RP,15-04-2020,RKI,4,4,0,1586908800000,07111,Koblenz,181,16,165,114024,1085
DE-RP,17-04-2020,RKI,1,1,0,1587081600000,07111,Koblenz,182,16,166,114024,1085
DE-RP,18-04-2020,RKI,4,3,1,1587168000000,07111,Koblenz,186,17,169,114024,1085
DE-RP,19-04-2020,RKI,1,1,0,1587254400000,07111,Koblenz,187,17,170,114024,1085
DE-RP,20-04-2020,RKI,1,1,0,1587340800000,07111,Koblenz,188,17,171,114024,1085
DE-RP,21-04-2020,RKI,3,3,0,1587427200000,07111,Koblenz,191,17,174,114024,1085
DE-RP,22-04-2020,RKI,0,0,0,1587513600000,07111,Koblenz,191,17,174,114024,1085
DE-RP,23-04-2020,RKI,1,1,0,1587600000000,07111,Koblenz,192,17,175,114024,1085
DE-RP,24-04-2020,RKI,2,2,0,1587686400000,07111,Koblenz,194,17,177,114024,1085
DE-RP,25-04-2020,RKI,2,2,0,1587772800000,07111,Koblenz,196,17,179,114024,1085
DE-RP,26-04-2020,RKI,3,3,0,1587859200000,07111,Koblenz,199,17,182,114024,1085
DE-RP,29-04-2020,RKI,3,3,0,1588118400000,07111,Koblenz,202,17,185,114024,1085
DE-RP,02-05-2020,RKI,0,0,0,1588377600000,07111,Koblenz,202,17,185,114024,1085
DE-RP,05-05-2020,RKI,0,0,0,1588636800000,07111,Koblenz,202,17,185,114024,1085
DE-RP,13-03-2020,RKI,2,2,0,1584057600000,07131,Ahrweiler,7,0,7,129727,165
DE-RP,14-03-2020,RKI,0,0,0,1584144000000,07131,Ahrweiler,7,0,7,129727,165
DE-RP,16-03-2020,RKI,2,2,0,1584316800000,07131,Ahrweiler,9,0,9,129727,165
DE-RP,17-03-2020,RKI,4,4,0,1584403200000,07131,Ahrweiler,13,0,13,129727,165
DE-RP,18-03-2020,RKI,7,7,0,1584489600000,07131,Ahrweiler,20,0,20,129727,165
DE-RP,19-03-2020,RKI,6,6,0,1584576000000,07131,Ahrweiler,26,0,26,129727,165
DE-RP,20-03-2020,RKI,5,5,0,1584662400000,07131,Ahrweiler,31,0,31,129727,165
DE-RP,21-03-2020,RKI,2,2,0,1584748800000,07131,Ahrweiler,33,0,33,129727,165
DE-RP,22-03-2020,RKI,0,0,0,1584835200000,07131,Ahrweiler,33,0,33,129727,165
DE-RP,23-03-2020,RKI,3,3,0,1584921600000,07131,Ahrweiler,36,0,36,129727,165
DE-RP,24-03-2020,RKI,1,1,0,1585008000000,07131,Ahrweiler,37,0,37,129727,165
DE-RP,25-03-2020,RKI,4,3,1,1585094400000,07131,Ahrweiler,41,1,40,129727,165
DE-RP,26-03-2020,RKI,1,1,0,1585180800000,07131,Ahrweiler,42,1,41,129727,165
DE-RP,27-03-2020,RKI,3,3,0,1585267200000,07131,Ahrweiler,45,1,44,129727,165
DE-RP,28-03-2020,RKI,2,2,0,1585353600000,07131,Ahrweiler,47,1,46,129727,165
DE-RP,29-03-2020,RKI,1,1,0,1585440000000,07131,Ahrweiler,48,1,47,129727,165
DE-RP,30-03-2020,RKI,2,2,0,1585526400000,07131,Ahrweiler,50,1,49,129727,165
DE-RP,31-03-2020,RKI,4,4,0,1585612800000,07131,Ahrweiler,54,1,53,129727,165
DE-RP,01-04-2020,RKI,2,2,0,1585699200000,07131,Ahrweiler,56,1,55,129727,165
DE-RP,02-04-2020,RKI,4,4,0,1585785600000,07131,Ahrweiler,60,1,59,129727,165
DE-RP,03-04-2020,RKI,2,2,0,1585872000000,07131,Ahrweiler,62,1,61,129727,165
DE-RP,04-04-2020,RKI,4,4,0,1585958400000,07131,Ahrweiler,66,1,65,129727,165
DE-RP,05-04-2020,RKI,2,2,0,1586044800000,07131,Ahrweiler,68,1,67,129727,165
DE-RP,06-04-2020,RKI,6,6,0,1586131200000,07131,Ahrweiler,74,1,73,129727,165
DE-RP,07-04-2020,RKI,0,0,0,1586217600000,07131,Ahrweiler,74,1,73,129727,165
DE-RP,08-04-2020,RKI,2,2,0,1586304000000,07131,Ahrweiler,76,1,75,129727,165
DE-RP,09-04-2020,RKI,0,0,0,1586390400000,07131,Ahrweiler,76,1,75,129727,165
DE-RP,10-04-2020,RKI,3,3,0,1586476800000,07131,Ahrweiler,79,1,78,129727,165
DE-RP,11-04-2020,RKI,0,0,0,1586563200000,07131,Ahrweiler,79,1,78,129727,165
DE-RP,14-04-2020,RKI,0,0,0,1586822400000,07131,Ahrweiler,79,1,78,129727,165
DE-RP,17-04-2020,RKI,0,0,0,1587081600000,07131,Ahrweiler,79,1,78,129727,165
DE-RP,21-04-2020,RKI,0,0,0,1587427200000,07131,Ahrweiler,79,1,78,129727,165
DE-RP,23-04-2020,RKI,1,1,0,1587600000000,07131,Ahrweiler,80,1,79,129727,165
DE-RP,28-04-2020,RKI,2,2,0,1588032000000,07131,Ahrweiler,82,1,81,129727,165
DE-RP,29-04-2020,RKI,1,1,0,1588118400000,07131,Ahrweiler,83,1,82,129727,165
DE-RP,30-04-2020,RKI,1,1,0,1588204800000,07131,Ahrweiler,84,1,83,129727,165
DE-RP,01-05-2020,RKI,1,1,0,1588291200000,07131,Ahrweiler,85,1,84,129727,165
DE-RP,02-05-2020,RKI,8,8,0,1588377600000,07131,Ahrweiler,93,1,92,129727,165
DE-RP,04-05-2020,RKI,0,0,0,1588550400000,07131,Ahrweiler,93,1,92,129727,165
DE-RP,05-05-2020,RKI,0,0,0,1588636800000,07131,Ahrweiler,93,1,92,129727,165
DE-RP,08-05-2020,RKI,1,1,0,1588896000000,07131,Ahrweiler,94,1,93,129727,165
DE-RP,09-05-2020,RKI,3,3,0,1588982400000,07131,Ahrweiler,97,1,96,129727,165
DE-RP,10-05-2020,RKI,5,5,0,1589068800000,07131,Ahrweiler,102,1,101,129727,165
DE-RP,11-05-2020,RKI,3,3,0,1589155200000,07131,Ahrweiler,105,1,104,129727,165
DE-RP,12-05-2020,RKI,0,0,0,1589241600000,07131,Ahrweiler,105,1,104,129727,165
DE-RP,13-05-2020,RKI,0,0,0,1589328000000,07131,Ahrweiler,105,1,104,129727,165
DE-RP,14-05-2020,RKI,1,1,0,1589414400000,07131,Ahrweiler,106,1,105,129727,165
DE-RP,15-05-2020,RKI,1,1,0,1589500800000,07131,Ahrweiler,107,1,106,129727,165
DE-RP,17-05-2020,RKI,11,10,0,1589673600000,07131,Ahrweiler,118,1,116,129727,165
DE-RP,18-05-2020,RKI,1,1,0,1589760000000,07131,Ahrweiler,119,1,117,129727,165
DE-RP,19-05-2020,RKI,0,0,0,1589846400000,07131,Ahrweiler,119,1,117,129727,165
DE-RP,20-05-2020,RKI,0,0,0,1589932800000,07131,Ahrweiler,119,1,117,129727,165
DE-RP,21-05-2020,RKI,1,1,0,1590019200000,07131,Ahrweiler,120,1,118,129727,165
DE-RP,22-05-2020,RKI,0,0,0,1590105600000,07131,Ahrweiler,120,1,118,129727,165
DE-RP,23-05-2020,RKI,0,0,0,1590192000000,07131,Ahrweiler,120,1,118,129727,165
DE-RP,24-05-2020,RKI,0,0,0,1590278400000,07131,Ahrweiler,120,1,118,129727,165
DE-RP,25-05-2020,RKI,0,0,0,1590364800000,07131,Ahrweiler,120,1,118,129727,165
DE-RP,26-05-2020,RKI,0,0,0,1590451200000,07131,Ahrweiler,120,1,118,129727,165
DE-RP,29-05-2020,RKI,1,0,0,1590710400000,07131,Ahrweiler,121,1,118,129727,165
DE-RP,02-06-2020,RKI,0,0,0,1591056000000,07131,Ahrweiler,121,1,118,129727,165
DE-RP,13-03-2020,RKI,0,0,0,1584057600000,07132,Altenkirchen,5,0,5,128705,200
DE-RP,16-03-2020,RKI,6,6,0,1584316800000,07132,Altenkirchen,11,0,11,128705,200
DE-RP,17-03-2020,RKI,1,1,0,1584403200000,07132,Altenkirchen,12,0,12,128705,200
DE-RP,18-03-2020,RKI,0,0,0,1584489600000,07132,Altenkirchen,12,0,12,128705,200
DE-RP,19-03-2020,RKI,1,1,0,1584576000000,07132,Altenkirchen,13,0,13,128705,200
DE-RP,20-03-2020,RKI,0,0,0,1584662400000,07132,Altenkirchen,13,0,13,128705,200
DE-RP,21-03-2020,RKI,2,2,0,1584748800000,07132,Altenkirchen,15,0,15,128705,200
DE-RP,23-03-2020,RKI,3,3,0,1584921600000,07132,Altenkirchen,18,0,18,128705,200
DE-RP,24-03-2020,RKI,3,3,0,1585008000000,07132,Altenkirchen,21,0,21,128705,200
DE-RP,25-03-2020,RKI,2,2,0,1585094400000,07132,Altenkirchen,23,0,23,128705,200
DE-RP,26-03-2020,RKI,2,2,0,1585180800000,07132,Altenkirchen,25,0,25,128705,200
DE-RP,27-03-2020,RKI,6,6,0,1585267200000,07132,Altenkirchen,31,0,31,128705,200
DE-RP,28-03-2020,RKI,4,4,0,1585353600000,07132,Altenkirchen,35,0,35,128705,200
DE-RP,29-03-2020,RKI,1,1,0,1585440000000,07132,Altenkirchen,36,0,36,128705,200
DE-RP,30-03-2020,RKI,2,1,1,1585526400000,07132,Altenkirchen,38,1,37,128705,200
DE-RP,31-03-2020,RKI,1,1,0,1585612800000,07132,Altenkirchen,39,1,38,128705,200
DE-RP,01-04-2020,RKI,4,4,0,1585699200000,07132,Altenkirchen,43,1,42,128705,200
DE-RP,02-04-2020,RKI,0,0,0,1585785600000,07132,Altenkirchen,43,1,42,128705,200
DE-RP,03-04-2020,RKI,1,1,0,1585872000000,07132,Altenkirchen,44,1,43,128705,200
DE-RP,04-04-2020,RKI,0,0,0,1585958400000,07132,Altenkirchen,44,1,43,128705,200
DE-RP,05-04-2020,RKI,1,1,0,1586044800000,07132,Altenkirchen,45,1,44,128705,200
DE-RP,06-04-2020,RKI,7,7,0,1586131200000,07132,Altenkirchen,52,1,51,128705,200
DE-RP,07-04-2020,RKI,1,1,0,1586217600000,07132,Altenkirchen,53,1,52,128705,200
DE-RP,08-04-2020,RKI,10,5,5,1586304000000,07132,Altenkirchen,63,6,57,128705,200
DE-RP,09-04-2020,RKI,3,3,0,1586390400000,07132,Altenkirchen,66,6,60,128705,200
DE-RP,10-04-2020,RKI,4,4,0,1586476800000,07132,Altenkirchen,70,6,64,128705,200
DE-RP,11-04-2020,RKI,5,3,2,1586563200000,07132,Altenkirchen,75,8,67,128705,200
DE-RP,12-04-2020,RKI,1,1,0,1586649600000,07132,Altenkirchen,76,8,68,128705,200
DE-RP,14-04-2020,RKI,5,5,0,1586822400000,07132,Altenkirchen,81,8,73,128705,200
DE-RP,15-04-2020,RKI,1,1,0,1586908800000,07132,Altenkirchen,82,8,74,128705,200
DE-RP,16-04-2020,RKI,9,7,2,1586995200000,07132,Altenkirchen,91,10,81,128705,200
DE-RP,17-04-2020,RKI,0,0,0,1587081600000,07132,Altenkirchen,91,10,81,128705,200
DE-RP,18-04-2020,RKI,6,6,0,1587168000000,07132,Altenkirchen,97,10,87,128705,200
DE-RP,21-04-2020,RKI,0,0,0,1587427200000,07132,Altenkirchen,97,10,87,128705,200
DE-RP,22-04-2020,RKI,7,7,0,1587513600000,07132,Altenkirchen,104,10,94,128705,200
DE-RP,23-04-2020,RKI,0,0,0,1587600000000,07132,Altenkirchen,104,10,94,128705,200
DE-RP,25-04-2020,RKI,0,0,0,1587772800000,07132,Altenkirchen,104,10,94,128705,200
DE-RP,26-04-2020,RKI,1,1,0,1587859200000,07132,Altenkirchen,105,10,95,128705,200
DE-RP,27-04-2020,RKI,1,1,0,1587945600000,07132,Altenkirchen,106,10,96,128705,200
DE-RP,29-04-2020,RKI,2,2,0,1588118400000,07132,Altenkirchen,108,10,98,128705,200
DE-RP,30-04-2020,RKI,1,1,0,1588204800000,07132,Altenkirchen,109,10,99,128705,200
DE-RP,02-05-2020,RKI,0,0,0,1588377600000,07132,Altenkirchen,109,10,99,128705,200
DE-RP,04-05-2020,RKI,0,0,0,1588550400000,07132,Altenkirchen,109,10,99,128705,200
DE-RP,10-05-2020,RKI,0,0,0,1589068800000,07132,Altenkirchen,109,10,99,128705,200
DE-RP,12-05-2020,RKI,0,0,0,1589241600000,07132,Altenkirchen,109,10,99,128705,200
DE-RP,15-05-2020,RKI,2,2,0,1589500800000,07132,Altenkirchen,111,10,101,128705,200
DE-RP,17-05-2020,RKI,0,0,0,1589673600000,07132,Altenkirchen,111,10,101,128705,200
DE-RP,19-05-2020,RKI,3,3,0,1589846400000,07132,Altenkirchen,114,10,104,128705,200
DE-RP,25-05-2020,RKI,0,0,0,1590364800000,07132,Altenkirchen,114,10,104,128705,200
DE-RP,27-05-2020,RKI,0,0,0,1590537600000,07132,Altenkirchen,114,10,104,128705,200
DE-RP,11-03-2020,RKI,6,6,0,1583884800000,07133,Bad Kreuznach,6,0,6,158080,183
DE-RP,12-03-2020,RKI,4,4,0,1583971200000,07133,Bad Kreuznach,10,0,10,158080,183
DE-RP,13-03-2020,RKI,0,0,0,1584057600000,07133,Bad Kreuznach,10,0,10,158080,183
DE-RP,16-03-2020,RKI,6,6,0,1584316800000,07133,Bad Kreuznach,16,0,16,158080,183
DE-RP,18-03-2020,RKI,3,3,0,1584489600000,07133,Bad Kreuznach,19,0,19,158080,183
DE-RP,19-03-2020,RKI,7,7,0,1584576000000,07133,Bad Kreuznach,26,0,26,158080,183
DE-RP,20-03-2020,RKI,10,10,0,1584662400000,07133,Bad Kreuznach,36,0,36,158080,183
DE-RP,23-03-2020,RKI,5,5,0,1584921600000,07133,Bad Kreuznach,41,0,41,158080,183
DE-RP,24-03-2020,RKI,8,8,0,1585008000000,07133,Bad Kreuznach,49,0,49,158080,183
DE-RP,25-03-2020,RKI,3,3,0,1585094400000,07133,Bad Kreuznach,52,0,52,158080,183
DE-RP,26-03-2020,RKI,8,8,0,1585180800000,07133,Bad Kreuznach,60,0,60,158080,183
DE-RP,27-03-2020,RKI,4,4,0,1585267200000,07133,Bad Kreuznach,64,0,64,158080,183
DE-RP,30-03-2020,RKI,12,12,0,1585526400000,07133,Bad Kreuznach,76,0,76,158080,183
DE-RP,31-03-2020,RKI,7,7,0,1585612800000,07133,Bad Kreuznach,83,0,83,158080,183
DE-RP,01-04-2020,RKI,10,9,1,1585699200000,07133,Bad Kreuznach,93,1,92,158080,183
DE-RP,02-04-2020,RKI,6,6,0,1585785600000,07133,Bad Kreuznach,99,1,98,158080,183
DE-RP,03-04-2020,RKI,6,5,1,1585872000000,07133,Bad Kreuznach,105,2,103,158080,183
DE-RP,06-04-2020,RKI,4,4,0,1586131200000,07133,Bad Kreuznach,109,2,107,158080,183
DE-RP,07-04-2020,RKI,4,4,0,1586217600000,07133,Bad Kreuznach,113,2,111,158080,183
DE-RP,08-04-2020,RKI,3,3,0,1586304000000,07133,Bad Kreuznach,116,2,114,158080,183
DE-RP,14-04-2020,RKI,7,7,0,1586822400000,07133,Bad Kreuznach,123,2,121,158080,183
DE-RP,15-04-2020,RKI,4,3,1,1586908800000,07133,Bad Kreuznach,127,3,124,158080,183
DE-RP,16-04-2020,RKI,1,1,0,1586995200000,07133,Bad Kreuznach,128,3,125,158080,183
DE-RP,17-04-2020,RKI,4,4,0,1587081600000,07133,Bad Kreuznach,132,3,129,158080,183
DE-RP,20-04-2020,RKI,4,3,1,1587340800000,07133,Bad Kreuznach,136,4,132,158080,183
DE-RP,21-04-2020,RKI,3,3,0,1587427200000,07133,Bad Kreuznach,139,4,135,158080,183
DE-RP,22-04-2020,RKI,2,1,1,1587513600000,07133,Bad Kreuznach,141,5,136,158080,183
DE-RP,23-04-2020,RKI,1,1,0,1587600000000,07133,Bad Kreuznach,142,5,137,158080,183
DE-RP,24-04-2020,RKI,1,1,0,1587686400000,07133,Bad Kreuznach,143,5,138,158080,183
DE-RP,30-04-2020,RKI,0,0,0,1588204800000,07133,Bad Kreuznach,143,5,138,158080,183
DE-RP,04-05-2020,RKI,1,0,1,1588550400000,07133,Bad Kreuznach,144,6,138,158080,183
DE-RP,05-05-2020,RKI,2,1,1,1588636800000,07133,Bad Kreuznach,146,7,139,158080,183
DE-RP,08-05-2020,RKI,0,0,0,1588896000000,07133,Bad Kreuznach,146,7,139,158080,183
DE-RP,12-05-2020,RKI,0,0,0,1589241600000,07133,Bad Kreuznach,146,7,139,158080,183
DE-RP,13-05-2020,RKI,0,0,0,1589328000000,07133,Bad Kreuznach,146,7,139,158080,183
DE-RP,15-05-2020,RKI,0,0,0,1589500800000,07133,Bad Kreuznach,146,7,139,158080,183
DE-RP,03-06-2020,RKI,1,0,0,1591142400000,07133,Bad Kreuznach,147,7,139,158080,183
DE-RP,17-03-2020,RKI,0,0,0,1584403200000,07134,Birkenfeld,0,0,0,80720,104
DE-RP,18-03-2020,RKI,1,1,0,1584489600000,07134,Birkenfeld,1,0,1,80720,104
DE-RP,19-03-2020,RKI,0,0,0,1584576000000,07134,Birkenfeld,1,0,1,80720,104
DE-RP,20-03-2020,RKI,2,2,0,1584662400000,07134,Birkenfeld,3,0,3,80720,104
DE-RP,22-03-2020,RKI,1,1,0,1584835200000,07134,Birkenfeld,4,0,4,80720,104
DE-RP,23-03-2020,RKI,5,5,0,1584921600000,07134,Birkenfeld,9,0,9,80720,104
DE-RP,24-03-2020,RKI,0,0,0,1585008000000,07134,Birkenfeld,9,0,9,80720,104
DE-RP,25-03-2020,RKI,1,1,0,1585094400000,07134,Birkenfeld,10,0,10,80720,104
DE-RP,26-03-2020,RKI,4,4,0,1585180800000,07134,Birkenfeld,14,0,14,80720,104
DE-RP,27-03-2020,RKI,4,4,0,1585267200000,07134,Birkenfeld,18,0,18,80720,104
DE-RP,28-03-2020,RKI,1,1,0,1585353600000,07134,Birkenfeld,19,0,19,80720,104
DE-RP,29-03-2020,RKI,0,0,0,1585440000000,07134,Birkenfeld,19,0,19,80720,104
DE-RP,30-03-2020,RKI,0,0,0,1585526400000,07134,Birkenfeld,19,0,19,80720,104
DE-RP,01-04-2020,RKI,7,7,0,1585699200000,07134,Birkenfeld,26,0,26,80720,104
DE-RP,02-04-2020,RKI,0,0,0,1585785600000,07134,Birkenfeld,26,0,26,80720,104
DE-RP,03-04-2020,RKI,4,4,0,1585872000000,07134,Birkenfeld,30,0,30,80720,104
DE-RP,04-04-2020,RKI,0,0,0,1585958400000,07134,Birkenfeld,30,0,30,80720,104
DE-RP,06-04-2020,RKI,0,0,0,1586131200000,07134,Birkenfeld,30,0,30,80720,104
DE-RP,07-04-2020,RKI,3,3,0,1586217600000,07134,Birkenfeld,33,0,33,80720,104
DE-RP,09-04-2020,RKI,6,5,1,1586390400000,07134,Birkenfeld,39,1,38,80720,104
DE-RP,10-04-2020,RKI,3,3,0,1586476800000,07134,Birkenfeld,42,1,41,80720,104
DE-RP,12-04-2020,RKI,1,1,0,1586649600000,07134,Birkenfeld,43,1,42,80720,104
DE-RP,14-04-2020,RKI,1,1,0,1586822400000,07134,Birkenfeld,44,1,43,80720,104
DE-RP,16-04-2020,RKI,1,1,0,1586995200000,07134,Birkenfeld,45,1,44,80720,104
DE-RP,17-04-2020,RKI,0,0,0,1587081600000,07134,Birkenfeld,45,1,44,80720,104
DE-RP,18-04-2020,RKI,0,0,0,1587168000000,07134,Birkenfeld,45,1,44,80720,104
DE-RP,19-04-2020,RKI,1,1,0,1587254400000,07134,Birkenfeld,46,1,45,80720,104
DE-RP,20-04-2020,RKI,0,0,0,1587340800000,07134,Birkenfeld,46,1,45,80720,104
DE-RP,22-04-2020,RKI,0,0,0,1587513600000,07134,Birkenfeld,46,1,45,80720,104
DE-RP,23-04-2020,RKI,1,1,0,1587600000000,07134,Birkenfeld,47,1,46,80720,104
DE-RP,27-04-2020,RKI,0,0,0,1587945600000,07134,Birkenfeld,47,1,46,80720,104
DE-RP,28-04-2020,RKI,0,0,0,1588032000000,07134,Birkenfeld,47,1,46,80720,104
DE-RP,02-05-2020,RKI,0,0,0,1588377600000,07134,Birkenfeld,47,1,46,80720,104
DE-RP,14-05-2020,RKI,0,0,0,1589414400000,07134,Birkenfeld,47,1,46,80720,104
DE-RP,18-05-2020,RKI,1,1,0,1589760000000,07134,Birkenfeld,48,1,47,80720,104
DE-RP,19-05-2020,RKI,0,0,0,1589846400000,07134,Birkenfeld,48,1,47,80720,104
DE-RP,25-05-2020,RKI,0,0,0,1590364800000,07134,Birkenfeld,48,1,47,80720,104
DE-RP,02-06-2020,RKI,0,0,0,1591056000000,07134,Birkenfeld,48,1,47,80720,104
DE-RP,13-03-2020,RKI,3,3,0,1584057600000,07135,Cochem-Zell,4,0,4,61587,89
DE-RP,15-03-2020,RKI,16,16,0,1584230400000,07135,Cochem-Zell,20,0,20,61587,89
DE-RP,16-03-2020,RKI,1,1,0,1584316800000,07135,Cochem-Zell,21,0,21,61587,89
DE-RP,17-03-2020,RKI,6,6,0,1584403200000,07135,Cochem-Zell,27,0,27,61587,89
DE-RP,18-03-2020,RKI,1,1,0,1584489600000,07135,Cochem-Zell,28,0,28,61587,89
DE-RP,19-03-2020,RKI,3,3,0,1584576000000,07135,Cochem-Zell,31,0,31,61587,89
DE-RP,20-03-2020,RKI,3,3,0,1584662400000,07135,Cochem-Zell,34,0,34,61587,89
DE-RP,21-03-2020,RKI,2,2,0,1584748800000,07135,Cochem-Zell,36,0,36,61587,89
DE-RP,24-03-2020,RKI,7,7,0,1585008000000,07135,Cochem-Zell,43,0,43,61587,89
DE-RP,25-03-2020,RKI,13,13,0,1585094400000,07135,Cochem-Zell,56,0,56,61587,89
DE-RP,26-03-2020,RKI,3,3,0,1585180800000,07135,Cochem-Zell,59,0,59,61587,89
DE-RP,27-03-2020,RKI,16,16,0,1585267200000,07135,Cochem-Zell,75,0,75,61587,89
DE-RP,28-03-2020,RKI,8,8,0,1585353600000,07135,Cochem-Zell,83,0,83,61587,89
DE-RP,29-03-2020,RKI,1,1,0,1585440000000,07135,Cochem-Zell,84,0,84,61587,89
DE-RP,30-03-2020,RKI,0,0,0,1585526400000,07135,Cochem-Zell,84,0,84,61587,89
DE-RP,31-03-2020,RKI,7,7,0,1585612800000,07135,Cochem-Zell,91,0,91,61587,89
DE-RP,01-04-2020,RKI,3,3,0,1585699200000,07135,Cochem-Zell,94,0,94,61587,89
DE-RP,02-04-2020,RKI,0,0,0,1585785600000,07135,Cochem-Zell,94,0,94,61587,89
DE-RP,03-04-2020,RKI,1,1,0,1585872000000,07135,Cochem-Zell,95,0,95,61587,89
DE-RP,06-04-2020,RKI,1,0,1,1586131200000,07135,Cochem-Zell,96,1,95,61587,89
DE-RP,07-04-2020,RKI,2,2,0,1586217600000,07135,Cochem-Zell,98,1,97,61587,89
DE-RP,09-04-2020,RKI,0,0,0,1586390400000,07135,Cochem-Zell,98,1,97,61587,89
DE-RP,15-04-2020,RKI,0,0,0,1586908800000,07135,Cochem-Zell,98,1,97,61587,89
DE-RP,17-04-2020,RKI,1,1,0,1587081600000,07135,Cochem-Zell,99,1,98,61587,89
DE-RP,21-04-2020,RKI,0,0,0,1587427200000,07135,Cochem-Zell,99,1,98,61587,89
DE-RP,29-04-2020,RKI,0,0,0,1588118400000,07135,Cochem-Zell,99,1,98,61587,89
DE-RP,13-05-2020,RKI,0,0,0,1589328000000,07135,Cochem-Zell,99,1,98,61587,89
DE-RP,27-05-2020,RKI,0,0,0,1590537600000,07135,Cochem-Zell,99,1,98,61587,89
DE-RP,03-06-2020,RKI,1,0,0,1591142400000,07135,Cochem-Zell,100,1,98,61587,89
DE-RP,10-03-2020,RKI,0,0,0,1583798400000,07137,Mayen-Koblenz,0,0,0,214259,262
DE-RP,12-03-2020,RKI,2,2,0,1583971200000,07137,Mayen-Koblenz,2,0,2,214259,262
DE-RP,13-03-2020,RKI,4,4,0,1584057600000,07137,Mayen-Koblenz,6,0,6,214259,262
DE-RP,14-03-2020,RKI,0,0,0,1584144000000,07137,Mayen-Koblenz,6,0,6,214259,262
DE-RP,15-03-2020,RKI,24,23,1,1584230400000,07137,Mayen-Koblenz,30,1,29,214259,262
DE-RP,16-03-2020,RKI,16,16,0,1584316800000,07137,Mayen-Koblenz,46,1,45,214259,262
DE-RP,17-03-2020,RKI,19,18,1,1584403200000,07137,Mayen-Koblenz,65,2,63,214259,262
DE-RP,18-03-2020,RKI,18,18,0,1584489600000,07137,Mayen-Koblenz,83,2,81,214259,262
DE-RP,19-03-2020,RKI,10,10,0,1584576000000,07137,Mayen-Koblenz,93,2,91,214259,262
DE-RP,20-03-2020,RKI,2,2,0,1584662400000,07137,Mayen-Koblenz,95,2,93,214259,262
DE-RP,21-03-2020,RKI,12,12,0,1584748800000,07137,Mayen-Koblenz,107,2,105,214259,262
DE-RP,22-03-2020,RKI,10,10,0,1584835200000,07137,Mayen-Koblenz,117,2,115,214259,262
DE-RP,23-03-2020,RKI,13,13,0,1584921600000,07137,Mayen-Koblenz,130,2,128,214259,262
DE-RP,24-03-2020,RKI,12,12,0,1585008000000,07137,Mayen-Koblenz,142,2,140,214259,262
DE-RP,25-03-2020,RKI,5,5,0,1585094400000,07137,Mayen-Koblenz,147,2,145,214259,262
DE-RP,26-03-2020,RKI,8,8,0,1585180800000,07137,Mayen-Koblenz,155,2,153,214259,262
DE-RP,27-03-2020,RKI,12,12,0,1585267200000,07137,Mayen-Koblenz,167,2,165,214259,262
DE-RP,28-03-2020,RKI,6,6,0,1585353600000,07137,Mayen-Koblenz,173,2,171,214259,262
DE-RP,29-03-2020,RKI,5,5,0,1585440000000,07137,Mayen-Koblenz,178,2,176,214259,262
DE-RP,30-03-2020,RKI,10,9,1,1585526400000,07137,Mayen-Koblenz,188,3,185,214259,262
DE-RP,31-03-2020,RKI,10,9,1,1585612800000,07137,Mayen-Koblenz,198,4,194,214259,262
DE-RP,01-04-2020,RKI,8,8,0,1585699200000,07137,Mayen-Koblenz,206,4,202,214259,262
DE-RP,02-04-2020,RKI,6,5,1,1585785600000,07137,Mayen-Koblenz,212,5,207,214259,262
DE-RP,03-04-2020,RKI,6,5,1,1585872000000,07137,Mayen-Koblenz,218,6,212,214259,262
DE-RP,04-04-2020,RKI,4,4,0,1585958400000,07137,Mayen-Koblenz,222,6,216,214259,262
DE-RP,05-04-2020,RKI,5,4,1,1586044800000,07137,Mayen-Koblenz,227,7,220,214259,262
DE-RP,06-04-2020,RKI,8,7,1,1586131200000,07137,Mayen-Koblenz,235,8,227,214259,262
DE-RP,07-04-2020,RKI,11,9,2,1586217600000,07137,Mayen-Koblenz,246,10,236,214259,262
DE-RP,08-04-2020,RKI,3,3,0,1586304000000,07137,Mayen-Koblenz,249,10,239,214259,262
DE-RP,09-04-2020,RKI,6,6,0,1586390400000,07137,Mayen-Koblenz,255,10,245,214259,262
DE-RP,10-04-2020,RKI,9,9,0,1586476800000,07137,Mayen-Koblenz,264,10,254,214259,262
DE-RP,11-04-2020,RKI,6,5,1,1586563200000,07137,Mayen-Koblenz,270,11,259,214259,262
DE-RP,12-04-2020,RKI,0,0,0,1586649600000,07137,Mayen-Koblenz,270,11,259,214259,262
DE-RP,14-04-2020,RKI,0,0,0,1586822400000,07137,Mayen-Koblenz,270,11,259,214259,262
DE-RP,15-04-2020,RKI,2,2,0,1586908800000,07137,Mayen-Koblenz,272,11,261,214259,262
DE-RP,16-04-2020,RKI,4,4,0,1586995200000,07137,Mayen-Koblenz,276,11,265,214259,262
DE-RP,17-04-2020,RKI,3,2,1,1587081600000,07137,Mayen-Koblenz,279,12,267,214259,262
DE-RP,18-04-2020,RKI,1,1,0,1587168000000,07137,Mayen-Koblenz,280,12,268,214259,262
DE-RP,19-04-2020,RKI,0,0,0,1587254400000,07137,Mayen-Koblenz,280,12,268,214259,262
DE-RP,21-04-2020,RKI,1,1,0,1587427200000,07137,Mayen-Koblenz,281,12,269,214259,262
DE-RP,23-04-2020,RKI,0,0,0,1587600000000,07137,Mayen-Koblenz,281,12,269,214259,262
DE-RP,24-04-2020,RKI,0,0,0,1587686400000,07137,Mayen-Koblenz,281,12,269,214259,262
DE-RP,25-04-2020,RKI,0,0,0,1587772800000,07137,Mayen-Koblenz,281,12,269,214259,262
DE-RP,26-04-2020,RKI,1,1,0,1587859200000,07137,Mayen-Koblenz,282,12,270,214259,262
DE-RP,29-04-2020,RKI,4,4,0,1588118400000,07137,Mayen-Koblenz,286,12,274,214259,262
DE-RP,30-04-2020,RKI,0,0,0,1588204800000,07137,Mayen-Koblenz,286,12,274,214259,262
DE-RP,05-05-2020,RKI,0,0,0,1588636800000,07137,Mayen-Koblenz,286,12,274,214259,262
DE-RP,14-05-2020,RKI,0,0,0,1589414400000,07137,Mayen-Koblenz,286,12,274,214259,262
DE-RP,30-05-2020,RKI,0,0,0,1590796800000,07137,Mayen-Koblenz,286,12,274,214259,262
DE-RP,10-03-2020,RKI,0,0,0,1583798400000,07138,Neuwied,1,0,1,181941,290
DE-RP,12-03-2020,RKI,0,0,0,1583971200000,07138,Neuwied,1,0,1,181941,290
DE-RP,13-03-2020,RKI,5,5,0,1584057600000,07138,Neuwied,6,0,6,181941,290
DE-RP,15-03-2020,RKI,8,8,0,1584230400000,07138,Neuwied,14,0,14,181941,290
DE-RP,16-03-2020,RKI,4,4,0,1584316800000,07138,Neuwied,18,0,18,181941,290
DE-RP,17-03-2020,RKI,8,8,0,1584403200000,07138,Neuwied,26,0,26,181941,290
DE-RP,18-03-2020,RKI,1,1,0,1584489600000,07138,Neuwied,27,0,27,181941,290
DE-RP,19-03-2020,RKI,10,9,1,1584576000000,07138,Neuwied,37,1,36,181941,290
DE-RP,20-03-2020,RKI,9,9,0,1584662400000,07138,Neuwied,46,1,45,181941,290
DE-RP,22-03-2020,RKI,10,9,1,1584835200000,07138,Neuwied,56,2,54,181941,290
DE-RP,23-03-2020,RKI,7,7,0,1584921600000,07138,Neuwied,63,2,61,181941,290
DE-RP,24-03-2020,RKI,7,7,0,1585008000000,07138,Neuwied,70,2,68,181941,290
DE-RP,25-03-2020,RKI,15,15,0,1585094400000,07138,Neuwied,85,2,83,181941,290
DE-RP,26-03-2020,RKI,4,4,0,1585180800000,07138,Neuwied,89,2,87,181941,290
DE-RP,27-03-2020,RKI,7,7,0,1585267200000,07138,Neuwied,96,2,94,181941,290
DE-RP,30-03-2020,RKI,11,11,0,1585526400000,07138,Neuwied,107,2,105,181941,290
DE-RP,31-03-2020,RKI,3,3,0,1585612800000,07138,Neuwied,110,2,108,181941,290
DE-RP,01-04-2020,RKI,5,4,1,1585699200000,07138,Neuwied,115,3,112,181941,290
DE-RP,02-04-2020,RKI,7,7,0,1585785600000,07138,Neuwied,122,3,119,181941,290
DE-RP,03-04-2020,RKI,0,0,0,1585872000000,07138,Neuwied,122,3,119,181941,290
DE-RP,06-04-2020,RKI,16,16,0,1586131200000,07138,Neuwied,138,3,135,181941,290
DE-RP,07-04-2020,RKI,5,5,0,1586217600000,07138,Neuwied,143,3,140,181941,290
DE-RP,08-04-2020,RKI,4,3,1,1586304000000,07138,Neuwied,147,4,143,181941,290
DE-RP,09-04-2020,RKI,5,5,0,1586390400000,07138,Neuwied,152,4,148,181941,290
DE-RP,14-04-2020,RKI,10,10,0,1586822400000,07138,Neuwied,162,4,158,181941,290
DE-RP,16-04-2020,RKI,3,3,0,1586995200000,07138,Neuwied,165,4,161,181941,290
DE-RP,17-04-2020,RKI,0,0,0,1587081600000,07138,Neuwied,165,4,161,181941,290
DE-RP,19-04-2020,RKI,0,0,0,1587254400000,07138,Neuwied,165,4,161,181941,290
DE-RP,23-04-2020,RKI,0,0,0,1587600000000,07138,Neuwied,165,4,161,181941,290
DE-RP,24-04-2020,RKI,0,0,0,1587686400000,07138,Neuwied,165,4,161,181941,290
DE-RP,27-04-2020,RKI,0,0,0,1587945600000,07138,Neuwied,165,4,161,181941,290
DE-RP,04-05-2020,RKI,0,0,0,1588550400000,07138,Neuwied,165,4,161,181941,290
DE-RP,19-05-2020,RKI,0,0,0,1589846400000,07138,Neuwied,165,4,161,181941,290
DE-RP,29-05-2020,RKI,1,0,0,1590710400000,07138,Neuwied,166,4,161,181941,290
DE-RP,02-06-2020,RKI,0,0,0,1591056000000,07138,Neuwied,166,4,161,181941,290
DE-RP,11-03-2020,RKI,0,0,0,1583884800000,07140,Rhein-Hunsrück-Kreis,1,0,1,102937,104
DE-RP,12-03-2020,RKI,2,2,0,1583971200000,07140,Rhein-Hunsrück-Kreis,3,0,3,102937,104
DE-RP,13-03-2020,RKI,0,0,0,1584057600000,07140,Rhein-Hunsrück-Kreis,3,0,3,102937,104
DE-RP,14-03-2020,RKI,7,7,0,1584144000000,07140,Rhein-Hunsrück-Kreis,10,0,10,102937,104
DE-RP,15-03-2020,RKI,6,6,0,1584230400000,07140,Rhein-Hunsrück-Kreis,16,0,16,102937,104
DE-RP,16-03-2020,RKI,2,2,0,1584316800000,07140,Rhein-Hunsrück-Kreis,18,0,18,102937,104
DE-RP,17-03-2020,RKI,6,6,0,1584403200000,07140,Rhein-Hunsrück-Kreis,24,0,24,102937,104
DE-RP,18-03-2020,RKI,4,4,0,1584489600000,07140,Rhein-Hunsrück-Kreis,28,0,28,102937,104
DE-RP,19-03-2020,RKI,1,1,0,1584576000000,07140,Rhein-Hunsrück-Kreis,29,0,29,102937,104
DE-RP,20-03-2020,RKI,8,8,0,1584662400000,07140,Rhein-Hunsrück-Kreis,37,0,37,102937,104
DE-RP,21-03-2020,RKI,1,1,0,1584748800000,07140,Rhein-Hunsrück-Kreis,38,0,38,102937,104
DE-RP,22-03-2020,RKI,0,0,0,1584835200000,07140,Rhein-Hunsrück-Kreis,38,0,38,102937,104
DE-RP,23-03-2020,RKI,5,5,0,1584921600000,07140,Rhein-Hunsrück-Kreis,43,0,43,102937,104
DE-RP,24-03-2020,RKI,8,8,0,1585008000000,07140,Rhein-Hunsrück-Kreis,51,0,51,102937,104
DE-RP,25-03-2020,RKI,6,6,0,1585094400000,07140,Rhein-Hunsrück-Kreis,57,0,57,102937,104
DE-RP,26-03-2020,RKI,5,5,0,1585180800000,07140,Rhein-Hunsrück-Kreis,62,0,62,102937,104
DE-RP,27-03-2020,RKI,9,9,0,1585267200000,07140,Rhein-Hunsrück-Kreis,71,0,71,102937,104
DE-RP,28-03-2020,RKI,10,10,0,1585353600000,07140,Rhein-Hunsrück-Kreis,81,0,81,102937,104
DE-RP,29-03-2020,RKI,1,1,0,1585440000000,07140,Rhein-Hunsrück-Kreis,82,0,82,102937,104
DE-RP,30-03-2020,RKI,2,2,0,1585526400000,07140,Rhein-Hunsrück-Kreis,84,0,84,102937,104
DE-RP,31-03-2020,RKI,1,1,0,1585612800000,07140,Rhein-Hunsrück-Kreis,85,0,85,102937,104
DE-RP,01-04-2020,RKI,3,3,0,1585699200000,07140,Rhein-Hunsrück-Kreis,88,0,88,102937,104
DE-RP,02-04-2020,RKI,3,3,0,1585785600000,07140,Rhein-Hunsrück-Kreis,91,0,91,102937,104
DE-RP,03-04-2020,RKI,4,4,0,1585872000000,07140,Rhein-Hunsrück-Kreis,95,0,95,102937,104
DE-RP,04-04-2020,RKI,4,4,0,1585958400000,07140,Rhein-Hunsrück-Kreis,99,0,99,102937,104
DE-RP,06-04-2020,RKI,0,0,0,1586131200000,07140,Rhein-Hunsrück-Kreis,99,0,99,102937,104
DE-RP,07-04-2020,RKI,3,2,1,1586217600000,07140,Rhein-Hunsrück-Kreis,102,1,101,102937,104
DE-RP,08-04-2020,RKI,1,1,0,1586304000000,07140,Rhein-Hunsrück-Kreis,103,1,102,102937,104
DE-RP,09-04-2020,RKI,2,1,1,1586390400000,07140,Rhein-Hunsrück-Kreis,105,2,103,102937,104
DE-RP,10-04-2020,RKI,1,1,0,1586476800000,07140,Rhein-Hunsrück-Kreis,106,2,104,102937,104
DE-RP,11-04-2020,RKI,0,0,0,1586563200000,07140,Rhein-Hunsrück-Kreis,106,2,104,102937,104
DE-RP,12-04-2020,RKI,0,0,0,1586649600000,07140,Rhein-Hunsrück-Kreis,106,2,104,102937,104
DE-RP,13-04-2020,RKI,0,0,0,1586736000000,07140,Rhein-Hunsrück-Kreis,106,2,104,102937,104
DE-RP,14-04-2020,RKI,3,3,0,1586822400000,07140,Rhein-Hunsrück-Kreis,109,2,107,102937,104
DE-RP,15-04-2020,RKI,5,4,1,1586908800000,07140,Rhein-Hunsrück-Kreis,114,3,111,102937,104
DE-RP,16-04-2020,RKI,0,0,0,1586995200000,07140,Rhein-Hunsrück-Kreis,114,3,111,102937,104
DE-RP,17-04-2020,RKI,2,2,0,1587081600000,07140,Rhein-Hunsrück-Kreis,116,3,113,102937,104
DE-RP,19-04-2020,RKI,1,1,0,1587254400000,07140,Rhein-Hunsrück-Kreis,117,3,114,102937,104
DE-RP,20-04-2020,RKI,0,0,0,1587340800000,07140,Rhein-Hunsrück-Kreis,117,3,114,102937,104
DE-RP,22-04-2020,RKI,2,1,1,1587513600000,07140,Rhein-Hunsrück-Kreis,119,4,115,102937,104
DE-RP,23-04-2020,RKI,0,0,0,1587600000000,07140,Rhein-Hunsrück-Kreis,119,4,115,102937,104
DE-RP,29-04-2020,RKI,0,0,0,1588118400000,07140,Rhein-Hunsrück-Kreis,119,4,115,102937,104
DE-RP,05-05-2020,RKI,0,0,0,1588636800000,07140,Rhein-Hunsrück-Kreis,119,4,115,102937,104
DE-RP,29-05-2020,RKI,0,0,0,1590710400000,07140,Rhein-Hunsrück-Kreis,119,4,115,102937,104
DE-RP,03-06-2020,RKI,4,0,0,1591142400000,07140,Rhein-Hunsrück-Kreis,123,4,115,102937,104
DE-RP,12-03-2020,RKI,0,0,0,1583971200000,07141,Rhein-Lahn-Kreis,3,0,3,122308,156
DE-RP,13-03-2020,RKI,0,0,0,1584057600000,07141,Rhein-Lahn-Kreis,3,0,3,122308,156
DE-RP,16-03-2020,RKI,3,2,1,1584316800000,07141,Rhein-Lahn-Kreis,6,1,5,122308,156
DE-RP,17-03-2020,RKI,5,5,0,1584403200000,07141,Rhein-Lahn-Kreis,11,1,10,122308,156
DE-RP,18-03-2020,RKI,9,9,0,1584489600000,07141,Rhein-Lahn-Kreis,20,1,19,122308,156
DE-RP,19-03-2020,RKI,5,5,0,1584576000000,07141,Rhein-Lahn-Kreis,25,1,24,122308,156
DE-RP,21-03-2020,RKI,1,1,0,1584748800000,07141,Rhein-Lahn-Kreis,26,1,25,122308,156
DE-RP,22-03-2020,RKI,2,2,0,1584835200000,07141,Rhein-Lahn-Kreis,28,1,27,122308,156
DE-RP,23-03-2020,RKI,8,8,0,1584921600000,07141,Rhein-Lahn-Kreis,36,1,35,122308,156
DE-RP,24-03-2020,RKI,2,2,0,1585008000000,07141,Rhein-Lahn-Kreis,38,1,37,122308,156
DE-RP,25-03-2020,RKI,8,8,0,1585094400000,07141,Rhein-Lahn-Kreis,46,1,45,122308,156
DE-RP,26-03-2020,RKI,7,6,1,1585180800000,07141,Rhein-Lahn-Kreis,53,2,51,122308,156
DE-RP,27-03-2020,RKI,5,5,0,1585267200000,07141,Rhein-Lahn-Kreis,58,2,56,122308,156
DE-RP,28-03-2020,RKI,4,3,1,1585353600000,07141,Rhein-Lahn-Kreis,62,3,59,122308,156
DE-RP,29-03-2020,RKI,0,0,0,1585440000000,07141,Rhein-Lahn-Kreis,62,3,59,122308,156
DE-RP,30-03-2020,RKI,5,5,0,1585526400000,07141,Rhein-Lahn-Kreis,67,3,64,122308,156
DE-RP,31-03-2020,RKI,2,1,1,1585612800000,07141,Rhein-Lahn-Kreis,69,4,65,122308,156
DE-RP,01-04-2020,RKI,6,6,0,1585699200000,07141,Rhein-Lahn-Kreis,75,4,71,122308,156
DE-RP,02-04-2020,RKI,10,9,1,1585785600000,07141,Rhein-Lahn-Kreis,85,5,80,122308,156
DE-RP,04-04-2020,RKI,4,4,0,1585958400000,07141,Rhein-Lahn-Kreis,89,5,84,122308,156
DE-RP,05-04-2020,RKI,2,2,0,1586044800000,07141,Rhein-Lahn-Kreis,91,5,86,122308,156
DE-RP,06-04-2020,RKI,2,2,0,1586131200000,07141,Rhein-Lahn-Kreis,93,5,88,122308,156
DE-RP,07-04-2020,RKI,2,2,0,1586217600000,07141,Rhein-Lahn-Kreis,95,5,90,122308,156
DE-RP,08-04-2020,RKI,5,5,0,1586304000000,07141,Rhein-Lahn-Kreis,100,5,95,122308,156
DE-RP,09-04-2020,RKI,2,2,0,1586390400000,07141,Rhein-Lahn-Kreis,102,5,97,122308,156
DE-RP,10-04-2020,RKI,0,0,0,1586476800000,07141,Rhein-Lahn-Kreis,102,5,97,122308,156
DE-RP,11-04-2020,RKI,1,1,0,1586563200000,07141,Rhein-Lahn-Kreis,103,5,98,122308,156
DE-RP,12-04-2020,RKI,1,1,0,1586649600000,07141,Rhein-Lahn-Kreis,104,5,99,122308,156
DE-RP,14-04-2020,RKI,1,1,0,1586822400000,07141,Rhein-Lahn-Kreis,105,5,100,122308,156
DE-RP,15-04-2020,RKI,0,0,0,1586908800000,07141,Rhein-Lahn-Kreis,105,5,100,122308,156
DE-RP,16-04-2020,RKI,2,2,0,1586995200000,07141,Rhein-Lahn-Kreis,107,5,102,122308,156
DE-RP,17-04-2020,RKI,7,7,0,1587081600000,07141,Rhein-Lahn-Kreis,114,5,109,122308,156
DE-RP,18-04-2020,RKI,1,1,0,1587168000000,07141,Rhein-Lahn-Kreis,115,5,110,122308,156
DE-RP,24-04-2020,RKI,0,0,0,1587686400000,07141,Rhein-Lahn-Kreis,115,5,110,122308,156
DE-RP,26-04-2020,RKI,0,0,0,1587859200000,07141,Rhein-Lahn-Kreis,115,5,110,122308,156
DE-RP,30-04-2020,RKI,0,0,0,1588204800000,07141,Rhein-Lahn-Kreis,115,5,110,122308,156
DE-RP,04-05-2020,RKI,1,1,0,1588550400000,07141,Rhein-Lahn-Kreis,116,5,111,122308,156
DE-RP,06-05-2020,RKI,1,1,0,1588723200000,07141,Rhein-Lahn-Kreis,117,5,112,122308,156
DE-RP,11-05-2020,RKI,0,0,0,1589155200000,07141,Rhein-Lahn-Kreis,117,5,112,122308,156
DE-RP,02-06-2020,RKI,0,0,0,1591056000000,07141,Rhein-Lahn-Kreis,117,5,112,122308,156
DE-RP,11-03-2020,RKI,0,0,0,1583884800000,07143,Westerwaldkreis,2,0,2,201597,204
DE-RP,12-03-2020,RKI,4,4,0,1583971200000,07143,Westerwaldkreis,6,0,6,201597,204
DE-RP,13-03-2020,RKI,3,3,0,1584057600000,07143,Westerwaldkreis,9,0,9,201597,204
DE-RP,14-03-2020,RKI,2,2,0,1584144000000,07143,Westerwaldkreis,11,0,11,201597,204
DE-RP,15-03-2020,RKI,4,4,0,1584230400000,07143,Westerwaldkreis,15,0,15,201597,204
DE-RP,16-03-2020,RKI,2,2,0,1584316800000,07143,Westerwaldkreis,17,0,17,201597,204
DE-RP,17-03-2020,RKI,8,8,0,1584403200000,07143,Westerwaldkreis,25,0,25,201597,204
DE-RP,18-03-2020,RKI,10,10,0,1584489600000,07143,Westerwaldkreis,35,0,35,201597,204
DE-RP,19-03-2020,RKI,4,3,1,1584576000000,07143,Westerwaldkreis,39,1,38,201597,204
DE-RP,20-03-2020,RKI,11,11,0,1584662400000,07143,Westerwaldkreis,50,1,49,201597,204
DE-RP,22-03-2020,RKI,13,13,0,1584835200000,07143,Westerwaldkreis,63,1,62,201597,204
DE-RP,23-03-2020,RKI,18,18,0,1584921600000,07143,Westerwaldkreis,81,1,80,201597,204
DE-RP,24-03-2020,RKI,3,2,1,1585008000000,07143,Westerwaldkreis,84,2,82,201597,204
DE-RP,25-03-2020,RKI,4,4,0,1585094400000,07143,Westerwaldkreis,88,2,86,201597,204
DE-RP,26-03-2020,RKI,7,7,0,1585180800000,07143,Westerwaldkreis,95,2,93,201597,204
DE-RP,27-03-2020,RKI,16,16,0,1585267200000,07143,Westerwaldkreis,111,2,109,201597,204
DE-RP,28-03-2020,RKI,5,4,1,1585353600000,07143,Westerwaldkreis,116,3,113,201597,204
DE-RP,29-03-2020,RKI,3,3,0,1585440000000,07143,Westerwaldkreis,119,3,116,201597,204
DE-RP,30-03-2020,RKI,6,5,1,1585526400000,07143,Westerwaldkreis,125,4,121,201597,204
DE-RP,31-03-2020,RKI,12,12,0,1585612800000,07143,Westerwaldkreis,137,4,133,201597,204
DE-RP,01-04-2020,RKI,14,11,3,1585699200000,07143,Westerwaldkreis,151,7,144,201597,204
DE-RP,02-04-2020,RKI,6,6,0,1585785600000,07143,Westerwaldkreis,157,7,150,201597,204
DE-RP,03-04-2020,RKI,5,5,0,1585872000000,07143,Westerwaldkreis,162,7,155,201597,204
DE-RP,04-04-2020,RKI,7,5,2,1585958400000,07143,Westerwaldkreis,169,9,160,201597,204
DE-RP,05-04-2020,RKI,5,5,0,1586044800000,07143,Westerwaldkreis,174,9,165,201597,204
DE-RP,06-04-2020,RKI,7,5,2,1586131200000,07143,Westerwaldkreis,181,11,170,201597,204
DE-RP,07-04-2020,RKI,28,22,6,1586217600000,07143,Westerwaldkreis,209,17,192,201597,204
DE-RP,08-04-2020,RKI,17,16,1,1586304000000,07143,Westerwaldkreis,226,18,208,201597,204
DE-RP,09-04-2020,RKI,4,4,0,1586390400000,07143,Westerwaldkreis,230,18,212,201597,204
DE-RP,10-04-2020,RKI,6,6,0,1586476800000,07143,Westerwaldkreis,236,18,218,201597,204
DE-RP,11-04-2020,RKI,0,0,0,1586563200000,07143,Westerwaldkreis,236,18,218,201597,204
DE-RP,12-04-2020,RKI,3,3,0,1586649600000,07143,Westerwaldkreis,239,18,221,201597,204
DE-RP,13-04-2020,RKI,11,9,2,1586736000000,07143,Westerwaldkreis,250,20,230,201597,204
DE-RP,14-04-2020,RKI,1,0,1,1586822400000,07143,Westerwaldkreis,251,21,230,201597,204
DE-RP,15-04-2020,RKI,3,3,0,1586908800000,07143,Westerwaldkreis,254,21,233,201597,204
DE-RP,16-04-2020,RKI,3,3,0,1586995200000,07143,Westerwaldkreis,257,21,236,201597,204
DE-RP,17-04-2020,RKI,13,13,0,1587081600000,07143,Westerwaldkreis,270,21,249,201597,204
DE-RP,18-04-2020,RKI,4,4,0,1587168000000,07143,Westerwaldkreis,274,21,253,201597,204
DE-RP,20-04-2020,RKI,0,0,0,1587340800000,07143,Westerwaldkreis,274,21,253,201597,204
DE-RP,21-04-2020,RKI,1,1,0,1587427200000,07143,Westerwaldkreis,275,21,254,201597,204
DE-RP,23-04-2020,RKI,2,2,0,1587600000000,07143,Westerwaldkreis,277,21,256,201597,204
DE-RP,24-04-2020,RKI,2,2,0,1587686400000,07143,Westerwaldkreis,279,21,258,201597,204
DE-RP,25-04-2020,RKI,0,0,0,1587772800000,07143,Westerwaldkreis,279,21,258,201597,204
DE-RP,26-04-2020,RKI,0,0,0,1587859200000,07143,Westerwaldkreis,279,21,258,201597,204
DE-RP,29-04-2020,RKI,0,0,0,1588118400000,07143,Westerwaldkreis,279,21,258,201597,204
DE-RP,30-04-2020,RKI,2,2,0,1588204800000,07143,Westerwaldkreis,281,21,260,201597,204
DE-RP,01-05-2020,RKI,1,1,0,1588291200000,07143,Westerwaldkreis,282,21,261,201597,204
DE-RP,05-05-2020,RKI,0,0,0,1588636800000,07143,Westerwaldkreis,282,21,261,201597,204
DE-RP,06-05-2020,RKI,0,0,0,1588723200000,07143,Westerwaldkreis,282,21,261,201597,204
DE-RP,07-05-2020,RKI,6,6,0,1588809600000,07143,Westerwaldkreis,288,21,267,201597,204
DE-RP,08-05-2020,RKI,1,1,0,1588896000000,07143,Westerwaldkreis,289,21,268,201597,204
DE-RP,09-05-2020,RKI,0,0,0,1588982400000,07143,Westerwaldkreis,289,21,268,201597,204
DE-RP,11-05-2020,RKI,0,0,0,1589155200000,07143,Westerwaldkreis,289,21,268,201597,204
DE-RP,12-05-2020,RKI,0,0,0,1589241600000,07143,Westerwaldkreis,289,21,268,201597,204
DE-RP,14-05-2020,RKI,1,1,0,1589414400000,07143,Westerwaldkreis,290,21,269,201597,204
DE-RP,16-05-2020,RKI,2,2,0,1589587200000,07143,Westerwaldkreis,292,21,271,201597,204
DE-RP,18-05-2020,RKI,1,1,0,1589760000000,07143,Westerwaldkreis,293,21,272,201597,204
DE-RP,20-05-2020,RKI,2,2,0,1589932800000,07143,Westerwaldkreis,295,21,274,201597,204
DE-RP,27-05-2020,RKI,0,0,0,1590537600000,07143,Westerwaldkreis,295,21,274,201597,204
DE-RP,30-05-2020,RKI,1,0,0,1590796800000,07143,Westerwaldkreis,296,21,274,201597,204
DE-RP,03-06-2020,RKI,0,0,0,1591142400000,07143,Westerwaldkreis,296,21,274,201597,204
DE-RP,04-06-2020,RKI,0,0,0,1591228800000,07143,Westerwaldkreis,296,21,274,201597,204
DE-RP,15-03-2020,RKI,2,2,0,1584230400000,07211,Trier,4,0,4,110636,945
DE-RP,16-03-2020,RKI,0,0,0,1584316800000,07211,Trier,4,0,4,110636,945
DE-RP,17-03-2020,RKI,2,2,0,1584403200000,07211,Trier,6,0,6,110636,945
DE-RP,18-03-2020,RKI,0,0,0,1584489600000,07211,Trier,6,0,6,110636,945
DE-RP,19-03-2020,RKI,0,0,0,1584576000000,07211,Trier,6,0,6,110636,945
DE-RP,21-03-2020,RKI,3,3,0,1584748800000,07211,Trier,9,0,9,110636,945
DE-RP,22-03-2020,RKI,3,3,0,1584835200000,07211,Trier,12,0,12,110636,945
DE-RP,23-03-2020,RKI,0,0,0,1584921600000,07211,Trier,12,0,12,110636,945
DE-RP,24-03-2020,RKI,2,2,0,1585008000000,07211,Trier,14,0,14,110636,945
DE-RP,26-03-2020,RKI,4,4,0,1585180800000,07211,Trier,18,0,18,110636,945
DE-RP,27-03-2020,RKI,7,7,0,1585267200000,07211,Trier,25,0,25,110636,945
DE-RP,28-03-2020,RKI,5,5,0,1585353600000,07211,Trier,30,0,30,110636,945
DE-RP,29-03-2020,RKI,12,12,0,1585440000000,07211,Trier,42,0,42,110636,945
DE-RP,30-03-2020,RKI,2,2,0,1585526400000,07211,Trier,44,0,44,110636,945
DE-RP,31-03-2020,RKI,0,0,0,1585612800000,07211,Trier,44,0,44,110636,945
DE-RP,01-04-2020,RKI,4,4,0,1585699200000,07211,Trier,48,0,48,110636,945
DE-RP,02-04-2020,RKI,3,3,0,1585785600000,07211,Trier,51,0,51,110636,945
DE-RP,03-04-2020,RKI,1,1,0,1585872000000,07211,Trier,52,0,52,110636,945
DE-RP,05-04-2020,RKI,0,0,0,1586044800000,07211,Trier,52,0,52,110636,945
DE-RP,06-04-2020,RKI,2,2,0,1586131200000,07211,Trier,54,0,54,110636,945
DE-RP,07-04-2020,RKI,5,5,0,1586217600000,07211,Trier,59,0,59,110636,945
DE-RP,08-04-2020,RKI,0,0,0,1586304000000,07211,Trier,59,0,59,110636,945
DE-RP,09-04-2020,RKI,0,0,0,1586390400000,07211,Trier,59,0,59,110636,945
DE-RP,12-04-2020,RKI,4,4,0,1586649600000,07211,Trier,63,0,63,110636,945
DE-RP,13-04-2020,RKI,1,1,0,1586736000000,07211,Trier,64,0,64,110636,945
DE-RP,16-04-2020,RKI,1,1,0,1586995200000,07211,Trier,65,0,65,110636,945
DE-RP,17-04-2020,RKI,1,1,0,1587081600000,07211,Trier,66,0,66,110636,945
DE-RP,24-04-2020,RKI,1,1,0,1587686400000,07211,Trier,67,0,67,110636,945
DE-RP,29-04-2020,RKI,0,0,0,1588118400000,07211,Trier,67,0,67,110636,945
DE-RP,30-04-2020,RKI,1,1,0,1588204800000,07211,Trier,68,0,68,110636,945
DE-RP,06-05-2020,RKI,0,0,0,1588723200000,07211,Trier,68,0,68,110636,945
DE-RP,14-05-2020,RKI,0,0,0,1589414400000,07211,Trier,68,0,68,110636,945
DE-RP,22-05-2020,RKI,0,0,0,1590105600000,07211,Trier,68,0,68,110636,945
DE-RP,11-03-2020,RKI,0,0,0,1583884800000,07231,Bernkastel-Wittlich,0,0,0,112262,96
DE-RP,12-03-2020,RKI,0,0,0,1583971200000,07231,Bernkastel-Wittlich,0,0,0,112262,96
DE-RP,16-03-2020,RKI,0,0,0,1584316800000,07231,Bernkastel-Wittlich,0,0,0,112262,96
DE-RP,17-03-2020,RKI,0,0,0,1584403200000,07231,Bernkastel-Wittlich,0,0,0,112262,96
DE-RP,18-03-2020,RKI,0,0,0,1584489600000,07231,Bernkastel-Wittlich,0,0,0,112262,96
DE-RP,19-03-2020,RKI,5,5,0,1584576000000,07231,Bernkastel-Wittlich,5,0,5,112262,96
DE-RP,20-03-2020,RKI,2,2,0,1584662400000,07231,Bernkastel-Wittlich,7,0,7,112262,96
DE-RP,21-03-2020,RKI,2,2,0,1584748800000,07231,Bernkastel-Wittlich,9,0,9,112262,96
DE-RP,22-03-2020,RKI,1,1,0,1584835200000,07231,Bernkastel-Wittlich,10,0,10,112262,96
DE-RP,23-03-2020,RKI,0,0,0,1584921600000,07231,Bernkastel-Wittlich,10,0,10,112262,96
DE-RP,24-03-2020,RKI,5,5,0,1585008000000,07231,Bernkastel-Wittlich,15,0,15,112262,96
DE-RP,25-03-2020,RKI,2,2,0,1585094400000,07231,Bernkastel-Wittlich,17,0,17,112262,96
DE-RP,26-03-2020,RKI,5,5,0,1585180800000,07231,Bernkastel-Wittlich,22,0,22,112262,96
DE-RP,27-03-2020,RKI,6,6,0,1585267200000,07231,Bernkastel-Wittlich,28,0,28,112262,96
DE-RP,28-03-2020,RKI,2,2,0,1585353600000,07231,Bernkastel-Wittlich,30,0,30,112262,96
DE-RP,29-03-2020,RKI,6,6,0,1585440000000,07231,Bernkastel-Wittlich,36,0,36,112262,96
DE-RP,30-03-2020,RKI,5,5,0,1585526400000,07231,Bernkastel-Wittlich,41,0,41,112262,96
DE-RP,31-03-2020,RKI,4,3,1,1585612800000,07231,Bernkastel-Wittlich,45,1,44,112262,96
DE-RP,02-04-2020,RKI,6,6,0,1585785600000,07231,Bernkastel-Wittlich,51,1,50,112262,96
DE-RP,03-04-2020,RKI,3,3,0,1585872000000,07231,Bernkastel-Wittlich,54,1,53,112262,96
DE-RP,04-04-2020,RKI,1,0,1,1585958400000,07231,Bernkastel-Wittlich,55,2,53,112262,96
DE-RP,05-04-2020,RKI,4,4,0,1586044800000,07231,Bernkastel-Wittlich,59,2,57,112262,96
DE-RP,06-04-2020,RKI,1,1,0,1586131200000,07231,Bernkastel-Wittlich,60,2,58,112262,96
DE-RP,07-04-2020,RKI,5,5,0,1586217600000,07231,Bernkastel-Wittlich,65,2,63,112262,96
DE-RP,08-04-2020,RKI,3,3,0,1586304000000,07231,Bernkastel-Wittlich,68,2,66,112262,96
DE-RP,09-04-2020,RKI,8,8,0,1586390400000,07231,Bernkastel-Wittlich,76,2,74,112262,96
DE-RP,10-04-2020,RKI,2,2,0,1586476800000,07231,Bernkastel-Wittlich,78,2,76,112262,96
DE-RP,11-04-2020,RKI,0,0,0,1586563200000,07231,Bernkastel-Wittlich,78,2,76,112262,96
DE-RP,13-04-2020,RKI,2,2,0,1586736000000,07231,Bernkastel-Wittlich,80,2,78,112262,96
DE-RP,14-04-2020,RKI,0,0,0,1586822400000,07231,Bernkastel-Wittlich,80,2,78,112262,96
DE-RP,15-04-2020,RKI,0,0,0,1586908800000,07231,Bernkastel-Wittlich,80,2,78,112262,96
DE-RP,16-04-2020,RKI,1,1,0,1586995200000,07231,Bernkastel-Wittlich,81,2,79,112262,96
DE-RP,17-04-2020,RKI,2,2,0,1587081600000,07231,Bernkastel-Wittlich,83,2,81,112262,96
DE-RP,20-04-2020,RKI,0,0,0,1587340800000,07231,Bernkastel-Wittlich,83,2,81,112262,96
DE-RP,22-04-2020,RKI,0,0,0,1587513600000,07231,Bernkastel-Wittlich,83,2,81,112262,96
DE-RP,23-04-2020,RKI,2,2,0,1587600000000,07231,Bernkastel-Wittlich,85,2,83,112262,96
DE-RP,25-04-2020,RKI,0,0,0,1587772800000,07231,Bernkastel-Wittlich,85,2,83,112262,96
DE-RP,29-04-2020,RKI,1,1,0,1588118400000,07231,Bernkastel-Wittlich,86,2,84,112262,96
DE-RP,30-04-2020,RKI,0,0,0,1588204800000,07231,Bernkastel-Wittlich,86,2,84,112262,96
DE-RP,02-05-2020,RKI,1,1,0,1588377600000,07231,Bernkastel-Wittlich,87,2,85,112262,96
DE-RP,06-05-2020,RKI,0,0,0,1588723200000,07231,Bernkastel-Wittlich,87,2,85,112262,96
DE-RP,07-05-2020,RKI,5,5,0,1588809600000,07231,Bernkastel-Wittlich,92,2,90,112262,96
DE-RP,10-05-2020,RKI,2,2,0,1589068800000,07231,Bernkastel-Wittlich,94,2,92,112262,96
DE-RP,11-05-2020,RKI,0,0,0,1589155200000,07231,Bernkastel-Wittlich,94,2,92,112262,96
DE-RP,12-05-2020,RKI,0,0,0,1589241600000,07231,Bernkastel-Wittlich,94,2,92,112262,96
DE-RP,13-05-2020,RKI,1,1,0,1589328000000,07231,Bernkastel-Wittlich,95,2,93,112262,96
DE-RP,14-05-2020,RKI,3,3,0,1589414400000,07231,Bernkastel-Wittlich,98,2,96,112262,96
DE-RP,16-05-2020,RKI,0,0,0,1589587200000,07231,Bernkastel-Wittlich,98,2,96,112262,96
DE-RP,17-05-2020,RKI,0,0,0,1589673600000,07231,Bernkastel-Wittlich,98,2,96,112262,96
DE-RP,20-05-2020,RKI,0,0,0,1589932800000,07231,Bernkastel-Wittlich,98,2,96,112262,96
DE-RP,27-05-2020,RKI,3,0,0,1590537600000,07231,Bernkastel-Wittlich,101,2,96,112262,96
DE-RP,29-05-2020,RKI,2,0,0,1590710400000,07231,Bernkastel-Wittlich,103,2,96,112262,96
DE-RP,01-06-2020,RKI,0,0,0,1590969600000,07231,Bernkastel-Wittlich,103,2,96,112262,96
DE-RP,04-06-2020,RKI,1,0,0,1591228800000,07231,Bernkastel-Wittlich,104,2,96,112262,96
DE-RP,12-03-2020,RKI,2,2,0,1583971200000,07232,Bitburg-Prüm,2,0,2,98561,61
DE-RP,13-03-2020,RKI,1,1,0,1584057600000,07232,Bitburg-Prüm,3,0,3,98561,61
DE-RP,14-03-2020,RKI,5,5,0,1584144000000,07232,Bitburg-Prüm,8,0,8,98561,61
DE-RP,15-03-2020,RKI,2,2,0,1584230400000,07232,Bitburg-Prüm,10,0,10,98561,61
DE-RP,16-03-2020,RKI,3,3,0,1584316800000,07232,Bitburg-Prüm,13,0,13,98561,61
DE-RP,17-03-2020,RKI,1,1,0,1584403200000,07232,Bitburg-Prüm,14,0,14,98561,61
DE-RP,18-03-2020,RKI,6,6,0,1584489600000,07232,Bitburg-Prüm,20,0,20,98561,61
DE-RP,19-03-2020,RKI,1,1,0,1584576000000,07232,Bitburg-Prüm,21,0,21,98561,61
DE-RP,20-03-2020,RKI,5,5,0,1584662400000,07232,Bitburg-Prüm,26,0,26,98561,61
DE-RP,21-03-2020,RKI,4,4,0,1584748800000,07232,Bitburg-Prüm,30,0,30,98561,61
DE-RP,22-03-2020,RKI,1,1,0,1584835200000,07232,Bitburg-Prüm,31,0,31,98561,61
DE-RP,23-03-2020,RKI,1,1,0,1584921600000,07232,Bitburg-Prüm,32,0,32,98561,61
DE-RP,24-03-2020,RKI,8,8,0,1585008000000,07232,Bitburg-Prüm,40,0,40,98561,61
DE-RP,25-03-2020,RKI,1,1,0,1585094400000,07232,Bitburg-Prüm,41,0,41,98561,61
DE-RP,26-03-2020,RKI,16,15,1,1585180800000,07232,Bitburg-Prüm,57,1,56,98561,61
DE-RP,27-03-2020,RKI,3,3,0,1585267200000,07232,Bitburg-Prüm,60,1,59,98561,61
DE-RP,28-03-2020,RKI,10,9,1,1585353600000,07232,Bitburg-Prüm,70,2,68,98561,61
DE-RP,29-03-2020,RKI,0,0,0,1585440000000,07232,Bitburg-Prüm,70,2,68,98561,61
DE-RP,30-03-2020,RKI,4,4,0,1585526400000,07232,Bitburg-Prüm,74,2,72,98561,61
DE-RP,01-04-2020,RKI,15,15,0,1585699200000,07232,Bitburg-Prüm,89,2,87,98561,61
DE-RP,02-04-2020,RKI,1,1,0,1585785600000,07232,Bitburg-Prüm,90,2,88,98561,61
DE-RP,03-04-2020,RKI,2,1,1,1585872000000,07232,Bitburg-Prüm,92,3,89,98561,61
DE-RP,04-04-2020,RKI,0,0,0,1585958400000,07232,Bitburg-Prüm,92,3,89,98561,61
DE-RP,05-04-2020,RKI,2,2,0,1586044800000,07232,Bitburg-Prüm,94,3,91,98561,61
DE-RP,06-04-2020,RKI,4,4,0,1586131200000,07232,Bitburg-Prüm,98,3,95,98561,61
DE-RP,07-04-2020,RKI,1,1,0,1586217600000,07232,Bitburg-Prüm,99,3,96,98561,61
DE-RP,08-04-2020,RKI,0,0,0,1586304000000,07232,Bitburg-Prüm,99,3,96,98561,61
DE-RP,09-04-2020,RKI,2,2,0,1586390400000,07232,Bitburg-Prüm,101,3,98,98561,61
DE-RP,11-04-2020,RKI,2,2,0,1586563200000,07232,Bitburg-Prüm,103,3,100,98561,61
DE-RP,12-04-2020,RKI,0,0,0,1586649600000,07232,Bitburg-Prüm,103,3,100,98561,61
DE-RP,13-04-2020,RKI,2,2,0,1586736000000,07232,Bitburg-Prüm,105,3,102,98561,61
DE-RP,14-04-2020,RKI,3,3,0,1586822400000,07232,Bitburg-Prüm,108,3,105,98561,61
DE-RP,15-04-2020,RKI,1,1,0,1586908800000,07232,Bitburg-Prüm,109,3,106,98561,61
DE-RP,16-04-2020,RKI,2,2,0,1586995200000,07232,Bitburg-Prüm,111,3,108,98561,61
DE-RP,17-04-2020,RKI,1,1,0,1587081600000,07232,Bitburg-Prüm,112,3,109,98561,61
DE-RP,18-04-2020,RKI,2,2,0,1587168000000,07232,Bitburg-Prüm,114,3,111,98561,61
DE-RP,19-04-2020,RKI,2,2,0,1587254400000,07232,Bitburg-Prüm,116,3,113,98561,61
DE-RP,20-04-2020,RKI,0,0,0,1587340800000,07232,Bitburg-Prüm,116,3,113,98561,61
DE-RP,21-04-2020,RKI,1,1,0,1587427200000,07232,Bitburg-Prüm,117,3,114,98561,61
DE-RP,22-04-2020,RKI,0,0,0,1587513600000,07232,Bitburg-Prüm,117,3,114,98561,61
DE-RP,23-04-2020,RKI,0,0,0,1587600000000,07232,Bitburg-Prüm,117,3,114,98561,61
DE-RP,24-04-2020,RKI,2,2,0,1587686400000,07232,Bitburg-Prüm,119,3,116,98561,61
DE-RP,25-04-2020,RKI,0,0,0,1587772800000,07232,Bitburg-Prüm,119,3,116,98561,61
DE-RP,26-04-2020,RKI,1,1,0,1587859200000,07232,Bitburg-Prüm,120,3,117,98561,61
DE-RP,28-04-2020,RKI,0,0,0,1588032000000,07232,Bitburg-Prüm,120,3,117,98561,61
DE-RP,29-04-2020,RKI,0,0,0,1588118400000,07232,Bitburg-Prüm,120,3,117,98561,61
DE-RP,30-04-2020,RKI,1,0,1,1588204800000,07232,Bitburg-Prüm,121,4,117,98561,61
DE-RP,01-05-2020,RKI,1,1,0,1588291200000,07232,Bitburg-Prüm,122,4,118,98561,61
DE-RP,04-05-2020,RKI,0,0,0,1588550400000,07232,Bitburg-Prüm,122,4,118,98561,61
DE-RP,06-05-2020,RKI,1,1,0,1588723200000,07232,Bitburg-Prüm,123,4,119,98561,61
DE-RP,09-05-2020,RKI,0,0,0,1588982400000,07232,Bitburg-Prüm,123,4,119,98561,61
DE-RP,11-05-2020,RKI,0,0,0,1589155200000,07232,Bitburg-Prüm,123,4,119,98561,61
DE-RP,12-05-2020,RKI,1,1,0,1589241600000,07232,Bitburg-Prüm,124,4,120,98561,61
DE-RP,13-05-2020,RKI,0,0,0,1589328000000,07232,Bitburg-Prüm,124,4,120,98561,61
DE-RP,14-05-2020,RKI,0,0,0,1589414400000,07232,Bitburg-Prüm,124,4,120,98561,61
DE-RP,20-05-2020,RKI,0,0,0,1589932800000,07232,Bitburg-Prüm,124,4,120,98561,61
DE-RP,15-03-2020,RKI,0,0,0,1584230400000,07233,Vulkaneifel,2,0,2,60603,67
DE-RP,16-03-2020,RKI,8,8,0,1584316800000,07233,Vulkaneifel,10,0,10,60603,67
DE-RP,17-03-2020,RKI,1,1,0,1584403200000,07233,Vulkaneifel,11,0,11,60603,67
DE-RP,18-03-2020,RKI,3,3,0,1584489600000,07233,Vulkaneifel,14,0,14,60603,67
DE-RP,19-03-2020,RKI,4,4,0,1584576000000,07233,Vulkaneifel,18,0,18,60603,67
DE-RP,20-03-2020,RKI,5,5,0,1584662400000,07233,Vulkaneifel,23,0,23,60603,67
DE-RP,22-03-2020,RKI,0,0,0,1584835200000,07233,Vulkaneifel,23,0,23,60603,67
DE-RP,24-03-2020,RKI,1,1,0,1585008000000,07233,Vulkaneifel,24,0,24,60603,67
DE-RP,25-03-2020,RKI,0,0,0,1585094400000,07233,Vulkaneifel,24,0,24,60603,67
DE-RP,27-03-2020,RKI,3,3,0,1585267200000,07233,Vulkaneifel,27,0,27,60603,67
DE-RP,28-03-2020,RKI,5,5,0,1585353600000,07233,Vulkaneifel,32,0,32,60603,67
DE-RP,29-03-2020,RKI,2,2,0,1585440000000,07233,Vulkaneifel,34,0,34,60603,67
DE-RP,30-03-2020,RKI,2,2,0,1585526400000,07233,Vulkaneifel,36,0,36,60603,67
DE-RP,31-03-2020,RKI,0,0,0,1585612800000,07233,Vulkaneifel,36,0,36,60603,67
DE-RP,01-04-2020,RKI,6,5,1,1585699200000,07233,Vulkaneifel,42,1,41,60603,67
DE-RP,02-04-2020,RKI,4,4,0,1585785600000,07233,Vulkaneifel,46,1,45,60603,67
DE-RP,03-04-2020,RKI,0,0,0,1585872000000,07233,Vulkaneifel,46,1,45,60603,67
DE-RP,04-04-2020,RKI,16,16,0,1585958400000,07233,Vulkaneifel,62,1,61,60603,67
DE-RP,06-04-2020,RKI,3,3,0,1586131200000,07233,Vulkaneifel,65,1,64,60603,67
DE-RP,08-04-2020,RKI,2,2,0,1586304000000,07233,Vulkaneifel,67,1,66,60603,67
DE-RP,09-04-2020,RKI,0,0,0,1586390400000,07233,Vulkaneifel,67,1,66,60603,67
DE-RP,10-04-2020,RKI,3,3,0,1586476800000,07233,Vulkaneifel,70,1,69,60603,67
DE-RP,11-04-2020,RKI,0,0,0,1586563200000,07233,Vulkaneifel,70,1,69,60603,67
DE-RP,13-04-2020,RKI,4,3,1,1586736000000,07233,Vulkaneifel,74,2,72,60603,67
DE-RP,15-04-2020,RKI,0,0,0,1586908800000,07233,Vulkaneifel,74,2,72,60603,67
DE-RP,17-04-2020,RKI,0,0,0,1587081600000,07233,Vulkaneifel,74,2,72,60603,67
DE-RP,20-04-2020,RKI,3,3,0,1587340800000,07233,Vulkaneifel,77,2,75,60603,67
DE-RP,21-04-2020,RKI,1,0,1,1587427200000,07233,Vulkaneifel,78,3,75,60603,67
DE-RP,23-04-2020,RKI,0,0,0,1587600000000,07233,Vulkaneifel,78,3,75,60603,67
DE-RP,29-04-2020,RKI,0,0,0,1588118400000,07233,Vulkaneifel,78,3,75,60603,67
DE-RP,30-04-2020,RKI,0,0,0,1588204800000,07233,Vulkaneifel,78,3,75,60603,67
DE-RP,01-05-2020,RKI,3,3,0,1588291200000,07233,Vulkaneifel,81,3,78,60603,67
DE-RP,05-05-2020,RKI,0,0,0,1588636800000,07233,Vulkaneifel,81,3,78,60603,67
DE-RP,07-05-2020,RKI,0,0,0,1588809600000,07233,Vulkaneifel,81,3,78,60603,67
DE-RP,09-05-2020,RKI,0,0,0,1588982400000,07233,Vulkaneifel,81,3,78,60603,67
DE-RP,15-03-2020,RKI,6,6,0,1584230400000,07235,Trier-Saarburg,6,0,6,148945,135
DE-RP,16-03-2020,RKI,0,0,0,1584316800000,07235,Trier-Saarburg,6,0,6,148945,135
DE-RP,17-03-2020,RKI,3,3,0,1584403200000,07235,Trier-Saarburg,9,0,9,148945,135
DE-RP,18-03-2020,RKI,3,3,0,1584489600000,07235,Trier-Saarburg,12,0,12,148945,135
DE-RP,19-03-2020,RKI,3,2,1,1584576000000,07235,Trier-Saarburg,15,1,14,148945,135
DE-RP,20-03-2020,RKI,1,1,0,1584662400000,07235,Trier-Saarburg,16,1,15,148945,135
DE-RP,21-03-2020,RKI,5,5,0,1584748800000,07235,Trier-Saarburg,21,1,20,148945,135
DE-RP,22-03-2020,RKI,2,2,0,1584835200000,07235,Trier-Saarburg,23,1,22,148945,135
DE-RP,23-03-2020,RKI,2,2,0,1584921600000,07235,Trier-Saarburg,25,1,24,148945,135
DE-RP,24-03-2020,RKI,4,3,1,1585008000000,07235,Trier-Saarburg,29,2,27,148945,135
DE-RP,25-03-2020,RKI,2,2,0,1585094400000,07235,Trier-Saarburg,31,2,29,148945,135
DE-RP,26-03-2020,RKI,2,2,0,1585180800000,07235,Trier-Saarburg,33,2,31,148945,135
DE-RP,27-03-2020,RKI,2,1,1,1585267200000,07235,Trier-Saarburg,35,3,32,148945,135
DE-RP,28-03-2020,RKI,4,4,0,1585353600000,07235,Trier-Saarburg,39,3,36,148945,135
DE-RP,29-03-2020,RKI,19,18,1,1585440000000,07235,Trier-Saarburg,58,4,54,148945,135
DE-RP,30-03-2020,RKI,3,3,0,1585526400000,07235,Trier-Saarburg,61,4,57,148945,135
DE-RP,31-03-2020,RKI,3,3,0,1585612800000,07235,Trier-Saarburg,64,4,60,148945,135
DE-RP,01-04-2020,RKI,7,7,0,1585699200000,07235,Trier-Saarburg,71,4,67,148945,135
DE-RP,02-04-2020,RKI,5,5,0,1585785600000,07235,Trier-Saarburg,76,4,72,148945,135
DE-RP,03-04-2020,RKI,5,5,0,1585872000000,07235,Trier-Saarburg,81,4,77,148945,135
DE-RP,04-04-2020,RKI,1,1,0,1585958400000,07235,Trier-Saarburg,82,4,78,148945,135
DE-RP,05-04-2020,RKI,2,2,0,1586044800000,07235,Trier-Saarburg,84,4,80,148945,135
DE-RP,06-04-2020,RKI,7,7,0,1586131200000,07235,Trier-Saarburg,91,4,87,148945,135
DE-RP,07-04-2020,RKI,6,6,0,1586217600000,07235,Trier-Saarburg,97,4,93,148945,135
DE-RP,08-04-2020,RKI,3,3,0,1586304000000,07235,Trier-Saarburg,100,4,96,148945,135
DE-RP,09-04-2020,RKI,3,3,0,1586390400000,07235,Trier-Saarburg,103,4,99,148945,135
DE-RP,10-04-2020,RKI,1,1,0,1586476800000,07235,Trier-Saarburg,104,4,100,148945,135
DE-RP,11-04-2020,RKI,0,0,0,1586563200000,07235,Trier-Saarburg,104,4,100,148945,135
DE-RP,12-04-2020,RKI,3,3,0,1586649600000,07235,Trier-Saarburg,107,4,103,148945,135
DE-RP,13-04-2020,RKI,6,5,1,1586736000000,07235,Trier-Saarburg,113,5,108,148945,135
DE-RP,14-04-2020,RKI,4,4,0,1586822400000,07235,Trier-Saarburg,117,5,112,148945,135
DE-RP,15-04-2020,RKI,3,3,0,1586908800000,07235,Trier-Saarburg,120,5,115,148945,135
DE-RP,16-04-2020,RKI,5,5,0,1586995200000,07235,Trier-Saarburg,125,5,120,148945,135
DE-RP,17-04-2020,RKI,2,2,0,1587081600000,07235,Trier-Saarburg,127,5,122,148945,135
DE-RP,19-04-2020,RKI,1,0,1,1587254400000,07235,Trier-Saarburg,128,6,122,148945,135
DE-RP,21-04-2020,RKI,0,0,0,1587427200000,07235,Trier-Saarburg,128,6,122,148945,135
DE-RP,22-04-2020,RKI,3,3,0,1587513600000,07235,Trier-Saarburg,131,6,125,148945,135
DE-RP,23-04-2020,RKI,1,1,0,1587600000000,07235,Trier-Saarburg,132,6,126,148945,135
DE-RP,24-04-2020,RKI,0,0,0,1587686400000,07235,Trier-Saarburg,132,6,126,148945,135
DE-RP,27-04-2020,RKI,0,0,0,1587945600000,07235,Trier-Saarburg,132,6,126,148945,135
DE-RP,28-04-2020,RKI,0,0,0,1588032000000,07235,Trier-Saarburg,132,6,126,148945,135
DE-RP,29-04-2020,RKI,6,6,0,1588118400000,07235,Trier-Saarburg,138,6,132,148945,135
DE-RP,30-04-2020,RKI,2,2,0,1588204800000,07235,Trier-Saarburg,140,6,134,148945,135
DE-RP,01-05-2020,RKI,1,1,0,1588291200000,07235,Trier-Saarburg,141,6,135,148945,135
DE-RP,04-05-2020,RKI,3,2,1,1588550400000,07235,Trier-Saarburg,144,7,137,148945,135
DE-RP,06-05-2020,RKI,0,0,0,1588723200000,07235,Trier-Saarburg,144,7,137,148945,135
DE-RP,11-05-2020,RKI,0,0,0,1589155200000,07235,Trier-Saarburg,144,7,137,148945,135
DE-RP,15-05-2020,RKI,0,0,0,1589500800000,07235,Trier-Saarburg,144,7,137,148945,135
DE-RP,19-05-2020,RKI,0,0,0,1589846400000,07235,Trier-Saarburg,144,7,137,148945,135
DE-RP,17-03-2020,RKI,1,1,0,1584403200000,07311,Frankenthal,1,0,1,48561,1110
DE-RP,18-03-2020,RKI,4,4,0,1584489600000,07311,Frankenthal,5,0,5,48561,1110
DE-RP,19-03-2020,RKI,0,0,0,1584576000000,07311,Frankenthal,5,0,5,48561,1110
DE-RP,20-03-2020,RKI,1,1,0,1584662400000,07311,Frankenthal,6,0,6,48561,1110
DE-RP,23-03-2020,RKI,0,0,0,1584921600000,07311,Frankenthal,6,0,6,48561,1110
DE-RP,26-03-2020,RKI,0,0,0,1585180800000,07311,Frankenthal,6,0,6,48561,1110
DE-RP,27-03-2020,RKI,2,1,1,1585267200000,07311,Frankenthal,8,1,7,48561,1110
DE-RP,29-03-2020,RKI,2,2,0,1585440000000,07311,Frankenthal,10,1,9,48561,1110
DE-RP,31-03-2020,RKI,2,2,0,1585612800000,07311,Frankenthal,12,1,11,48561,1110
DE-RP,01-04-2020,RKI,1,1,0,1585699200000,07311,Frankenthal,13,1,12,48561,1110
DE-RP,02-04-2020,RKI,0,0,0,1585785600000,07311,Frankenthal,13,1,12,48561,1110
DE-RP,03-04-2020,RKI,0,0,0,1585872000000,07311,Frankenthal,13,1,12,48561,1110
DE-RP,04-04-2020,RKI,0,0,0,1585958400000,07311,Frankenthal,13,1,12,48561,1110
DE-RP,09-04-2020,RKI,3,3,0,1586390400000,07311,Frankenthal,16,1,15,48561,1110
DE-RP,14-04-2020,RKI,0,0,0,1586822400000,07311,Frankenthal,16,1,15,48561,1110
DE-RP,16-04-2020,RKI,0,0,0,1586995200000,07311,Frankenthal,16,1,15,48561,1110
DE-RP,18-04-2020,RKI,2,2,0,1587168000000,07311,Frankenthal,18,1,17,48561,1110
DE-RP,20-04-2020,RKI,0,0,0,1587340800000,07311,Frankenthal,18,1,17,48561,1110
DE-RP,22-04-2020,RKI,0,0,0,1587513600000,07311,Frankenthal,18,1,17,48561,1110
DE-RP,25-04-2020,RKI,0,0,0,1587772800000,07311,Frankenthal,18,1,17,48561,1110
DE-RP,27-04-2020,RKI,1,1,0,1587945600000,07311,Frankenthal,19,1,18,48561,1110
DE-RP,07-05-2020,RKI,0,0,0,1588809600000,07311,Frankenthal,19,1,18,48561,1110
DE-RP,20-05-2020,RKI,0,0,0,1589932800000,07311,Frankenthal,19,1,18,48561,1110
DE-RP,28-05-2020,RKI,0,0,0,1590624000000,07311,Frankenthal,19,1,18,48561,1110
DE-RP,29-02-2020,RKI,0,0,0,1582934400000,07312,Kaiserslautern,0,0,0,99845,715
DE-RP,03-03-2020,RKI,0,0,0,1583193600000,07312,Kaiserslautern,0,0,0,99845,715
DE-RP,06-03-2020,RKI,0,0,0,1583452800000,07312,Kaiserslautern,0,0,0,99845,715
DE-RP,11-03-2020,RKI,0,0,0,1583884800000,07312,Kaiserslautern,0,0,0,99845,715
DE-RP,13-03-2020,RKI,0,0,0,1584057600000,07312,Kaiserslautern,0,0,0,99845,715
DE-RP,15-03-2020,RKI,1,1,0,1584230400000,07312,Kaiserslautern,1,0,1,99845,715
DE-RP,16-03-2020,RKI,2,2,0,1584316800000,07312,Kaiserslautern,3,0,3,99845,715
DE-RP,18-03-2020,RKI,1,1,0,1584489600000,07312,Kaiserslautern,4,0,4,99845,715
DE-RP,20-03-2020,RKI,0,0,0,1584662400000,07312,Kaiserslautern,4,0,4,99845,715
DE-RP,21-03-2020,RKI,5,5,0,1584748800000,07312,Kaiserslautern,9,0,9,99845,715
DE-RP,22-03-2020,RKI,6,6,0,1584835200000,07312,Kaiserslautern,15,0,15,99845,715
DE-RP,23-03-2020,RKI,3,3,0,1584921600000,07312,Kaiserslautern,18,0,18,99845,715
DE-RP,24-03-2020,RKI,6,6,0,1585008000000,07312,Kaiserslautern,24,0,24,99845,715
DE-RP,25-03-2020,RKI,7,7,0,1585094400000,07312,Kaiserslautern,31,0,31,99845,715
DE-RP,26-03-2020,RKI,3,2,1,1585180800000,07312,Kaiserslautern,34,1,33,99845,715
DE-RP,27-03-2020,RKI,2,2,0,1585267200000,07312,Kaiserslautern,36,1,35,99845,715
DE-RP,28-03-2020,RKI,0,0,0,1585353600000,07312,Kaiserslautern,36,1,35,99845,715
DE-RP,29-03-2020,RKI,0,0,0,1585440000000,07312,Kaiserslautern,36,1,35,99845,715
DE-RP,31-03-2020,RKI,4,4,0,1585612800000,07312,Kaiserslautern,40,1,39,99845,715
DE-RP,01-04-2020,RKI,2,2,0,1585699200000,07312,Kaiserslautern,42,1,41,99845,715
DE-RP,02-04-2020,RKI,3,3,0,1585785600000,07312,Kaiserslautern,45,1,44,99845,715
DE-RP,03-04-2020,RKI,3,2,1,1585872000000,07312,Kaiserslautern,48,2,46,99845,715
DE-RP,04-04-2020,RKI,2,2,0,1585958400000,07312,Kaiserslautern,50,2,48,99845,715
DE-RP,06-04-2020,RKI,0,0,0,1586131200000,07312,Kaiserslautern,50,2,48,99845,715
DE-RP,07-04-2020,RKI,0,0,0,1586217600000,07312,Kaiserslautern,50,2,48,99845,715
DE-RP,08-04-2020,RKI,7,7,0,1586304000000,07312,Kaiserslautern,57,2,55,99845,715
DE-RP,09-04-2020,RKI,1,1,0,1586390400000,07312,Kaiserslautern,58,2,56,99845,715
DE-RP,10-04-2020,RKI,0,0,0,1586476800000,07312,Kaiserslautern,58,2,56,99845,715
DE-RP,11-04-2020,RKI,1,1,0,1586563200000,07312,Kaiserslautern,59,2,57,99845,715
DE-RP,14-04-2020,RKI,1,0,1,1586822400000,07312,Kaiserslautern,60,3,57,99845,715
DE-RP,15-04-2020,RKI,4,3,1,1586908800000,07312,Kaiserslautern,64,4,60,99845,715
DE-RP,16-04-2020,RKI,0,0,0,1586995200000,07312,Kaiserslautern,64,4,60,99845,715
DE-RP,17-04-2020,RKI,4,4,0,1587081600000,07312,Kaiserslautern,68,4,64,99845,715
DE-RP,18-04-2020,RKI,2,2,0,1587168000000,07312,Kaiserslautern,70,4,66,99845,715
DE-RP,19-04-2020,RKI,0,0,0,1587254400000,07312,Kaiserslautern,70,4,66,99845,715
DE-RP,20-04-2020,RKI,0,0,0,1587340800000,07312,Kaiserslautern,70,4,66,99845,715
DE-RP,21-04-2020,RKI,2,2,0,1587427200000,07312,Kaiserslautern,72,4,68,99845,715
DE-RP,23-04-2020,RKI,0,0,0,1587600000000,07312,Kaiserslautern,72,4,68,99845,715
DE-RP,27-04-2020,RKI,4,4,0,1587945600000,07312,Kaiserslautern,76,4,72,99845,715
DE-RP,28-04-2020,RKI,0,0,0,1588032000000,07312,Kaiserslautern,76,4,72,99845,715
DE-RP,30-04-2020,RKI,5,5,0,1588204800000,07312,Kaiserslautern,81,4,77,99845,715
DE-RP,01-05-2020,RKI,6,6,0,1588291200000,07312,Kaiserslautern,87,4,83,99845,715
DE-RP,04-05-2020,RKI,0,0,0,1588550400000,07312,Kaiserslautern,87,4,83,99845,715
DE-RP,05-05-2020,RKI,0,0,0,1588636800000,07312,Kaiserslautern,87,4,83,99845,715
DE-RP,06-05-2020,RKI,1,1,0,1588723200000,07312,Kaiserslautern,88,4,84,99845,715
DE-RP,08-05-2020,RKI,1,1,0,1588896000000,07312,Kaiserslautern,89,4,85,99845,715
DE-RP,09-05-2020,RKI,1,1,0,1588982400000,07312,Kaiserslautern,90,4,86,99845,715
DE-RP,12-05-2020,RKI,0,0,0,1589241600000,07312,Kaiserslautern,90,4,86,99845,715
DE-RP,13-05-2020,RKI,1,0,0,1589328000000,07312,Kaiserslautern,91,4,86,99845,715
DE-RP,15-05-2020,RKI,0,0,0,1589500800000,07312,Kaiserslautern,91,4,86,99845,715
DE-RP,16-05-2020,RKI,2,0,0,1589587200000,07312,Kaiserslautern,93,4,86,99845,715
DE-RP,18-05-2020,RKI,6,2,0,1589760000000,07312,Kaiserslautern,99,4,88,99845,715
DE-RP,19-05-2020,RKI,1,0,0,1589846400000,07312,Kaiserslautern,100,4,88,99845,715
DE-RP,20-05-2020,RKI,0,0,0,1589932800000,07312,Kaiserslautern,100,4,88,99845,715
DE-RP,21-05-2020,RKI,0,0,0,1590019200000,07312,Kaiserslautern,100,4,88,99845,715
DE-RP,22-05-2020,RKI,1,0,0,1590105600000,07312,Kaiserslautern,101,4,88,99845,715
DE-RP,23-05-2020,RKI,1,1,0,1590192000000,07312,Kaiserslautern,102,4,89,99845,715
DE-RP,25-05-2020,RKI,1,0,0,1590364800000,07312,Kaiserslautern,103,4,89,99845,715
DE-RP,30-05-2020,RKI,1,0,0,1590796800000,07312,Kaiserslautern,104,4,89,99845,715
DE-RP,01-06-2020,RKI,0,0,0,1590969600000,07312,Kaiserslautern,104,4,89,99845,715
DE-RP,04-06-2020,RKI,4,0,0,1591228800000,07312,Kaiserslautern,108,4,89,99845,715
DE-RP,18-03-2020,RKI,0,0,0,1584489600000,07313,Landau in der Pfalz,0,0,0,46677,563
DE-RP,19-03-2020,RKI,1,1,0,1584576000000,07313,Landau in der Pfalz,1,0,1,46677,563
DE-RP,20-03-2020,RKI,0,0,0,1584662400000,07313,Landau in der Pfalz,1,0,1,46677,563
DE-RP,23-03-2020,RKI,1,1,0,1584921600000,07313,Landau in der Pfalz,2,0,2,46677,563
DE-RP,24-03-2020,RKI,5,5,0,1585008000000,07313,Landau in der Pfalz,7,0,7,46677,563
DE-RP,26-03-2020,RKI,5,5,0,1585180800000,07313,Landau in der Pfalz,12,0,12,46677,563
DE-RP,27-03-2020,RKI,5,5,0,1585267200000,07313,Landau in der Pfalz,17,0,17,46677,563
DE-RP,28-03-2020,RKI,2,2,0,1585353600000,07313,Landau in der Pfalz,19,0,19,46677,563
DE-RP,29-03-2020,RKI,1,1,0,1585440000000,07313,Landau in der Pfalz,20,0,20,46677,563
DE-RP,30-03-2020,RKI,0,0,0,1585526400000,07313,Landau in der Pfalz,20,0,20,46677,563
DE-RP,31-03-2020,RKI,1,0,1,1585612800000,07313,Landau in der Pfalz,21,1,20,46677,563
DE-RP,01-04-2020,RKI,5,5,0,1585699200000,07313,Landau in der Pfalz,26,1,25,46677,563
DE-RP,02-04-2020,RKI,1,1,0,1585785600000,07313,Landau in der Pfalz,27,1,26,46677,563
DE-RP,03-04-2020,RKI,0,0,0,1585872000000,07313,Landau in der Pfalz,27,1,26,46677,563
DE-RP,05-04-2020,RKI,1,1,0,1586044800000,07313,Landau in der Pfalz,28,1,27,46677,563
DE-RP,08-04-2020,RKI,3,3,0,1586304000000,07313,Landau in der Pfalz,31,1,30,46677,563
DE-RP,13-04-2020,RKI,0,0,0,1586736000000,07313,Landau in der Pfalz,31,1,30,46677,563
DE-RP,17-04-2020,RKI,0,0,0,1587081600000,07313,Landau in der Pfalz,31,1,30,46677,563
DE-RP,18-04-2020,RKI,0,0,0,1587168000000,07313,Landau in der Pfalz,31,1,30,46677,563
DE-RP,22-04-2020,RKI,1,1,0,1587513600000,07313,Landau in der Pfalz,32,1,31,46677,563
DE-RP,27-04-2020,RKI,0,0,0,1587945600000,07313,Landau in der Pfalz,32,1,31,46677,563
DE-RP,04-05-2020,RKI,0,0,0,1588550400000,07313,Landau in der Pfalz,32,1,31,46677,563
DE-RP,06-03-2020,RKI,0,0,0,1583452800000,07315,Mainz,0,0,0,217118,2221
DE-RP,10-03-2020,RKI,0,0,0,1583798400000,07315,Mainz,0,0,0,217118,2221
DE-RP,11-03-2020,RKI,0,0,0,1583884800000,07315,Mainz,0,0,0,217118,2221
DE-RP,12-03-2020,RKI,8,8,0,1583971200000,07315,Mainz,8,0,8,217118,2221
DE-RP,14-03-2020,RKI,3,3,0,1584144000000,07315,Mainz,11,0,11,217118,2221
DE-RP,15-03-2020,RKI,0,0,0,1584230400000,07315,Mainz,11,0,11,217118,2221
DE-RP,16-03-2020,RKI,6,6,0,1584316800000,07315,Mainz,17,0,17,217118,2221
DE-RP,17-03-2020,RKI,3,3,0,1584403200000,07315,Mainz,20,0,20,217118,2221
DE-RP,18-03-2020,RKI,14,14,0,1584489600000,07315,Mainz,34,0,34,217118,2221
DE-RP,19-03-2020,RKI,5,5,0,1584576000000,07315,Mainz,39,0,39,217118,2221
DE-RP,20-03-2020,RKI,10,10,0,1584662400000,07315,Mainz,49,0,49,217118,2221
DE-RP,21-03-2020,RKI,6,6,0,1584748800000,07315,Mainz,55,0,55,217118,2221
DE-RP,22-03-2020,RKI,13,12,1,1584835200000,07315,Mainz,68,1,67,217118,2221
DE-RP,23-03-2020,RKI,6,6,0,1584921600000,07315,Mainz,74,1,73,217118,2221
DE-RP,24-03-2020,RKI,7,7,0,1585008000000,07315,Mainz,81,1,80,217118,2221
DE-RP,25-03-2020,RKI,8,8,0,1585094400000,07315,Mainz,89,1,88,217118,2221
DE-RP,26-03-2020,RKI,12,11,1,1585180800000,07315,Mainz,101,2,99,217118,2221
DE-RP,27-03-2020,RKI,19,18,1,1585267200000,07315,Mainz,120,3,117,217118,2221
DE-RP,28-03-2020,RKI,14,13,1,1585353600000,07315,Mainz,134,4,130,217118,2221
DE-RP,29-03-2020,RKI,20,19,1,1585440000000,07315,Mainz,154,5,149,217118,2221
DE-RP,30-03-2020,RKI,4,4,0,1585526400000,07315,Mainz,158,5,153,217118,2221
DE-RP,31-03-2020,RKI,7,7,0,1585612800000,07315,Mainz,165,5,160,217118,2221
DE-RP,01-04-2020,RKI,15,15,0,1585699200000,07315,Mainz,180,5,175,217118,2221
DE-RP,02-04-2020,RKI,11,11,0,1585785600000,07315,Mainz,191,5,186,217118,2221
DE-RP,03-04-2020,RKI,21,21,0,1585872000000,07315,Mainz,212,5,207,217118,2221
DE-RP,04-04-2020,RKI,2,2,0,1585958400000,07315,Mainz,214,5,209,217118,2221
DE-RP,05-04-2020,RKI,16,15,1,1586044800000,07315,Mainz,230,6,224,217118,2221
DE-RP,06-04-2020,RKI,11,10,1,1586131200000,07315,Mainz,241,7,234,217118,2221
DE-RP,07-04-2020,RKI,20,19,1,1586217600000,07315,Mainz,261,8,253,217118,2221
DE-RP,08-04-2020,RKI,17,17,0,1586304000000,07315,Mainz,278,8,270,217118,2221
DE-RP,09-04-2020,RKI,21,18,3,1586390400000,07315,Mainz,299,11,288,217118,2221
DE-RP,10-04-2020,RKI,8,6,2,1586476800000,07315,Mainz,307,13,294,217118,2221
DE-RP,11-04-2020,RKI,7,7,0,1586563200000,07315,Mainz,314,13,301,217118,2221
DE-RP,13-04-2020,RKI,0,0,0,1586736000000,07315,Mainz,314,13,301,217118,2221
DE-RP,14-04-2020,RKI,2,1,1,1586822400000,07315,Mainz,316,14,302,217118,2221
DE-RP,15-04-2020,RKI,16,16,0,1586908800000,07315,Mainz,332,14,318,217118,2221
DE-RP,16-04-2020,RKI,12,10,2,1586995200000,07315,Mainz,344,16,328,217118,2221
DE-RP,17-04-2020,RKI,14,11,3,1587081600000,07315,Mainz,358,19,339,217118,2221
DE-RP,18-04-2020,RKI,21,20,1,1587168000000,07315,Mainz,379,20,359,217118,2221
DE-RP,19-04-2020,RKI,1,1,0,1587254400000,07315,Mainz,380,20,360,217118,2221
DE-RP,20-04-2020,RKI,2,2,0,1587340800000,07315,Mainz,382,20,362,217118,2221
DE-RP,21-04-2020,RKI,6,6,0,1587427200000,07315,Mainz,388,20,368,217118,2221
DE-RP,22-04-2020,RKI,17,15,2,1587513600000,07315,Mainz,405,22,383,217118,2221
DE-RP,23-04-2020,RKI,8,8,0,1587600000000,07315,Mainz,413,22,391,217118,2221
DE-RP,24-04-2020,RKI,17,15,2,1587686400000,07315,Mainz,430,24,406,217118,2221
DE-RP,25-04-2020,RKI,2,2,0,1587772800000,07315,Mainz,432,24,408,217118,2221
DE-RP,26-04-2020,RKI,1,1,0,1587859200000,07315,Mainz,433,24,409,217118,2221
DE-RP,27-04-2020,RKI,0,0,0,1587945600000,07315,Mainz,433,24,409,217118,2221
DE-RP,28-04-2020,RKI,6,6,0,1588032000000,07315,Mainz,439,24,415,217118,2221
DE-RP,29-04-2020,RKI,5,5,0,1588118400000,07315,Mainz,444,24,420,217118,2221
DE-RP,30-04-2020,RKI,3,3,0,1588204800000,07315,Mainz,447,24,423,217118,2221
DE-RP,01-05-2020,RKI,6,6,0,1588291200000,07315,Mainz,453,24,429,217118,2221
DE-RP,04-05-2020,RKI,4,4,0,1588550400000,07315,Mainz,457,24,433,217118,2221
DE-RP,05-05-2020,RKI,10,10,0,1588636800000,07315,Mainz,467,24,443,217118,2221
DE-RP,06-05-2020,RKI,2,2,0,1588723200000,07315,Mainz,469,24,445,217118,2221
DE-RP,07-05-2020,RKI,7,6,1,1588809600000,07315,Mainz,476,25,451,217118,2221
DE-RP,08-05-2020,RKI,3,3,0,1588896000000,07315,Mainz,479,25,454,217118,2221
DE-RP,09-05-2020,RKI,5,5,0,1588982400000,07315,Mainz,484,25,459,217118,2221
DE-RP,11-05-2020,RKI,0,0,0,1589155200000,07315,Mainz,484,25,459,217118,2221
DE-RP,12-05-2020,RKI,1,1,0,1589241600000,07315,Mainz,485,25,460,217118,2221
DE-RP,13-05-2020,RKI,4,4,0,1589328000000,07315,Mainz,489,25,464,217118,2221
DE-RP,14-05-2020,RKI,0,0,0,1589414400000,07315,Mainz,489,25,464,217118,2221
DE-RP,15-05-2020,RKI,10,8,0,1589500800000,07315,Mainz,499,25,472,217118,2221
DE-RP,16-05-2020,RKI,0,0,0,1589587200000,07315,Mainz,499,25,472,217118,2221
DE-RP,17-05-2020,RKI,0,0,0,1589673600000,07315,Mainz,499,25,472,217118,2221
DE-RP,20-05-2020,RKI,4,4,0,1589932800000,07315,Mainz,503,25,476,217118,2221
DE-RP,21-05-2020,RKI,0,0,0,1590019200000,07315,Mainz,503,25,476,217118,2221
DE-RP,22-05-2020,RKI,1,1,0,1590105600000,07315,Mainz,504,25,477,217118,2221
DE-RP,26-05-2020,RKI,30,4,0,1590451200000,07315,Mainz,534,25,481,217118,2221
DE-RP,27-05-2020,RKI,1,1,0,1590537600000,07315,Mainz,535,25,482,217118,2221
DE-RP,28-05-2020,RKI,1,0,0,1590624000000,07315,Mainz,536,25,482,217118,2221
DE-RP,29-05-2020,RKI,4,0,0,1590710400000,07315,Mainz,540,25,482,217118,2221
DE-RP,30-05-2020,RKI,4,0,0,1590796800000,07315,Mainz,544,25,482,217118,2221
DE-RP,03-06-2020,RKI,1,0,0,1591142400000,07315,Mainz,545,25,482,217118,2221
DE-RP,04-06-2020,RKI,12,0,0,1591228800000,07315,Mainz,557,25,482,217118,2221
DE-RP,13-03-2020,RKI,1,1,0,1584057600000,07316,Neustadt an der Weinstraße,1,0,1,53148,454
DE-RP,17-03-2020,RKI,2,2,0,1584403200000,07316,Neustadt an der Weinstraße,3,0,3,53148,454
DE-RP,18-03-2020,RKI,3,2,1,1584489600000,07316,Neustadt an der Weinstraße,6,1,5,53148,454
DE-RP,19-03-2020,RKI,1,1,0,1584576000000,07316,Neustadt an der Weinstraße,7,1,6,53148,454
DE-RP,20-03-2020,RKI,5,5,0,1584662400000,07316,Neustadt an der Weinstraße,12,1,11,53148,454
DE-RP,21-03-2020,RKI,4,4,0,1584748800000,07316,Neustadt an der Weinstraße,16,1,15,53148,454
DE-RP,23-03-2020,RKI,10,10,0,1584921600000,07316,Neustadt an der Weinstraße,26,1,25,53148,454
DE-RP,24-03-2020,RKI,3,3,0,1585008000000,07316,Neustadt an der Weinstraße,29,1,28,53148,454
DE-RP,25-03-2020,RKI,2,2,0,1585094400000,07316,Neustadt an der Weinstraße,31,1,30,53148,454
DE-RP,26-03-2020,RKI,3,3,0,1585180800000,07316,Neustadt an der Weinstraße,34,1,33,53148,454
DE-RP,27-03-2020,RKI,5,5,0,1585267200000,07316,Neustadt an der Weinstraße,39,1,38,53148,454
DE-RP,28-03-2020,RKI,2,2,0,1585353600000,07316,Neustadt an der Weinstraße,41,1,40,53148,454
DE-RP,30-03-2020,RKI,4,4,0,1585526400000,07316,Neustadt an der Weinstraße,45,1,44,53148,454
DE-RP,31-03-2020,RKI,1,1,0,1585612800000,07316,Neustadt an der Weinstraße,46,1,45,53148,454
DE-RP,01-04-2020,RKI,4,4,0,1585699200000,07316,Neustadt an der Weinstraße,50,1,49,53148,454
DE-RP,02-04-2020,RKI,2,2,0,1585785600000,07316,Neustadt an der Weinstraße,52,1,51,53148,454
DE-RP,03-04-2020,RKI,4,4,0,1585872000000,07316,Neustadt an der Weinstraße,56,1,55,53148,454
DE-RP,04-04-2020,RKI,3,3,0,1585958400000,07316,Neustadt an der Weinstraße,59,1,58,53148,454
DE-RP,05-04-2020,RKI,1,1,0,1586044800000,07316,Neustadt an der Weinstraße,60,1,59,53148,454
DE-RP,06-04-2020,RKI,2,2,0,1586131200000,07316,Neustadt an der Weinstraße,62,1,61,53148,454
DE-RP,07-04-2020,RKI,1,1,0,1586217600000,07316,Neustadt an der Weinstraße,63,1,62,53148,454
DE-RP,08-04-2020,RKI,3,3,0,1586304000000,07316,Neustadt an der Weinstraße,66,1,65,53148,454
DE-RP,10-04-2020,RKI,4,4,0,1586476800000,07316,Neustadt an der Weinstraße,70,1,69,53148,454
DE-RP,14-04-2020,RKI,0,0,0,1586822400000,07316,Neustadt an der Weinstraße,70,1,69,53148,454
DE-RP,15-04-2020,RKI,1,1,0,1586908800000,07316,Neustadt an der Weinstraße,71,1,70,53148,454
DE-RP,17-04-2020,RKI,0,0,0,1587081600000,07316,Neustadt an der Weinstraße,71,1,70,53148,454
DE-RP,22-04-2020,RKI,1,1,0,1587513600000,07316,Neustadt an der Weinstraße,72,1,71,53148,454
DE-RP,30-04-2020,RKI,0,0,0,1588204800000,07316,Neustadt an der Weinstraße,72,1,71,53148,454
DE-RP,13-05-2020,RKI,0,0,0,1589328000000,07316,Neustadt an der Weinstraße,72,1,71,53148,454
DE-RP,01-06-2020,RKI,0,0,0,1590969600000,07316,Neustadt an der Weinstraße,72,1,71,53148,454
DE-RP,21-03-2020,RKI,1,1,0,1584748800000,07317,Pirmasens,1,0,1,40403,658
DE-RP,22-03-2020,RKI,1,1,0,1584835200000,07317,Pirmasens,2,0,2,40403,658
DE-RP,23-03-2020,RKI,0,0,0,1584921600000,07317,Pirmasens,2,0,2,40403,658
DE-RP,25-03-2020,RKI,3,3,0,1585094400000,07317,Pirmasens,5,0,5,40403,658
DE-RP,26-03-2020,RKI,0,0,0,1585180800000,07317,Pirmasens,5,0,5,40403,658
DE-RP,29-03-2020,RKI,2,2,0,1585440000000,07317,Pirmasens,7,0,7,40403,658
DE-RP,01-04-2020,RKI,3,3,0,1585699200000,07317,Pirmasens,10,0,10,40403,658
DE-RP,02-04-2020,RKI,0,0,0,1585785600000,07317,Pirmasens,10,0,10,40403,658
DE-RP,04-04-2020,RKI,3,3,0,1585958400000,07317,Pirmasens,13,0,13,40403,658
DE-RP,09-04-2020,RKI,1,1,0,1586390400000,07317,Pirmasens,14,0,14,40403,658
DE-RP,13-04-2020,RKI,0,0,0,1586736000000,07317,Pirmasens,14,0,14,40403,658
DE-RP,15-04-2020,RKI,2,2,0,1586908800000,07317,Pirmasens,16,0,16,40403,658
DE-RP,16-05-2020,RKI,0,0,0,1589587200000,07317,Pirmasens,16,0,16,40403,658
DE-RP,16-03-2020,RKI,0,0,0,1584316800000,07318,Speyer,1,0,1,50378,1183
DE-RP,17-03-2020,RKI,0,0,0,1584403200000,07318,Speyer,1,0,1,50378,1183
DE-RP,18-03-2020,RKI,3,3,0,1584489600000,07318,Speyer,4,0,4,50378,1183
DE-RP,23-03-2020,RKI,4,4,0,1584921600000,07318,Speyer,8,0,8,50378,1183
DE-RP,25-03-2020,RKI,1,1,0,1585094400000,07318,Speyer,9,0,9,50378,1183
DE-RP,27-03-2020,RKI,7,7,0,1585267200000,07318,Speyer,16,0,16,50378,1183
DE-RP,29-03-2020,RKI,0,0,0,1585440000000,07318,Speyer,16,0,16,50378,1183
DE-RP,30-03-2020,RKI,0,0,0,1585526400000,07318,Speyer,16,0,16,50378,1183
DE-RP,31-03-2020,RKI,4,4,0,1585612800000,07318,Speyer,20,0,20,50378,1183
DE-RP,01-04-2020,RKI,1,1,0,1585699200000,07318,Speyer,21,0,21,50378,1183
DE-RP,02-04-2020,RKI,2,2,0,1585785600000,07318,Speyer,23,0,23,50378,1183
DE-RP,03-04-2020,RKI,0,0,0,1585872000000,07318,Speyer,23,0,23,50378,1183
DE-RP,05-04-2020,RKI,1,1,0,1586044800000,07318,Speyer,24,0,24,50378,1183
DE-RP,07-04-2020,RKI,1,1,0,1586217600000,07318,Speyer,25,0,25,50378,1183
DE-RP,08-04-2020,RKI,1,1,0,1586304000000,07318,Speyer,26,0,26,50378,1183
DE-RP,09-04-2020,RKI,5,5,0,1586390400000,07318,Speyer,31,0,31,50378,1183
DE-RP,11-04-2020,RKI,0,0,0,1586563200000,07318,Speyer,31,0,31,50378,1183
DE-RP,13-04-2020,RKI,0,0,0,1586736000000,07318,Speyer,31,0,31,50378,1183
DE-RP,14-04-2020,RKI,1,1,0,1586822400000,07318,Speyer,32,0,32,50378,1183
DE-RP,15-04-2020,RKI,0,0,0,1586908800000,07318,Speyer,32,0,32,50378,1183
DE-RP,17-04-2020,RKI,0,0,0,1587081600000,07318,Speyer,32,0,32,50378,1183
DE-RP,18-04-2020,RKI,1,1,0,1587168000000,07318,Speyer,33,0,33,50378,1183
DE-RP,20-04-2020,RKI,1,1,0,1587340800000,07318,Speyer,34,0,34,50378,1183
DE-RP,21-04-2020,RKI,0,0,0,1587427200000,07318,Speyer,34,0,34,50378,1183
DE-RP,22-04-2020,RKI,0,0,0,1587513600000,07318,Speyer,34,0,34,50378,1183
DE-RP,23-04-2020,RKI,1,1,0,1587600000000,07318,Speyer,35,0,35,50378,1183
DE-RP,24-04-2020,RKI,3,3,0,1587686400000,07318,Speyer,38,0,38,50378,1183
DE-RP,26-04-2020,RKI,1,1,0,1587859200000,07318,Speyer,39,0,39,50378,1183
DE-RP,27-04-2020,RKI,4,4,0,1587945600000,07318,Speyer,43,0,43,50378,1183
DE-RP,28-04-2020,RKI,0,0,0,1588032000000,07318,Speyer,43,0,43,50378,1183
DE-RP,29-04-2020,RKI,6,6,0,1588118400000,07318,Speyer,49,0,49,50378,1183
DE-RP,06-05-2020,RKI,0,0,0,1588723200000,07318,Speyer,49,0,49,50378,1183
DE-RP,10-05-2020,RKI,0,0,0,1589068800000,07318,Speyer,49,0,49,50378,1183
DE-RP,13-05-2020,RKI,0,0,0,1589328000000,07318,Speyer,49,0,49,50378,1183
DE-RP,14-05-2020,RKI,0,0,0,1589414400000,07318,Speyer,49,0,49,50378,1183
DE-RP,28-05-2020,RKI,0,0,0,1590624000000,07318,Speyer,49,0,49,50378,1183
DE-RP,03-06-2020,RKI,0,0,0,1591142400000,07318,Speyer,49,0,49,50378,1183
DE-RP,17-03-2020,RKI,10,10,0,1584403200000,07319,Worms,10,0,10,83330,766
DE-RP,18-03-2020,RKI,3,3,0,1584489600000,07319,Worms,13,0,13,83330,766
DE-RP,19-03-2020,RKI,6,6,0,1584576000000,07319,Worms,19,0,19,83330,766
DE-RP,20-03-2020,RKI,6,6,0,1584662400000,07319,Worms,25,0,25,83330,766
DE-RP,21-03-2020,RKI,3,3,0,1584748800000,07319,Worms,28,0,28,83330,766
DE-RP,22-03-2020,RKI,5,5,0,1584835200000,07319,Worms,33,0,33,83330,766
DE-RP,23-03-2020,RKI,5,5,0,1584921600000,07319,Worms,38,0,38,83330,766
DE-RP,24-03-2020,RKI,3,3,0,1585008000000,07319,Worms,41,0,41,83330,766
DE-RP,25-03-2020,RKI,2,2,0,1585094400000,07319,Worms,43,0,43,83330,766
DE-RP,26-03-2020,RKI,3,3,0,1585180800000,07319,Worms,46,0,46,83330,766
DE-RP,27-03-2020,RKI,3,3,0,1585267200000,07319,Worms,49,0,49,83330,766
DE-RP,28-03-2020,RKI,6,6,0,1585353600000,07319,Worms,55,0,55,83330,766
DE-RP,30-03-2020,RKI,4,3,1,1585526400000,07319,Worms,59,1,58,83330,766
DE-RP,31-03-2020,RKI,5,2,3,1585612800000,07319,Worms,64,4,60,83330,766
DE-RP,01-04-2020,RKI,3,3,0,1585699200000,07319,Worms,67,4,63,83330,766
DE-RP,02-04-2020,RKI,1,1,0,1585785600000,07319,Worms,68,4,64,83330,766
DE-RP,03-04-2020,RKI,15,13,2,1585872000000,07319,Worms,83,6,77,83330,766
DE-RP,04-04-2020,RKI,9,9,0,1585958400000,07319,Worms,92,6,86,83330,766
DE-RP,05-04-2020,RKI,1,1,0,1586044800000,07319,Worms,93,6,87,83330,766
DE-RP,07-04-2020,RKI,6,5,1,1586217600000,07319,Worms,99,7,92,83330,766
DE-RP,08-04-2020,RKI,5,5,0,1586304000000,07319,Worms,104,7,97,83330,766
DE-RP,10-04-2020,RKI,6,6,0,1586476800000,07319,Worms,110,7,103,83330,766
DE-RP,11-04-2020,RKI,2,2,0,1586563200000,07319,Worms,112,7,105,83330,766
DE-RP,12-04-2020,RKI,2,2,0,1586649600000,07319,Worms,114,7,107,83330,766
DE-RP,13-04-2020,RKI,0,0,0,1586736000000,07319,Worms,114,7,107,83330,766
DE-RP,14-04-2020,RKI,0,0,0,1586822400000,07319,Worms,114,7,107,83330,766
DE-RP,15-04-2020,RKI,1,1,0,1586908800000,07319,Worms,115,7,108,83330,766
DE-RP,16-04-2020,RKI,0,0,0,1586995200000,07319,Worms,115,7,108,83330,766
DE-RP,17-04-2020,RKI,7,7,0,1587081600000,07319,Worms,122,7,115,83330,766
DE-RP,18-04-2020,RKI,2,2,0,1587168000000,07319,Worms,124,7,117,83330,766
DE-RP,19-04-2020,RKI,0,0,0,1587254400000,07319,Worms,124,7,117,83330,766
DE-RP,21-04-2020,RKI,3,3,0,1587427200000,07319,Worms,127,7,120,83330,766
DE-RP,22-04-2020,RKI,3,3,0,1587513600000,07319,Worms,130,7,123,83330,766
DE-RP,23-04-2020,RKI,0,0,0,1587600000000,07319,Worms,130,7,123,83330,766
DE-RP,24-04-2020,RKI,4,4,0,1587686400000,07319,Worms,134,7,127,83330,766
DE-RP,26-04-2020,RKI,4,4,0,1587859200000,07319,Worms,138,7,131,83330,766
DE-RP,27-04-2020,RKI,0,0,0,1587945600000,07319,Worms,138,7,131,83330,766
DE-RP,28-04-2020,RKI,0,0,0,1588032000000,07319,Worms,138,7,131,83330,766
DE-RP,29-04-2020,RKI,2,2,0,1588118400000,07319,Worms,140,7,133,83330,766
DE-RP,30-04-2020,RKI,1,1,0,1588204800000,07319,Worms,141,7,134,83330,766
DE-RP,01-05-2020,RKI,4,4,0,1588291200000,07319,Worms,145,7,138,83330,766
DE-RP,06-05-2020,RKI,0,0,0,1588723200000,07319,Worms,145,7,138,83330,766
DE-RP,07-05-2020,RKI,1,1,0,1588809600000,07319,Worms,146,7,139,83330,766
DE-RP,09-05-2020,RKI,3,3,0,1588982400000,07319,Worms,149,7,142,83330,766
DE-RP,11-05-2020,RKI,1,1,0,1589155200000,07319,Worms,150,7,143,83330,766
DE-RP,12-05-2020,RKI,0,0,0,1589241600000,07319,Worms,150,7,143,83330,766
DE-RP,15-05-2020,RKI,0,0,0,1589500800000,07319,Worms,150,7,143,83330,766
DE-RP,17-05-2020,RKI,0,0,0,1589673600000,07319,Worms,150,7,143,83330,766
DE-RP,18-05-2020,RKI,0,0,0,1589760000000,07319,Worms,150,7,143,83330,766
DE-RP,19-05-2020,RKI,0,0,0,1589846400000,07319,Worms,150,7,143,83330,766
DE-RP,20-05-2020,RKI,3,2,0,1589932800000,07319,Worms,153,7,145,83330,766
DE-RP,22-05-2020,RKI,1,1,0,1590105600000,07319,Worms,154,7,146,83330,766
DE-RP,23-05-2020,RKI,0,0,0,1590192000000,07319,Worms,154,7,146,83330,766
DE-RP,26-05-2020,RKI,0,0,0,1590451200000,07319,Worms,154,7,146,83330,766
DE-RP,27-05-2020,RKI,4,2,0,1590537600000,07319,Worms,158,7,148,83330,766
DE-RP,29-05-2020,RKI,2,0,0,1590710400000,07319,Worms,160,7,148,83330,766
DE-RP,21-03-2020,RKI,0,0,0,1584748800000,07320,Zweibrücken,1,0,1,34209,484
DE-RP,24-03-2020,RKI,0,0,0,1585008000000,07320,Zweibrücken,1,0,1,34209,484
DE-RP,26-03-2020,RKI,0,0,0,1585180800000,07320,Zweibrücken,1,0,1,34209,484
DE-RP,27-03-2020,RKI,3,3,0,1585267200000,07320,Zweibrücken,4,0,4,34209,484
DE-RP,30-03-2020,RKI,1,1,0,1585526400000,07320,Zweibrücken,5,0,5,34209,484
DE-RP,31-03-2020,RKI,0,0,0,1585612800000,07320,Zweibrücken,5,0,5,34209,484
DE-RP,01-04-2020,RKI,4,4,0,1585699200000,07320,Zweibrücken,9,0,9,34209,484
DE-RP,02-04-2020,RKI,1,1,0,1585785600000,07320,Zweibrücken,10,0,10,34209,484
DE-RP,03-04-2020,RKI,1,1,0,1585872000000,07320,Zweibrücken,11,0,11,34209,484
DE-RP,04-04-2020,RKI,3,3,0,1585958400000,07320,Zweibrücken,14,0,14,34209,484
DE-RP,07-04-2020,RKI,0,0,0,1586217600000,07320,Zweibrücken,14,0,14,34209,484
DE-RP,11-04-2020,RKI,3,3,0,1586563200000,07320,Zweibrücken,17,0,17,34209,484
DE-RP,13-04-2020,RKI,0,0,0,1586736000000,07320,Zweibrücken,17,0,17,34209,484
DE-RP,14-04-2020,RKI,0,0,0,1586822400000,07320,Zweibrücken,17,0,17,34209,484
DE-RP,16-04-2020,RKI,1,0,1,1586995200000,07320,Zweibrücken,18,1,17,34209,484
DE-RP,17-04-2020,RKI,0,0,0,1587081600000,07320,Zweibrücken,18,1,17,34209,484
DE-RP,11-05-2020,RKI,0,0,0,1589155200000,07320,Zweibrücken,18,1,17,34209,484
DE-RP,14-03-2020,RKI,4,4,0,1584144000000,07331,Alzey-Worms,5,0,5,129244,220
DE-RP,16-03-2020,RKI,3,3,0,1584316800000,07331,Alzey-Worms,8,0,8,129244,220
DE-RP,17-03-2020,RKI,12,12,0,1584403200000,07331,Alzey-Worms,20,0,20,129244,220
DE-RP,18-03-2020,RKI,0,0,0,1584489600000,07331,Alzey-Worms,20,0,20,129244,220
DE-RP,19-03-2020,RKI,8,8,0,1584576000000,07331,Alzey-Worms,28,0,28,129244,220
DE-RP,20-03-2020,RKI,8,8,0,1584662400000,07331,Alzey-Worms,36,0,36,129244,220
DE-RP,21-03-2020,RKI,0,0,0,1584748800000,07331,Alzey-Worms,36,0,36,129244,220
DE-RP,22-03-2020,RKI,6,6,0,1584835200000,07331,Alzey-Worms,42,0,42,129244,220
DE-RP,23-03-2020,RKI,5,5,0,1584921600000,07331,Alzey-Worms,47,0,47,129244,220
DE-RP,24-03-2020,RKI,1,1,0,1585008000000,07331,Alzey-Worms,48,0,48,129244,220
DE-RP,25-03-2020,RKI,2,2,0,1585094400000,07331,Alzey-Worms,50,0,50,129244,220
DE-RP,26-03-2020,RKI,6,6,0,1585180800000,07331,Alzey-Worms,56,0,56,129244,220
DE-RP,27-03-2020,RKI,4,4,0,1585267200000,07331,Alzey-Worms,60,0,60,129244,220
DE-RP,28-03-2020,RKI,4,4,0,1585353600000,07331,Alzey-Worms,64,0,64,129244,220
DE-RP,29-03-2020,RKI,2,1,1,1585440000000,07331,Alzey-Worms,66,1,65,129244,220
DE-RP,30-03-2020,RKI,0,0,0,1585526400000,07331,Alzey-Worms,66,1,65,129244,220
DE-RP,31-03-2020,RKI,3,3,0,1585612800000,07331,Alzey-Worms,69,1,68,129244,220
DE-RP,01-04-2020,RKI,3,3,0,1585699200000,07331,Alzey-Worms,72,1,71,129244,220
DE-RP,02-04-2020,RKI,2,2,0,1585785600000,07331,Alzey-Worms,74,1,73,129244,220
DE-RP,03-04-2020,RKI,4,3,1,1585872000000,07331,Alzey-Worms,78,2,76,129244,220
DE-RP,04-04-2020,RKI,4,4,0,1585958400000,07331,Alzey-Worms,82,2,80,129244,220
DE-RP,07-04-2020,RKI,3,3,0,1586217600000,07331,Alzey-Worms,85,2,83,129244,220
DE-RP,08-04-2020,RKI,8,8,0,1586304000000,07331,Alzey-Worms,93,2,91,129244,220
DE-RP,09-04-2020,RKI,3,1,2,1586390400000,07331,Alzey-Worms,96,4,92,129244,220
DE-RP,10-04-2020,RKI,8,8,0,1586476800000,07331,Alzey-Worms,104,4,100,129244,220
DE-RP,11-04-2020,RKI,2,1,1,1586563200000,07331,Alzey-Worms,106,5,101,129244,220
DE-RP,13-04-2020,RKI,2,2,0,1586736000000,07331,Alzey-Worms,108,5,103,129244,220
DE-RP,14-04-2020,RKI,8,8,0,1586822400000,07331,Alzey-Worms,116,5,111,129244,220
DE-RP,15-04-2020,RKI,2,2,0,1586908800000,07331,Alzey-Worms,118,5,113,129244,220
DE-RP,16-04-2020,RKI,3,3,0,1586995200000,07331,Alzey-Worms,121,5,116,129244,220
DE-RP,17-04-2020,RKI,6,6,0,1587081600000,07331,Alzey-Worms,127,5,122,129244,220
DE-RP,18-04-2020,RKI,2,2,0,1587168000000,07331,Alzey-Worms,129,5,124,129244,220
DE-RP,19-04-2020,RKI,0,0,0,1587254400000,07331,Alzey-Worms,129,5,124,129244,220
DE-RP,20-04-2020,RKI,1,1,0,1587340800000,07331,Alzey-Worms,130,5,125,129244,220
DE-RP,21-04-2020,RKI,4,4,0,1587427200000,07331,Alzey-Worms,134,5,129,129244,220
DE-RP,22-04-2020,RKI,1,1,0,1587513600000,07331,Alzey-Worms,135,5,130,129244,220
DE-RP,23-04-2020,RKI,3,3,0,1587600000000,07331,Alzey-Worms,138,5,133,129244,220
DE-RP,24-04-2020,RKI,6,5,1,1587686400000,07331,Alzey-Worms,144,6,138,129244,220
DE-RP,25-04-2020,RKI,7,7,0,1587772800000,07331,Alzey-Worms,151,6,145,129244,220
DE-RP,26-04-2020,RKI,3,3,0,1587859200000,07331,Alzey-Worms,154,6,148,129244,220
DE-RP,27-04-2020,RKI,10,8,2,1587945600000,07331,Alzey-Worms,164,8,156,129244,220
DE-RP,28-04-2020,RKI,7,5,2,1588032000000,07331,Alzey-Worms,171,10,161,129244,220
DE-RP,29-04-2020,RKI,5,4,1,1588118400000,07331,Alzey-Worms,176,11,165,129244,220
DE-RP,30-04-2020,RKI,4,4,0,1588204800000,07331,Alzey-Worms,180,11,169,129244,220
DE-RP,01-05-2020,RKI,1,1,0,1588291200000,07331,Alzey-Worms,181,11,170,129244,220
DE-RP,05-05-2020,RKI,4,4,0,1588636800000,07331,Alzey-Worms,185,11,174,129244,220
DE-RP,06-05-2020,RKI,4,4,0,1588723200000,07331,Alzey-Worms,189,11,178,129244,220
DE-RP,07-05-2020,RKI,2,2,0,1588809600000,07331,Alzey-Worms,191,11,180,129244,220
DE-RP,08-05-2020,RKI,1,1,0,1588896000000,07331,Alzey-Worms,192,11,181,129244,220
DE-RP,09-05-2020,RKI,2,2,0,1588982400000,07331,Alzey-Worms,194,11,183,129244,220
DE-RP,12-05-2020,RKI,3,3,0,1589241600000,07331,Alzey-Worms,197,11,186,129244,220
DE-RP,13-05-2020,RKI,4,4,0,1589328000000,07331,Alzey-Worms,201,11,190,129244,220
DE-RP,14-05-2020,RKI,2,2,0,1589414400000,07331,Alzey-Worms,203,11,192,129244,220
DE-RP,15-05-2020,RKI,0,0,0,1589500800000,07331,Alzey-Worms,203,11,192,129244,220
DE-RP,19-05-2020,RKI,0,0,0,1589846400000,07331,Alzey-Worms,203,11,192,129244,220
DE-RP,20-05-2020,RKI,1,1,0,1589932800000,07331,Alzey-Worms,204,11,193,129244,220
DE-RP,22-05-2020,RKI,0,0,0,1590105600000,07331,Alzey-Worms,204,11,193,129244,220
DE-RP,30-05-2020,RKI,0,0,0,1590796800000,07331,Alzey-Worms,204,11,193,129244,220
DE-RP,07-03-2020,RKI,0,0,0,1583539200000,07332,Bad Dürkheim,0,0,0,132660,223
DE-RP,09-03-2020,RKI,2,2,0,1583712000000,07332,Bad Dürkheim,2,0,2,132660,223
DE-RP,11-03-2020,RKI,1,1,0,1583884800000,07332,Bad Dürkheim,3,0,3,132660,223
DE-RP,12-03-2020,RKI,0,0,0,1583971200000,07332,Bad Dürkheim,3,0,3,132660,223
DE-RP,13-03-2020,RKI,3,3,0,1584057600000,07332,Bad Dürkheim,6,0,6,132660,223
DE-RP,14-03-2020,RKI,1,1,0,1584144000000,07332,Bad Dürkheim,7,0,7,132660,223
DE-RP,15-03-2020,RKI,0,0,0,1584230400000,07332,Bad Dürkheim,7,0,7,132660,223
DE-RP,16-03-2020,RKI,5,5,0,1584316800000,07332,Bad Dürkheim,12,0,12,132660,223
DE-RP,17-03-2020,RKI,17,17,0,1584403200000,07332,Bad Dürkheim,29,0,29,132660,223
DE-RP,18-03-2020,RKI,8,8,0,1584489600000,07332,Bad Dürkheim,37,0,37,132660,223
DE-RP,19-03-2020,RKI,6,6,0,1584576000000,07332,Bad Dürkheim,43,0,43,132660,223
DE-RP,20-03-2020,RKI,12,12,0,1584662400000,07332,Bad Dürkheim,55,0,55,132660,223
DE-RP,21-03-2020,RKI,11,11,0,1584748800000,07332,Bad Dürkheim,66,0,66,132660,223
DE-RP,22-03-2020,RKI,4,2,2,1584835200000,07332,Bad Dürkheim,70,2,68,132660,223
DE-RP,23-03-2020,RKI,10,10,0,1584921600000,07332,Bad Dürkheim,80,2,78,132660,223
DE-RP,24-03-2020,RKI,11,11,0,1585008000000,07332,Bad Dürkheim,91,2,89,132660,223
DE-RP,25-03-2020,RKI,6,5,1,1585094400000,07332,Bad Dürkheim,97,3,94,132660,223
DE-RP,26-03-2020,RKI,14,13,1,1585180800000,07332,Bad Dürkheim,111,4,107,132660,223
DE-RP,27-03-2020,RKI,6,6,0,1585267200000,07332,Bad Dürkheim,117,4,113,132660,223
DE-RP,28-03-2020,RKI,17,16,1,1585353600000,07332,Bad Dürkheim,134,5,129,132660,223
DE-RP,29-03-2020,RKI,0,0,0,1585440000000,07332,Bad Dürkheim,134,5,129,132660,223
DE-RP,30-03-2020,RKI,6,6,0,1585526400000,07332,Bad Dürkheim,140,5,135,132660,223
DE-RP,31-03-2020,RKI,8,8,0,1585612800000,07332,Bad Dürkheim,148,5,143,132660,223
DE-RP,01-04-2020,RKI,9,9,0,1585699200000,07332,Bad Dürkheim,157,5,152,132660,223
DE-RP,02-04-2020,RKI,8,8,0,1585785600000,07332,Bad Dürkheim,165,5,160,132660,223
DE-RP,03-04-2020,RKI,7,6,1,1585872000000,07332,Bad Dürkheim,172,6,166,132660,223
DE-RP,04-04-2020,RKI,10,10,0,1585958400000,07332,Bad Dürkheim,182,6,176,132660,223
DE-RP,05-04-2020,RKI,1,1,0,1586044800000,07332,Bad Dürkheim,183,6,177,132660,223
DE-RP,06-04-2020,RKI,7,7,0,1586131200000,07332,Bad Dürkheim,190,6,184,132660,223
DE-RP,07-04-2020,RKI,3,3,0,1586217600000,07332,Bad Dürkheim,193,6,187,132660,223
DE-RP,08-04-2020,RKI,9,8,1,1586304000000,07332,Bad Dürkheim,202,7,195,132660,223
DE-RP,09-04-2020,RKI,9,8,1,1586390400000,07332,Bad Dürkheim,211,8,203,132660,223
DE-RP,10-04-2020,RKI,8,7,1,1586476800000,07332,Bad Dürkheim,219,9,210,132660,223
DE-RP,11-04-2020,RKI,4,4,0,1586563200000,07332,Bad Dürkheim,223,9,214,132660,223
DE-RP,12-04-2020,RKI,1,1,0,1586649600000,07332,Bad Dürkheim,224,9,215,132660,223
DE-RP,13-04-2020,RKI,1,1,0,1586736000000,07332,Bad Dürkheim,225,9,216,132660,223
DE-RP,14-04-2020,RKI,1,1,0,1586822400000,07332,Bad Dürkheim,226,9,217,132660,223
DE-RP,15-04-2020,RKI,3,3,0,1586908800000,07332,Bad Dürkheim,229,9,220,132660,223
DE-RP,16-04-2020,RKI,8,7,1,1586995200000,07332,Bad Dürkheim,237,10,227,132660,223
DE-RP,17-04-2020,RKI,10,9,1,1587081600000,07332,Bad Dürkheim,247,11,236,132660,223
DE-RP,18-04-2020,RKI,1,1,0,1587168000000,07332,Bad Dürkheim,248,11,237,132660,223
DE-RP,19-04-2020,RKI,2,2,0,1587254400000,07332,Bad Dürkheim,250,11,239,132660,223
DE-RP,20-04-2020,RKI,0,0,0,1587340800000,07332,Bad Dürkheim,250,11,239,132660,223
DE-RP,21-04-2020,RKI,1,1,0,1587427200000,07332,Bad Dürkheim,251,11,240,132660,223
DE-RP,22-04-2020,RKI,1,1,0,1587513600000,07332,Bad Dürkheim,252,11,241,132660,223
DE-RP,24-04-2020,RKI,2,2,0,1587686400000,07332,Bad Dürkheim,254,11,243,132660,223
DE-RP,25-04-2020,RKI,3,3,0,1587772800000,07332,Bad Dürkheim,257,11,246,132660,223
DE-RP,26-04-2020,RKI,0,0,0,1587859200000,07332,Bad Dürkheim,257,11,246,132660,223
DE-RP,27-04-2020,RKI,0,0,0,1587945600000,07332,Bad Dürkheim,257,11,246,132660,223
DE-RP,28-04-2020,RKI,1,0,1,1588032000000,07332,Bad Dürkheim,258,12,246,132660,223
DE-RP,29-04-2020,RKI,0,0,0,1588118400000,07332,Bad Dürkheim,258,12,246,132660,223
DE-RP,30-04-2020,RKI,1,1,0,1588204800000,07332,Bad Dürkheim,259,12,247,132660,223
DE-RP,01-05-2020,RKI,0,0,0,1588291200000,07332,Bad Dürkheim,259,12,247,132660,223
DE-RP,06-05-2020,RKI,0,0,0,1588723200000,07332,Bad Dürkheim,259,12,247,132660,223
DE-RP,09-05-2020,RKI,0,0,0,1588982400000,07332,Bad Dürkheim,259,12,247,132660,223
DE-RP,12-05-2020,RKI,0,0,0,1589241600000,07332,Bad Dürkheim,259,12,247,132660,223
DE-RP,13-05-2020,RKI,1,1,0,1589328000000,07332,Bad Dürkheim,260,12,248,132660,223
DE-RP,14-05-2020,RKI,2,2,0,1589414400000,07332,Bad Dürkheim,262,12,250,132660,223
DE-RP,04-06-2020,RKI,1,0,0,1591228800000,07332,Bad Dürkheim,263,12,250,132660,223
DE-RP,13-03-2020,RKI,0,0,0,1584057600000,07333,Donnersbergkreis,0,0,0,75101,116
DE-RP,17-03-2020,RKI,5,5,0,1584403200000,07333,Donnersbergkreis,5,0,5,75101,116
DE-RP,18-03-2020,RKI,2,2,0,1584489600000,07333,Donnersbergkreis,7,0,7,75101,116
DE-RP,20-03-2020,RKI,3,3,0,1584662400000,07333,Donnersbergkreis,10,0,10,75101,116
DE-RP,22-03-2020,RKI,11,11,0,1584835200000,07333,Donnersbergkreis,21,0,21,75101,116
DE-RP,24-03-2020,RKI,2,1,1,1585008000000,07333,Donnersbergkreis,23,1,22,75101,116
DE-RP,25-03-2020,RKI,1,1,0,1585094400000,07333,Donnersbergkreis,24,1,23,75101,116
DE-RP,26-03-2020,RKI,11,11,0,1585180800000,07333,Donnersbergkreis,35,1,34,75101,116
DE-RP,27-03-2020,RKI,3,3,0,1585267200000,07333,Donnersbergkreis,38,1,37,75101,116
DE-RP,29-03-2020,RKI,2,2,0,1585440000000,07333,Donnersbergkreis,40,1,39,75101,116
DE-RP,30-03-2020,RKI,1,1,0,1585526400000,07333,Donnersbergkreis,41,1,40,75101,116
DE-RP,31-03-2020,RKI,1,1,0,1585612800000,07333,Donnersbergkreis,42,1,41,75101,116
DE-RP,01-04-2020,RKI,2,2,0,1585699200000,07333,Donnersbergkreis,44,1,43,75101,116
DE-RP,03-04-2020,RKI,4,4,0,1585872000000,07333,Donnersbergkreis,48,1,47,75101,116
DE-RP,06-04-2020,RKI,0,0,0,1586131200000,07333,Donnersbergkreis,48,1,47,75101,116
DE-RP,07-04-2020,RKI,3,3,0,1586217600000,07333,Donnersbergkreis,51,1,50,75101,116
DE-RP,08-04-2020,RKI,0,0,0,1586304000000,07333,Donnersbergkreis,51,1,50,75101,116
DE-RP,09-04-2020,RKI,3,3,0,1586390400000,07333,Donnersbergkreis,54,1,53,75101,116
DE-RP,10-04-2020,RKI,5,4,1,1586476800000,07333,Donnersbergkreis,59,2,57,75101,116
DE-RP,14-04-2020,RKI,8,8,0,1586822400000,07333,Donnersbergkreis,67,2,65,75101,116
DE-RP,15-04-2020,RKI,2,2,0,1586908800000,07333,Donnersbergkreis,69,2,67,75101,116
DE-RP,16-04-2020,RKI,1,1,0,1586995200000,07333,Donnersbergkreis,70,2,68,75101,116
DE-RP,17-04-2020,RKI,3,2,1,1587081600000,07333,Donnersbergkreis,73,3,70,75101,116
DE-RP,20-04-2020,RKI,1,1,0,1587340800000,07333,Donnersbergkreis,74,3,71,75101,116
DE-RP,21-04-2020,RKI,1,0,1,1587427200000,07333,Donnersbergkreis,75,4,71,75101,116
DE-RP,22-04-2020,RKI,0,0,0,1587513600000,07333,Donnersbergkreis,75,4,71,75101,116
DE-RP,23-04-2020,RKI,0,0,0,1587600000000,07333,Donnersbergkreis,75,4,71,75101,116
DE-RP,24-04-2020,RKI,0,0,0,1587686400000,07333,Donnersbergkreis,75,4,71,75101,116
DE-RP,27-04-2020,RKI,0,0,0,1587945600000,07333,Donnersbergkreis,75,4,71,75101,116
DE-RP,28-04-2020,RKI,0,0,0,1588032000000,07333,Donnersbergkreis,75,4,71,75101,116
DE-RP,04-05-2020,RKI,0,0,0,1588550400000,07333,Donnersbergkreis,75,4,71,75101,116
DE-RP,08-05-2020,RKI,5,5,0,1588896000000,07333,Donnersbergkreis,80,4,76,75101,116
DE-RP,11-05-2020,RKI,0,0,0,1589155200000,07333,Donnersbergkreis,80,4,76,75101,116
DE-RP,12-05-2020,RKI,1,1,0,1589241600000,07333,Donnersbergkreis,81,4,77,75101,116
DE-RP,13-05-2020,RKI,2,2,0,1589328000000,07333,Donnersbergkreis,83,4,79,75101,116
DE-RP,14-05-2020,RKI,0,0,0,1589414400000,07333,Donnersbergkreis,83,4,79,75101,116
DE-RP,15-05-2020,RKI,0,0,0,1589500800000,07333,Donnersbergkreis,83,4,79,75101,116
DE-RP,20-05-2020,RKI,0,0,0,1589932800000,07333,Donnersbergkreis,83,4,79,75101,116
DE-RP,22-05-2020,RKI,0,0,0,1590105600000,07333,Donnersbergkreis,83,4,79,75101,116
DE-RP,25-05-2020,RKI,0,0,0,1590364800000,07333,Donnersbergkreis,83,4,79,75101,116
DE-RP,04-06-2020,RKI,0,0,0,1591228800000,07333,Donnersbergkreis,83,4,79,75101,116
DE-RP,11-03-2020,RKI,0,0,0,1583884800000,07334,Germersheim,0,0,0,129075,279
DE-RP,13-03-2020,RKI,1,1,0,1584057600000,07334,Germersheim,1,0,1,129075,279
DE-RP,14-03-2020,RKI,4,4,0,1584144000000,07334,Germersheim,5,0,5,129075,279
DE-RP,16-03-2020,RKI,0,0,0,1584316800000,07334,Germersheim,5,0,5,129075,279
DE-RP,17-03-2020,RKI,1,1,0,1584403200000,07334,Germersheim,6,0,6,129075,279
DE-RP,18-03-2020,RKI,5,5,0,1584489600000,07334,Germersheim,11,0,11,129075,279
DE-RP,19-03-2020,RKI,4,4,0,1584576000000,07334,Germersheim,15,0,15,129075,279
DE-RP,20-03-2020,RKI,3,2,1,1584662400000,07334,Germersheim,18,1,17,129075,279
DE-RP,21-03-2020,RKI,1,1,0,1584748800000,07334,Germersheim,19,1,18,129075,279
DE-RP,22-03-2020,RKI,1,1,0,1584835200000,07334,Germersheim,20,1,19,129075,279
DE-RP,24-03-2020,RKI,5,5,0,1585008000000,07334,Germersheim,25,1,24,129075,279
DE-RP,25-03-2020,RKI,8,8,0,1585094400000,07334,Germersheim,33,1,32,129075,279
DE-RP,26-03-2020,RKI,6,6,0,1585180800000,07334,Germersheim,39,1,38,129075,279
DE-RP,27-03-2020,RKI,3,3,0,1585267200000,07334,Germersheim,42,1,41,129075,279
DE-RP,28-03-2020,RKI,2,2,0,1585353600000,07334,Germersheim,44,1,43,129075,279
DE-RP,29-03-2020,RKI,2,2,0,1585440000000,07334,Germersheim,46,1,45,129075,279
DE-RP,30-03-2020,RKI,1,1,0,1585526400000,07334,Germersheim,47,1,46,129075,279
DE-RP,31-03-2020,RKI,3,3,0,1585612800000,07334,Germersheim,50,1,49,129075,279
DE-RP,01-04-2020,RKI,4,4,0,1585699200000,07334,Germersheim,54,1,53,129075,279
DE-RP,03-04-2020,RKI,15,14,1,1585872000000,07334,Germersheim,69,2,67,129075,279
DE-RP,04-04-2020,RKI,6,6,0,1585958400000,07334,Germersheim,75,2,73,129075,279
DE-RP,05-04-2020,RKI,0,0,0,1586044800000,07334,Germersheim,75,2,73,129075,279
DE-RP,07-04-2020,RKI,2,2,0,1586217600000,07334,Germersheim,77,2,75,129075,279
DE-RP,08-04-2020,RKI,5,4,1,1586304000000,07334,Germersheim,82,3,79,129075,279
DE-RP,09-04-2020,RKI,0,0,0,1586390400000,07334,Germersheim,82,3,79,129075,279
DE-RP,10-04-2020,RKI,6,6,0,1586476800000,07334,Germersheim,88,3,85,129075,279
DE-RP,11-04-2020,RKI,0,0,0,1586563200000,07334,Germersheim,88,3,85,129075,279
DE-RP,14-04-2020,RKI,1,1,0,1586822400000,07334,Germersheim,89,3,86,129075,279
DE-RP,15-04-2020,RKI,0,0,0,1586908800000,07334,Germersheim,89,3,86,129075,279
DE-RP,16-04-2020,RKI,2,2,0,1586995200000,07334,Germersheim,91,3,88,129075,279
DE-RP,18-04-2020,RKI,4,3,1,1587168000000,07334,Germersheim,95,4,91,129075,279
DE-RP,19-04-2020,RKI,1,1,0,1587254400000,07334,Germersheim,96,4,92,129075,279
DE-RP,20-04-2020,RKI,0,0,0,1587340800000,07334,Germersheim,96,4,92,129075,279
DE-RP,21-04-2020,RKI,1,1,0,1587427200000,07334,Germersheim,97,4,93,129075,279
DE-RP,22-04-2020,RKI,2,2,0,1587513600000,07334,Germersheim,99,4,95,129075,279
DE-RP,23-04-2020,RKI,0,0,0,1587600000000,07334,Germersheim,99,4,95,129075,279
DE-RP,27-04-2020,RKI,0,0,0,1587945600000,07334,Germersheim,99,4,95,129075,279
DE-RP,28-04-2020,RKI,0,0,0,1588032000000,07334,Germersheim,99,4,95,129075,279
DE-RP,05-05-2020,RKI,0,0,0,1588636800000,07334,Germersheim,99,4,95,129075,279
DE-RP,08-05-2020,RKI,0,0,0,1588896000000,07334,Germersheim,99,4,95,129075,279
DE-RP,11-05-2020,RKI,0,0,0,1589155200000,07334,Germersheim,99,4,95,129075,279
DE-RP,13-05-2020,RKI,0,0,0,1589328000000,07334,Germersheim,99,4,95,129075,279
DE-RP,19-05-2020,RKI,4,4,0,1589846400000,07334,Germersheim,103,4,99,129075,279
DE-RP,12-03-2020,RKI,1,1,0,1583971200000,07335,Kaiserslautern,3,0,3,106057,166
DE-RP,13-03-2020,RKI,0,0,0,1584057600000,07335,Kaiserslautern,3,0,3,106057,166
DE-RP,15-03-2020,RKI,1,1,0,1584230400000,07335,Kaiserslautern,4,0,4,106057,166
DE-RP,16-03-2020,RKI,2,2,0,1584316800000,07335,Kaiserslautern,6,0,6,106057,166
DE-RP,18-03-2020,RKI,0,0,0,1584489600000,07335,Kaiserslautern,6,0,6,106057,166
DE-RP,20-03-2020,RKI,1,1,0,1584662400000,07335,Kaiserslautern,7,0,7,106057,166
DE-RP,21-03-2020,RKI,7,7,0,1584748800000,07335,Kaiserslautern,14,0,14,106057,166
DE-RP,22-03-2020,RKI,8,8,0,1584835200000,07335,Kaiserslautern,22,0,22,106057,166
DE-RP,24-03-2020,RKI,7,7,0,1585008000000,07335,Kaiserslautern,29,0,29,106057,166
DE-RP,25-03-2020,RKI,3,3,0,1585094400000,07335,Kaiserslautern,32,0,32,106057,166
DE-RP,26-03-2020,RKI,3,3,0,1585180800000,07335,Kaiserslautern,35,0,35,106057,166
DE-RP,27-03-2020,RKI,2,2,0,1585267200000,07335,Kaiserslautern,37,0,37,106057,166
DE-RP,28-03-2020,RKI,3,3,0,1585353600000,07335,Kaiserslautern,40,0,40,106057,166
DE-RP,31-03-2020,RKI,5,5,0,1585612800000,07335,Kaiserslautern,45,0,45,106057,166
DE-RP,01-04-2020,RKI,2,2,0,1585699200000,07335,Kaiserslautern,47,0,47,106057,166
DE-RP,02-04-2020,RKI,0,0,0,1585785600000,07335,Kaiserslautern,47,0,47,106057,166
DE-RP,03-04-2020,RKI,0,0,0,1585872000000,07335,Kaiserslautern,47,0,47,106057,166
DE-RP,04-04-2020,RKI,1,1,0,1585958400000,07335,Kaiserslautern,48,0,48,106057,166
DE-RP,05-04-2020,RKI,2,2,0,1586044800000,07335,Kaiserslautern,50,0,50,106057,166
DE-RP,06-04-2020,RKI,0,0,0,1586131200000,07335,Kaiserslautern,50,0,50,106057,166
DE-RP,07-04-2020,RKI,2,2,0,1586217600000,07335,Kaiserslautern,52,0,52,106057,166
DE-RP,08-04-2020,RKI,5,5,0,1586304000000,07335,Kaiserslautern,57,0,57,106057,166
DE-RP,09-04-2020,RKI,2,2,0,1586390400000,07335,Kaiserslautern,59,0,59,106057,166
DE-RP,10-04-2020,RKI,2,2,0,1586476800000,07335,Kaiserslautern,61,0,61,106057,166
DE-RP,11-04-2020,RKI,0,0,0,1586563200000,07335,Kaiserslautern,61,0,61,106057,166
DE-RP,13-04-2020,RKI,1,1,0,1586736000000,07335,Kaiserslautern,62,0,62,106057,166
DE-RP,14-04-2020,RKI,0,0,0,1586822400000,07335,Kaiserslautern,62,0,62,106057,166
DE-RP,15-04-2020,RKI,1,1,0,1586908800000,07335,Kaiserslautern,63,0,63,106057,166
DE-RP,16-04-2020,RKI,1,1,0,1586995200000,07335,Kaiserslautern,64,0,64,106057,166
DE-RP,17-04-2020,RKI,0,0,0,1587081600000,07335,Kaiserslautern,64,0,64,106057,166
DE-RP,22-04-2020,RKI,0,0,0,1587513600000,07335,Kaiserslautern,64,0,64,106057,166
DE-RP,24-04-2020,RKI,0,0,0,1587686400000,07335,Kaiserslautern,64,0,64,106057,166
DE-RP,07-05-2020,RKI,0,0,0,1588809600000,07335,Kaiserslautern,64,0,64,106057,166
DE-RP,08-05-2020,RKI,0,0,0,1588896000000,07335,Kaiserslautern,64,0,64,106057,166
DE-RP,12-05-2020,RKI,0,0,0,1589241600000,07335,Kaiserslautern,64,0,64,106057,166
DE-RP,13-05-2020,RKI,0,0,0,1589328000000,07335,Kaiserslautern,64,0,64,106057,166
DE-RP,20-05-2020,RKI,0,0,0,1589932800000,07335,Kaiserslautern,64,0,64,106057,166
DE-RP,13-03-2020,RKI,4,4,0,1584057600000,07336,Kusel,4,0,4,70526,123
DE-RP,15-03-2020,RKI,0,0,0,1584230400000,07336,Kusel,4,0,4,70526,123
DE-RP,17-03-2020,RKI,0,0,0,1584403200000,07336,Kusel,4,0,4,70526,123
DE-RP,18-03-2020,RKI,0,0,0,1584489600000,07336,Kusel,4,0,4,70526,123
DE-RP,20-03-2020,RKI,0,0,0,1584662400000,07336,Kusel,4,0,4,70526,123
DE-RP,21-03-2020,RKI,1,1,0,1584748800000,07336,Kusel,5,0,5,70526,123
DE-RP,22-03-2020,RKI,1,1,0,1584835200000,07336,Kusel,6,0,6,70526,123
DE-RP,23-03-2020,RKI,1,1,0,1584921600000,07336,Kusel,7,0,7,70526,123
DE-RP,24-03-2020,RKI,3,3,0,1585008000000,07336,Kusel,10,0,10,70526,123
DE-RP,26-03-2020,RKI,0,0,0,1585180800000,07336,Kusel,10,0,10,70526,123
DE-RP,28-03-2020,RKI,0,0,0,1585353600000,07336,Kusel,10,0,10,70526,123
DE-RP,30-03-2020,RKI,0,0,0,1585526400000,07336,Kusel,10,0,10,70526,123
DE-RP,31-03-2020,RKI,0,0,0,1585612800000,07336,Kusel,10,0,10,70526,123
DE-RP,02-04-2020,RKI,1,1,0,1585785600000,07336,Kusel,11,0,11,70526,123
DE-RP,03-04-2020,RKI,0,0,0,1585872000000,07336,Kusel,11,0,11,70526,123
DE-RP,04-04-2020,RKI,2,2,0,1585958400000,07336,Kusel,13,0,13,70526,123
DE-RP,07-04-2020,RKI,0,0,0,1586217600000,07336,Kusel,13,0,13,70526,123
DE-RP,08-04-2020,RKI,1,1,0,1586304000000,07336,Kusel,14,0,14,70526,123
DE-RP,10-04-2020,RKI,1,1,0,1586476800000,07336,Kusel,15,0,15,70526,123
DE-RP,22-04-2020,RKI,0,0,0,1587513600000,07336,Kusel,15,0,15,70526,123
DE-RP,11-05-2020,RKI,0,0,0,1589155200000,07336,Kusel,15,0,15,70526,123
DE-RP,18-05-2020,RKI,0,0,0,1589760000000,07336,Kusel,15,0,15,70526,123
DE-SL,11-03-2020,RKI,6,6,0,1583884800000,10041,Stadtverband Saarbrücken,6,0,6,329708,803
DE-SL,12-03-2020,RKI,1,1,0,1583971200000,10041,Stadtverband Saarbrücken,7,0,7,329708,803
DE-SL,13-03-2020,RKI,2,2,0,1584057600000,10041,Stadtverband Saarbrücken,9,0,9,329708,803
DE-SL,14-03-2020,RKI,5,5,0,1584144000000,10041,Stadtverband Saarbrücken,14,0,14,329708,803
DE-SL,15-03-2020,RKI,4,4,0,1584230400000,10041,Stadtverband Saarbrücken,18,0,18,329708,803
DE-SL,16-03-2020,RKI,10,10,0,1584316800000,10041,Stadtverband Saarbrücken,28,0,28,329708,803
DE-SL,17-03-2020,RKI,0,0,0,1584403200000,10041,Stadtverband Saarbrücken,28,0,28,329708,803
DE-SL,18-03-2020,RKI,22,21,1,1584489600000,10041,Stadtverband Saarbrücken,50,1,49,329708,803
DE-SL,19-03-2020,RKI,25,25,0,1584576000000,10041,Stadtverband Saarbrücken,75,1,74,329708,803
DE-SL,20-03-2020,RKI,17,17,0,1584662400000,10041,Stadtverband Saarbrücken,92,1,91,329708,803
DE-SL,21-03-2020,RKI,9,8,1,1584748800000,10041,Stadtverband Saarbrücken,101,2,99,329708,803
DE-SL,22-03-2020,RKI,9,9,0,1584835200000,10041,Stadtverband Saarbrücken,110,2,108,329708,803
DE-SL,23-03-2020,RKI,26,23,3,1584921600000,10041,Stadtverband Saarbrücken,136,5,131,329708,803
DE-SL,24-03-2020,RKI,11,8,3,1585008000000,10041,Stadtverband Saarbrücken,147,8,139,329708,803
DE-SL,25-03-2020,RKI,17,14,3,1585094400000,10041,Stadtverband Saarbrücken,164,11,153,329708,803
DE-SL,26-03-2020,RKI,13,13,0,1585180800000,10041,Stadtverband Saarbrücken,177,11,166,329708,803
DE-SL,27-03-2020,RKI,23,22,1,1585267200000,10041,Stadtverband Saarbrücken,200,12,188,329708,803
DE-SL,28-03-2020,RKI,42,41,1,1585353600000,10041,Stadtverband Saarbrücken,242,13,229,329708,803
DE-SL,29-03-2020,RKI,26,22,4,1585440000000,10041,Stadtverband Saarbrücken,268,17,251,329708,803
DE-SL,30-03-2020,RKI,27,25,2,1585526400000,10041,Stadtverband Saarbrücken,295,19,276,329708,803
DE-SL,31-03-2020,RKI,67,57,10,1585612800000,10041,Stadtverband Saarbrücken,362,29,333,329708,803
DE-SL,01-04-2020,RKI,60,58,2,1585699200000,10041,Stadtverband Saarbrücken,422,31,391,329708,803
DE-SL,02-04-2020,RKI,116,102,14,1585785600000,10041,Stadtverband Saarbrücken,538,45,493,329708,803
DE-SL,03-04-2020,RKI,14,13,1,1585872000000,10041,Stadtverband Saarbrücken,552,46,506,329708,803
DE-SL,04-04-2020,RKI,37,31,6,1585958400000,10041,Stadtverband Saarbrücken,589,52,537,329708,803
DE-SL,05-04-2020,RKI,63,56,7,1586044800000,10041,Stadtverband Saarbrücken,652,59,593,329708,803
DE-SL,06-04-2020,RKI,38,33,5,1586131200000,10041,Stadtverband Saarbrücken,690,64,626,329708,803
DE-SL,07-04-2020,RKI,33,32,1,1586217600000,10041,Stadtverband Saarbrücken,723,65,658,329708,803
DE-SL,08-04-2020,RKI,84,75,9,1586304000000,10041,Stadtverband Saarbrücken,807,74,733,329708,803
DE-SL,09-04-2020,RKI,62,57,5,1586390400000,10041,Stadtverband Saarbrücken,869,79,790,329708,803
DE-SL,10-04-2020,RKI,60,55,5,1586476800000,10041,Stadtverband Saarbrücken,929,84,845,329708,803
DE-SL,11-04-2020,RKI,5,4,1,1586563200000,10041,Stadtverband Saarbrücken,934,85,849,329708,803
DE-SL,12-04-2020,RKI,6,6,0,1586649600000,10041,Stadtverband Saarbrücken,940,85,855,329708,803
DE-SL,13-04-2020,RKI,7,5,2,1586736000000,10041,Stadtverband Saarbrücken,947,87,860,329708,803
DE-SL,14-04-2020,RKI,10,10,0,1586822400000,10041,Stadtverband Saarbrücken,957,87,870,329708,803
DE-SL,15-04-2020,RKI,20,17,3,1586908800000,10041,Stadtverband Saarbrücken,977,90,887,329708,803
DE-SL,16-04-2020,RKI,28,26,2,1586995200000,10041,Stadtverband Saarbrücken,1005,92,913,329708,803
DE-SL,17-04-2020,RKI,12,11,1,1587081600000,10041,Stadtverband Saarbrücken,1017,93,924,329708,803
DE-SL,18-04-2020,RKI,14,12,2,1587168000000,10041,Stadtverband Saarbrücken,1031,95,936,329708,803
DE-SL,19-04-2020,RKI,0,0,0,1587254400000,10041,Stadtverband Saarbrücken,1031,95,936,329708,803
DE-SL,20-04-2020,RKI,12,10,2,1587340800000,10041,Stadtverband Saarbrücken,1043,97,946,329708,803
DE-SL,21-04-2020,RKI,18,13,5,1587427200000,10041,Stadtverband Saarbrücken,1061,102,959,329708,803
DE-SL,22-04-2020,RKI,20,16,4,1587513600000,10041,Stadtverband Saarbrücken,1081,106,975,329708,803
DE-SL,23-04-2020,RKI,8,7,1,1587600000000,10041,Stadtverband Saarbrücken,1089,107,982,329708,803
DE-SL,24-04-2020,RKI,11,10,1,1587686400000,10041,Stadtverband Saarbrücken,1100,108,992,329708,803
DE-SL,25-04-2020,RKI,5,5,0,1587772800000,10041,Stadtverband Saarbrücken,1105,108,997,329708,803
DE-SL,26-04-2020,RKI,13,13,0,1587859200000,10041,Stadtverband Saarbrücken,1118,108,1010,329708,803
DE-SL,28-04-2020,RKI,14,14,0,1588032000000,10041,Stadtverband Saarbrücken,1132,108,1024,329708,803
DE-SL,29-04-2020,RKI,13,13,0,1588118400000,10041,Stadtverband Saarbrücken,1145,108,1037,329708,803
DE-SL,30-04-2020,RKI,8,8,0,1588204800000,10041,Stadtverband Saarbrücken,1153,108,1045,329708,803
DE-SL,01-05-2020,RKI,8,8,0,1588291200000,10041,Stadtverband Saarbrücken,1161,108,1053,329708,803
DE-SL,03-05-2020,RKI,1,1,0,1588464000000,10041,Stadtverband Saarbrücken,1162,108,1054,329708,803
DE-SL,05-05-2020,RKI,0,0,0,1588636800000,10041,Stadtverband Saarbrücken,1162,108,1054,329708,803
DE-SL,06-05-2020,RKI,1,0,1,1588723200000,10041,Stadtverband Saarbrücken,1163,109,1054,329708,803
DE-SL,07-05-2020,RKI,1,1,0,1588809600000,10041,Stadtverband Saarbrücken,1164,109,1055,329708,803
DE-SL,08-05-2020,RKI,0,0,0,1588896000000,10041,Stadtverband Saarbrücken,1164,109,1055,329708,803
DE-SL,09-05-2020,RKI,1,1,0,1588982400000,10041,Stadtverband Saarbrücken,1165,109,1056,329708,803
DE-SL,12-05-2020,RKI,1,1,0,1589241600000,10041,Stadtverband Saarbrücken,1166,109,1057,329708,803
DE-SL,13-05-2020,RKI,0,0,0,1589328000000,10041,Stadtverband Saarbrücken,1166,109,1057,329708,803
DE-SL,14-05-2020,RKI,1,0,0,1589414400000,10041,Stadtverband Saarbrücken,1167,109,1057,329708,803
DE-SL,15-05-2020,RKI,2,2,0,1589500800000,10041,Stadtverband Saarbrücken,1169,109,1059,329708,803
DE-SL,16-05-2020,RKI,0,0,0,1589587200000,10041,Stadtverband Saarbrücken,1169,109,1059,329708,803
DE-SL,18-05-2020,RKI,1,1,0,1589760000000,10041,Stadtverband Saarbrücken,1170,109,1060,329708,803
DE-SL,19-05-2020,RKI,0,0,0,1589846400000,10041,Stadtverband Saarbrücken,1170,109,1060,329708,803
DE-SL,20-05-2020,RKI,0,0,0,1589932800000,10041,Stadtverband Saarbrücken,1170,109,1060,329708,803
DE-SL,21-05-2020,RKI,0,0,0,1590019200000,10041,Stadtverband Saarbrücken,1170,109,1060,329708,803
DE-SL,22-05-2020,RKI,0,0,0,1590105600000,10041,Stadtverband Saarbrücken,1170,109,1060,329708,803
DE-SL,23-05-2020,RKI,0,0,0,1590192000000,10041,Stadtverband Saarbrücken,1170,109,1060,329708,803
DE-SL,25-05-2020,RKI,2,0,0,1590364800000,10041,Stadtverband Saarbrücken,1172,109,1060,329708,803
DE-SL,26-05-2020,RKI,0,0,0,1590451200000,10041,Stadtverband Saarbrücken,1172,109,1060,329708,803
DE-SL,27-05-2020,RKI,1,0,0,1590537600000,10041,Stadtverband Saarbrücken,1173,109,1060,329708,803
DE-SL,28-05-2020,RKI,2,0,0,1590624000000,10041,Stadtverband Saarbrücken,1175,109,1060,329708,803
DE-SL,29-05-2020,RKI,1,0,0,1590710400000,10041,Stadtverband Saarbrücken,1176,109,1060,329708,803
DE-SL,01-06-2020,RKI,1,0,0,1590969600000,10041,Stadtverband Saarbrücken,1177,109,1060,329708,803
DE-SL,03-06-2020,RKI,0,0,0,1591142400000,10041,Stadtverband Saarbrücken,1177,109,1060,329708,803
DE-SL,04-06-2020,RKI,0,0,0,1591228800000,10041,Stadtverband Saarbrücken,1177,109,1060,329708,803
DE-SL,12-03-2020,RKI,0,0,0,1583971200000,10042,Merzig-Wadern,0,0,0,103366,186
DE-SL,16-03-2020,RKI,0,0,0,1584316800000,10042,Merzig-Wadern,0,0,0,103366,186
DE-SL,17-03-2020,RKI,0,0,0,1584403200000,10042,Merzig-Wadern,0,0,0,103366,186
DE-SL,20-03-2020,RKI,0,0,0,1584662400000,10042,Merzig-Wadern,0,0,0,103366,186
DE-SL,21-03-2020,RKI,0,0,0,1584748800000,10042,Merzig-Wadern,0,0,0,103366,186
DE-SL,22-03-2020,RKI,11,11,0,1584835200000,10042,Merzig-Wadern,11,0,11,103366,186
DE-SL,23-03-2020,RKI,3,3,0,1584921600000,10042,Merzig-Wadern,14,0,14,103366,186
DE-SL,24-03-2020,RKI,1,1,0,1585008000000,10042,Merzig-Wadern,15,0,15,103366,186
DE-SL,25-03-2020,RKI,3,3,0,1585094400000,10042,Merzig-Wadern,18,0,18,103366,186
DE-SL,26-03-2020,RKI,7,7,0,1585180800000,10042,Merzig-Wadern,25,0,25,103366,186
DE-SL,27-03-2020,RKI,2,2,0,1585267200000,10042,Merzig-Wadern,27,0,27,103366,186
DE-SL,28-03-2020,RKI,3,3,0,1585353600000,10042,Merzig-Wadern,30,0,30,103366,186
DE-SL,29-03-2020,RKI,5,5,0,1585440000000,10042,Merzig-Wadern,35,0,35,103366,186
DE-SL,30-03-2020,RKI,4,4,0,1585526400000,10042,Merzig-Wadern,39,0,39,103366,186
DE-SL,31-03-2020,RKI,6,6,0,1585612800000,10042,Merzig-Wadern,45,0,45,103366,186
DE-SL,01-04-2020,RKI,1,1,0,1585699200000,10042,Merzig-Wadern,46,0,46,103366,186
DE-SL,02-04-2020,RKI,6,5,1,1585785600000,10042,Merzig-Wadern,52,1,51,103366,186
DE-SL,03-04-2020,RKI,13,13,0,1585872000000,10042,Merzig-Wadern,65,1,64,103366,186
DE-SL,04-04-2020,RKI,25,24,1,1585958400000,10042,Merzig-Wadern,90,2,88,103366,186
DE-SL,05-04-2020,RKI,5,5,0,1586044800000,10042,Merzig-Wadern,95,2,93,103366,186
DE-SL,06-04-2020,RKI,6,6,0,1586131200000,10042,Merzig-Wadern,101,2,99,103366,186
DE-SL,07-04-2020,RKI,7,7,0,1586217600000,10042,Merzig-Wadern,108,2,106,103366,186
DE-SL,08-04-2020,RKI,13,13,0,1586304000000,10042,Merzig-Wadern,121,2,119,103366,186
DE-SL,09-04-2020,RKI,8,8,0,1586390400000,10042,Merzig-Wadern,129,2,127,103366,186
DE-SL,10-04-2020,RKI,3,3,0,1586476800000,10042,Merzig-Wadern,132,2,130,103366,186
DE-SL,11-04-2020,RKI,1,1,0,1586563200000,10042,Merzig-Wadern,133,2,131,103366,186
DE-SL,12-04-2020,RKI,1,1,0,1586649600000,10042,Merzig-Wadern,134,2,132,103366,186
DE-SL,13-04-2020,RKI,0,0,0,1586736000000,10042,Merzig-Wadern,134,2,132,103366,186
DE-SL,14-04-2020,RKI,2,2,0,1586822400000,10042,Merzig-Wadern,136,2,134,103366,186
DE-SL,15-04-2020,RKI,2,2,0,1586908800000,10042,Merzig-Wadern,138,2,136,103366,186
DE-SL,17-04-2020,RKI,2,2,0,1587081600000,10042,Merzig-Wadern,140,2,138,103366,186
DE-SL,18-04-2020,RKI,1,1,0,1587168000000,10042,Merzig-Wadern,141,2,139,103366,186
DE-SL,19-04-2020,RKI,0,0,0,1587254400000,10042,Merzig-Wadern,141,2,139,103366,186
DE-SL,20-04-2020,RKI,0,0,0,1587340800000,10042,Merzig-Wadern,141,2,139,103366,186
DE-SL,22-04-2020,RKI,2,2,0,1587513600000,10042,Merzig-Wadern,143,2,141,103366,186
DE-SL,23-04-2020,RKI,1,1,0,1587600000000,10042,Merzig-Wadern,144,2,142,103366,186
DE-SL,24-04-2020,RKI,0,0,0,1587686400000,10042,Merzig-Wadern,144,2,142,103366,186
DE-SL,25-04-2020,RKI,0,0,0,1587772800000,10042,Merzig-Wadern,144,2,142,103366,186
DE-SL,29-04-2020,RKI,1,1,0,1588118400000,10042,Merzig-Wadern,145,2,143,103366,186
DE-SL,02-05-2020,RKI,1,1,0,1588377600000,10042,Merzig-Wadern,146,2,144,103366,186
DE-SL,07-05-2020,RKI,2,2,0,1588809600000,10042,Merzig-Wadern,148,2,146,103366,186
DE-SL,09-05-2020,RKI,0,0,0,1588982400000,10042,Merzig-Wadern,148,2,146,103366,186
DE-SL,14-05-2020,RKI,1,1,0,1589414400000,10042,Merzig-Wadern,149,2,147,103366,186
DE-SL,16-05-2020,RKI,0,0,0,1589587200000,10042,Merzig-Wadern,149,2,147,103366,186
DE-SL,19-05-2020,RKI,0,0,0,1589846400000,10042,Merzig-Wadern,149,2,147,103366,186
DE-SL,22-05-2020,RKI,0,0,0,1590105600000,10042,Merzig-Wadern,149,2,147,103366,186
DE-SL,29-05-2020,RKI,0,0,0,1590710400000,10042,Merzig-Wadern,149,2,147,103366,186
DE-SL,01-06-2020,RKI,1,0,0,1590969600000,10042,Merzig-Wadern,150,2,147,103366,186
DE-SL,02-06-2020,RKI,0,0,0,1591056000000,10042,Merzig-Wadern,150,2,147,103366,186
DE-SL,10-03-2020,RKI,0,0,0,1583798400000,10043,Neunkirchen,0,0,0,132206,530
DE-SL,12-03-2020,RKI,1,1,0,1583971200000,10043,Neunkirchen,1,0,1,132206,530
DE-SL,13-03-2020,RKI,4,4,0,1584057600000,10043,Neunkirchen,5,0,5,132206,530
DE-SL,16-03-2020,RKI,5,5,0,1584316800000,10043,Neunkirchen,10,0,10,132206,530
DE-SL,17-03-2020,RKI,9,9,0,1584403200000,10043,Neunkirchen,19,0,19,132206,530
DE-SL,18-03-2020,RKI,2,2,0,1584489600000,10043,Neunkirchen,21,0,21,132206,530
DE-SL,19-03-2020,RKI,2,2,0,1584576000000,10043,Neunkirchen,23,0,23,132206,530
DE-SL,20-03-2020,RKI,2,2,0,1584662400000,10043,Neunkirchen,25,0,25,132206,530
DE-SL,21-03-2020,RKI,3,3,0,1584748800000,10043,Neunkirchen,28,0,28,132206,530
DE-SL,23-03-2020,RKI,8,8,0,1584921600000,10043,Neunkirchen,36,0,36,132206,530
DE-SL,25-03-2020,RKI,0,0,0,1585094400000,10043,Neunkirchen,36,0,36,132206,530
DE-SL,26-03-2020,RKI,17,17,0,1585180800000,10043,Neunkirchen,53,0,53,132206,530
DE-SL,27-03-2020,RKI,10,10,0,1585267200000,10043,Neunkirchen,63,0,63,132206,530
DE-SL,28-03-2020,RKI,2,2,0,1585353600000,10043,Neunkirchen,65,0,65,132206,530
DE-SL,29-03-2020,RKI,13,13,0,1585440000000,10043,Neunkirchen,78,0,78,132206,530
DE-SL,30-03-2020,RKI,2,2,0,1585526400000,10043,Neunkirchen,80,0,80,132206,530
DE-SL,31-03-2020,RKI,7,6,1,1585612800000,10043,Neunkirchen,87,1,86,132206,530
DE-SL,01-04-2020,RKI,10,10,0,1585699200000,10043,Neunkirchen,97,1,96,132206,530
DE-SL,02-04-2020,RKI,9,8,1,1585785600000,10043,Neunkirchen,106,2,104,132206,530
DE-SL,03-04-2020,RKI,9,8,1,1585872000000,10043,Neunkirchen,115,3,112,132206,530
DE-SL,04-04-2020,RKI,9,9,0,1585958400000,10043,Neunkirchen,124,3,121,132206,530
DE-SL,05-04-2020,RKI,1,1,0,1586044800000,10043,Neunkirchen,125,3,122,132206,530
DE-SL,06-04-2020,RKI,3,2,1,1586131200000,10043,Neunkirchen,128,4,124,132206,530
DE-SL,07-04-2020,RKI,5,4,1,1586217600000,10043,Neunkirchen,133,5,128,132206,530
DE-SL,08-04-2020,RKI,2,2,0,1586304000000,10043,Neunkirchen,135,5,130,132206,530
DE-SL,09-04-2020,RKI,16,16,0,1586390400000,10043,Neunkirchen,151,5,146,132206,530
DE-SL,10-04-2020,RKI,2,1,1,1586476800000,10043,Neunkirchen,153,6,147,132206,530
DE-SL,11-04-2020,RKI,0,0,0,1586563200000,10043,Neunkirchen,153,6,147,132206,530
DE-SL,12-04-2020,RKI,3,3,0,1586649600000,10043,Neunkirchen,156,6,150,132206,530
DE-SL,13-04-2020,RKI,8,7,1,1586736000000,10043,Neunkirchen,164,7,157,132206,530
DE-SL,14-04-2020,RKI,1,1,0,1586822400000,10043,Neunkirchen,165,7,158,132206,530
DE-SL,15-04-2020,RKI,6,5,1,1586908800000,10043,Neunkirchen,171,8,163,132206,530
DE-SL,16-04-2020,RKI,2,2,0,1586995200000,10043,Neunkirchen,173,8,165,132206,530
DE-SL,17-04-2020,RKI,2,2,0,1587081600000,10043,Neunkirchen,175,8,167,132206,530
DE-SL,18-04-2020,RKI,2,2,0,1587168000000,10043,Neunkirchen,177,8,169,132206,530
DE-SL,21-04-2020,RKI,1,1,0,1587427200000,10043,Neunkirchen,178,8,170,132206,530
DE-SL,22-04-2020,RKI,2,2,0,1587513600000,10043,Neunkirchen,180,8,172,132206,530
DE-SL,23-04-2020,RKI,0,0,0,1587600000000,10043,Neunkirchen,180,8,172,132206,530
DE-SL,26-04-2020,RKI,0,0,0,1587859200000,10043,Neunkirchen,180,8,172,132206,530
DE-SL,27-04-2020,RKI,1,1,0,1587945600000,10043,Neunkirchen,181,8,173,132206,530
DE-SL,28-04-2020,RKI,1,1,0,1588032000000,10043,Neunkirchen,182,8,174,132206,530
DE-SL,29-04-2020,RKI,2,2,0,1588118400000,10043,Neunkirchen,184,8,176,132206,530
DE-SL,30-04-2020,RKI,4,4,0,1588204800000,10043,Neunkirchen,188,8,180,132206,530
DE-SL,01-05-2020,RKI,0,0,0,1588291200000,10043,Neunkirchen,188,8,180,132206,530
DE-SL,04-05-2020,RKI,0,0,0,1588550400000,10043,Neunkirchen,188,8,180,132206,530
DE-SL,06-05-2020,RKI,1,1,0,1588723200000,10043,Neunkirchen,189,8,181,132206,530
DE-SL,07-05-2020,RKI,1,1,0,1588809600000,10043,Neunkirchen,190,8,182,132206,530
DE-SL,08-05-2020,RKI,0,0,0,1588896000000,10043,Neunkirchen,190,8,182,132206,530
DE-SL,12-05-2020,RKI,1,1,0,1589241600000,10043,Neunkirchen,191,8,183,132206,530
DE-SL,13-05-2020,RKI,2,2,0,1589328000000,10043,Neunkirchen,193,8,185,132206,530
DE-SL,14-05-2020,RKI,2,2,0,1589414400000,10043,Neunkirchen,195,8,187,132206,530
DE-SL,15-05-2020,RKI,0,0,0,1589500800000,10043,Neunkirchen,195,8,187,132206,530
DE-SL,26-05-2020,RKI,0,0,0,1590451200000,10043,Neunkirchen,195,8,187,132206,530
DE-SL,27-05-2020,RKI,0,0,0,1590537600000,10043,Neunkirchen,195,8,187,132206,530
DE-SL,01-06-2020,RKI,1,0,1,1590969600000,10043,Neunkirchen,196,9,187,132206,530
DE-SL,05-06-2020,RKI,0,0,0,1591315200000,10043,Neunkirchen,196,9,187,132206,530
DE-SL,10-03-2020,RKI,0,0,0,1583798400000,10044,Saarlouis,0,0,0,195201,425
DE-SL,11-03-2020,RKI,1,1,0,1583884800000,10044,Saarlouis,1,0,1,195201,425
DE-SL,13-03-2020,RKI,4,4,0,1584057600000,10044,Saarlouis,5,0,5,195201,425
DE-SL,15-03-2020,RKI,4,4,0,1584230400000,10044,Saarlouis,9,0,9,195201,425
DE-SL,16-03-2020,RKI,1,1,0,1584316800000,10044,Saarlouis,10,0,10,195201,425
DE-SL,17-03-2020,RKI,6,6,0,1584403200000,10044,Saarlouis,16,0,16,195201,425
DE-SL,18-03-2020,RKI,11,11,0,1584489600000,10044,Saarlouis,27,0,27,195201,425
DE-SL,19-03-2020,RKI,0,0,0,1584576000000,10044,Saarlouis,27,0,27,195201,425
DE-SL,20-03-2020,RKI,2,2,0,1584662400000,10044,Saarlouis,29,0,29,195201,425
DE-SL,21-03-2020,RKI,6,6,0,1584748800000,10044,Saarlouis,35,0,35,195201,425
DE-SL,22-03-2020,RKI,0,0,0,1584835200000,10044,Saarlouis,35,0,35,195201,425
DE-SL,23-03-2020,RKI,8,8,0,1584921600000,10044,Saarlouis,43,0,43,195201,425
DE-SL,24-03-2020,RKI,1,1,0,1585008000000,10044,Saarlouis,44,0,44,195201,425
DE-SL,25-03-2020,RKI,11,11,0,1585094400000,10044,Saarlouis,55,0,55,195201,425
DE-SL,26-03-2020,RKI,10,8,2,1585180800000,10044,Saarlouis,65,2,63,195201,425
DE-SL,27-03-2020,RKI,12,11,1,1585267200000,10044,Saarlouis,77,3,74,195201,425
DE-SL,28-03-2020,RKI,10,10,0,1585353600000,10044,Saarlouis,87,3,84,195201,425
DE-SL,29-03-2020,RKI,18,18,0,1585440000000,10044,Saarlouis,105,3,102,195201,425
DE-SL,30-03-2020,RKI,14,12,2,1585526400000,10044,Saarlouis,119,5,114,195201,425
DE-SL,31-03-2020,RKI,30,28,2,1585612800000,10044,Saarlouis,149,7,142,195201,425
DE-SL,01-04-2020,RKI,20,18,2,1585699200000,10044,Saarlouis,169,9,160,195201,425
DE-SL,02-04-2020,RKI,29,29,0,1585785600000,10044,Saarlouis,198,9,189,195201,425
DE-SL,03-04-2020,RKI,12,12,0,1585872000000,10044,Saarlouis,210,9,201,195201,425
DE-SL,04-04-2020,RKI,45,42,3,1585958400000,10044,Saarlouis,255,12,243,195201,425
DE-SL,05-04-2020,RKI,13,12,1,1586044800000,10044,Saarlouis,268,13,255,195201,425
DE-SL,06-04-2020,RKI,15,15,0,1586131200000,10044,Saarlouis,283,13,270,195201,425
DE-SL,07-04-2020,RKI,19,17,2,1586217600000,10044,Saarlouis,302,15,287,195201,425
DE-SL,08-04-2020,RKI,29,27,2,1586304000000,10044,Saarlouis,331,17,314,195201,425
DE-SL,09-04-2020,RKI,24,24,0,1586390400000,10044,Saarlouis,355,17,338,195201,425
DE-SL,10-04-2020,RKI,14,13,1,1586476800000,10044,Saarlouis,369,18,351,195201,425
DE-SL,11-04-2020,RKI,4,4,0,1586563200000,10044,Saarlouis,373,18,355,195201,425
DE-SL,12-04-2020,RKI,6,6,0,1586649600000,10044,Saarlouis,379,18,361,195201,425
DE-SL,13-04-2020,RKI,1,1,0,1586736000000,10044,Saarlouis,380,18,362,195201,425
DE-SL,14-04-2020,RKI,7,5,2,1586822400000,10044,Saarlouis,387,20,367,195201,425
DE-SL,15-04-2020,RKI,9,9,0,1586908800000,10044,Saarlouis,396,20,376,195201,425
DE-SL,16-04-2020,RKI,14,13,1,1586995200000,10044,Saarlouis,410,21,389,195201,425
DE-SL,17-04-2020,RKI,6,6,0,1587081600000,10044,Saarlouis,416,21,395,195201,425
DE-SL,18-04-2020,RKI,6,6,0,1587168000000,10044,Saarlouis,422,21,401,195201,425
DE-SL,20-04-2020,RKI,0,0,0,1587340800000,10044,Saarlouis,422,21,401,195201,425
DE-SL,21-04-2020,RKI,11,11,0,1587427200000,10044,Saarlouis,433,21,412,195201,425
DE-SL,22-04-2020,RKI,9,9,0,1587513600000,10044,Saarlouis,442,21,421,195201,425
DE-SL,23-04-2020,RKI,6,6,0,1587600000000,10044,Saarlouis,448,21,427,195201,425
DE-SL,24-04-2020,RKI,4,4,0,1587686400000,10044,Saarlouis,452,21,431,195201,425
DE-SL,25-04-2020,RKI,5,5,0,1587772800000,10044,Saarlouis,457,21,436,195201,425
DE-SL,26-04-2020,RKI,0,0,0,1587859200000,10044,Saarlouis,457,21,436,195201,425
DE-SL,27-04-2020,RKI,0,0,0,1587945600000,10044,Saarlouis,457,21,436,195201,425
DE-SL,28-04-2020,RKI,0,0,0,1588032000000,10044,Saarlouis,457,21,436,195201,425
DE-SL,29-04-2020,RKI,4,4,0,1588118400000,10044,Saarlouis,461,21,440,195201,425
DE-SL,30-04-2020,RKI,1,1,0,1588204800000,10044,Saarlouis,462,21,441,195201,425
DE-SL,01-05-2020,RKI,1,1,0,1588291200000,10044,Saarlouis,463,21,442,195201,425
DE-SL,03-05-2020,RKI,0,0,0,1588464000000,10044,Saarlouis,463,21,442,195201,425
DE-SL,05-05-2020,RKI,2,1,1,1588636800000,10044,Saarlouis,465,22,443,195201,425
DE-SL,06-05-2020,RKI,1,1,0,1588723200000,10044,Saarlouis,466,22,444,195201,425
DE-SL,07-05-2020,RKI,1,1,0,1588809600000,10044,Saarlouis,467,22,445,195201,425
DE-SL,08-05-2020,RKI,0,0,0,1588896000000,10044,Saarlouis,467,22,445,195201,425
DE-SL,09-05-2020,RKI,0,0,0,1588982400000,10044,Saarlouis,467,22,445,195201,425
DE-SL,12-05-2020,RKI,2,1,1,1589241600000,10044,Saarlouis,469,23,446,195201,425
DE-SL,13-05-2020,RKI,1,1,0,1589328000000,10044,Saarlouis,470,23,447,195201,425
DE-SL,19-05-2020,RKI,0,0,0,1589846400000,10044,Saarlouis,470,23,447,195201,425
DE-SL,20-05-2020,RKI,0,0,0,1589932800000,10044,Saarlouis,470,23,447,195201,425
DE-SL,21-05-2020,RKI,1,1,0,1590019200000,10044,Saarlouis,471,23,448,195201,425
DE-SL,22-05-2020,RKI,0,0,0,1590105600000,10044,Saarlouis,471,23,448,195201,425
DE-SL,23-05-2020,RKI,2,1,0,1590192000000,10044,Saarlouis,473,23,449,195201,425
DE-SL,24-05-2020,RKI,0,0,0,1590278400000,10044,Saarlouis,473,23,449,195201,425
DE-SL,25-05-2020,RKI,1,0,0,1590364800000,10044,Saarlouis,474,23,449,195201,425
DE-SL,27-05-2020,RKI,0,0,0,1590537600000,10044,Saarlouis,474,23,449,195201,425
DE-SL,03-06-2020,RKI,1,0,0,1591142400000,10044,Saarlouis,475,23,449,195201,425
DE-SL,05-06-2020,RKI,0,0,0,1591315200000,10044,Saarlouis,475,23,449,195201,425
DE-SL,11-03-2020,RKI,0,0,0,1583884800000,10045,Saar-Pfalz-Kreis,1,0,1,142631,341
DE-SL,13-03-2020,RKI,1,1,0,1584057600000,10045,Saar-Pfalz-Kreis,2,0,2,142631,341
DE-SL,15-03-2020,RKI,6,6,0,1584230400000,10045,Saar-Pfalz-Kreis,8,0,8,142631,341
DE-SL,16-03-2020,RKI,2,1,1,1584316800000,10045,Saar-Pfalz-Kreis,10,1,9,142631,341
DE-SL,19-03-2020,RKI,7,7,0,1584576000000,10045,Saar-Pfalz-Kreis,17,1,16,142631,341
DE-SL,20-03-2020,RKI,4,4,0,1584662400000,10045,Saar-Pfalz-Kreis,21,1,20,142631,341
DE-SL,21-03-2020,RKI,12,12,0,1584748800000,10045,Saar-Pfalz-Kreis,33,1,32,142631,341
DE-SL,22-03-2020,RKI,14,13,1,1584835200000,10045,Saar-Pfalz-Kreis,47,2,45,142631,341
DE-SL,23-03-2020,RKI,4,4,0,1584921600000,10045,Saar-Pfalz-Kreis,51,2,49,142631,341
DE-SL,24-03-2020,RKI,10,10,0,1585008000000,10045,Saar-Pfalz-Kreis,61,2,59,142631,341
DE-SL,25-03-2020,RKI,4,4,0,1585094400000,10045,Saar-Pfalz-Kreis,65,2,63,142631,341
DE-SL,26-03-2020,RKI,12,12,0,1585180800000,10045,Saar-Pfalz-Kreis,77,2,75,142631,341
DE-SL,27-03-2020,RKI,6,5,1,1585267200000,10045,Saar-Pfalz-Kreis,83,3,80,142631,341
DE-SL,29-03-2020,RKI,9,8,1,1585440000000,10045,Saar-Pfalz-Kreis,92,4,88,142631,341
DE-SL,30-03-2020,RKI,13,13,0,1585526400000,10045,Saar-Pfalz-Kreis,105,4,101,142631,341
DE-SL,31-03-2020,RKI,12,12,0,1585612800000,10045,Saar-Pfalz-Kreis,117,4,113,142631,341
DE-SL,01-04-2020,RKI,17,17,0,1585699200000,10045,Saar-Pfalz-Kreis,134,4,130,142631,341
DE-SL,02-04-2020,RKI,8,8,0,1585785600000,10045,Saar-Pfalz-Kreis,142,4,138,142631,341
DE-SL,03-04-2020,RKI,9,9,0,1585872000000,10045,Saar-Pfalz-Kreis,151,4,147,142631,341
DE-SL,04-04-2020,RKI,12,11,1,1585958400000,10045,Saar-Pfalz-Kreis,163,5,158,142631,341
DE-SL,05-04-2020,RKI,2,2,0,1586044800000,10045,Saar-Pfalz-Kreis,165,5,160,142631,341
DE-SL,06-04-2020,RKI,9,9,0,1586131200000,10045,Saar-Pfalz-Kreis,174,5,169,142631,341
DE-SL,07-04-2020,RKI,4,4,0,1586217600000,10045,Saar-Pfalz-Kreis,178,5,173,142631,341
DE-SL,08-04-2020,RKI,7,7,0,1586304000000,10045,Saar-Pfalz-Kreis,185,5,180,142631,341
DE-SL,09-04-2020,RKI,12,11,1,1586390400000,10045,Saar-Pfalz-Kreis,197,6,191,142631,341
DE-SL,10-04-2020,RKI,7,7,0,1586476800000,10045,Saar-Pfalz-Kreis,204,6,198,142631,341
DE-SL,11-04-2020,RKI,3,3,0,1586563200000,10045,Saar-Pfalz-Kreis,207,6,201,142631,341
DE-SL,12-04-2020,RKI,1,1,0,1586649600000,10045,Saar-Pfalz-Kreis,208,6,202,142631,341
DE-SL,13-04-2020,RKI,7,7,0,1586736000000,10045,Saar-Pfalz-Kreis,215,6,209,142631,341
DE-SL,14-04-2020,RKI,1,1,0,1586822400000,10045,Saar-Pfalz-Kreis,216,6,210,142631,341
DE-SL,15-04-2020,RKI,4,3,1,1586908800000,10045,Saar-Pfalz-Kreis,220,7,213,142631,341
DE-SL,16-04-2020,RKI,1,0,1,1586995200000,10045,Saar-Pfalz-Kreis,221,8,213,142631,341
DE-SL,17-04-2020,RKI,4,3,1,1587081600000,10045,Saar-Pfalz-Kreis,225,9,216,142631,341
DE-SL,20-04-2020,RKI,1,1,0,1587340800000,10045,Saar-Pfalz-Kreis,226,9,217,142631,341
DE-SL,21-04-2020,RKI,1,1,0,1587427200000,10045,Saar-Pfalz-Kreis,227,9,218,142631,341
DE-SL,22-04-2020,RKI,6,4,2,1587513600000,10045,Saar-Pfalz-Kreis,233,11,222,142631,341
DE-SL,24-04-2020,RKI,2,1,1,1587686400000,10045,Saar-Pfalz-Kreis,235,12,223,142631,341
DE-SL,26-04-2020,RKI,0,0,0,1587859200000,10045,Saar-Pfalz-Kreis,235,12,223,142631,341
DE-SL,29-04-2020,RKI,0,0,0,1588118400000,10045,Saar-Pfalz-Kreis,235,12,223,142631,341
DE-SL,30-04-2020,RKI,2,2,0,1588204800000,10045,Saar-Pfalz-Kreis,237,12,225,142631,341
DE-SL,02-05-2020,RKI,3,2,1,1588377600000,10045,Saar-Pfalz-Kreis,240,13,227,142631,341
DE-SL,03-05-2020,RKI,0,0,0,1588464000000,10045,Saar-Pfalz-Kreis,240,13,227,142631,341
DE-SL,04-05-2020,RKI,0,0,0,1588550400000,10045,Saar-Pfalz-Kreis,240,13,227,142631,341
DE-SL,05-05-2020,RKI,0,0,0,1588636800000,10045,Saar-Pfalz-Kreis,240,13,227,142631,341
DE-SL,06-05-2020,RKI,1,1,0,1588723200000,10045,Saar-Pfalz-Kreis,241,13,228,142631,341
DE-SL,08-05-2020,RKI,1,0,1,1588896000000,10045,Saar-Pfalz-Kreis,242,14,228,142631,341
DE-SL,11-05-2020,RKI,0,0,0,1589155200000,10045,Saar-Pfalz-Kreis,242,14,228,142631,341
DE-SL,14-05-2020,RKI,0,0,0,1589414400000,10045,Saar-Pfalz-Kreis,242,14,228,142631,341
DE-SL,19-05-2020,RKI,0,0,0,1589846400000,10045,Saar-Pfalz-Kreis,242,14,228,142631,341
DE-SL,26-05-2020,RKI,0,0,0,1590451200000,10045,Saar-Pfalz-Kreis,242,14,228,142631,341
DE-SL,29-05-2020,RKI,0,0,0,1590710400000,10045,Saar-Pfalz-Kreis,242,14,228,142631,341
DE-SL,30-05-2020,RKI,0,0,0,1590796800000,10045,Saar-Pfalz-Kreis,242,14,228,142631,341
DE-SL,01-06-2020,RKI,0,0,0,1590969600000,10045,Saar-Pfalz-Kreis,242,14,228,142631,341
DE-SL,13-03-2020,RKI,1,1,0,1584057600000,10046,Sankt Wendel,8,0,8,87397,184
DE-SL,14-03-2020,RKI,3,3,0,1584144000000,10046,Sankt Wendel,11,0,11,87397,184
DE-SL,15-03-2020,RKI,0,0,0,1584230400000,10046,Sankt Wendel,11,0,11,87397,184
DE-SL,16-03-2020,RKI,1,0,1,1584316800000,10046,Sankt Wendel,12,1,11,87397,184
DE-SL,17-03-2020,RKI,1,1,0,1584403200000,10046,Sankt Wendel,13,1,12,87397,184
DE-SL,18-03-2020,RKI,2,2,0,1584489600000,10046,Sankt Wendel,15,1,14,87397,184
DE-SL,19-03-2020,RKI,6,6,0,1584576000000,10046,Sankt Wendel,21,1,20,87397,184
DE-SL,20-03-2020,RKI,6,6,0,1584662400000,10046,Sankt Wendel,27,1,26,87397,184
DE-SL,21-03-2020,RKI,2,2,0,1584748800000,10046,Sankt Wendel,29,1,28,87397,184
DE-SL,22-03-2020,RKI,6,6,0,1584835200000,10046,Sankt Wendel,35,1,34,87397,184
DE-SL,23-03-2020,RKI,2,2,0,1584921600000,10046,Sankt Wendel,37,1,36,87397,184
DE-SL,24-03-2020,RKI,4,4,0,1585008000000,10046,Sankt Wendel,41,1,40,87397,184
DE-SL,25-03-2020,RKI,7,7,0,1585094400000,10046,Sankt Wendel,48,1,47,87397,184
DE-SL,26-03-2020,RKI,6,6,0,1585180800000,10046,Sankt Wendel,54,1,53,87397,184
DE-SL,27-03-2020,RKI,3,3,0,1585267200000,10046,Sankt Wendel,57,1,56,87397,184
DE-SL,28-03-2020,RKI,7,6,1,1585353600000,10046,Sankt Wendel,64,2,62,87397,184
DE-SL,30-03-2020,RKI,3,3,0,1585526400000,10046,Sankt Wendel,67,2,65,87397,184
DE-SL,31-03-2020,RKI,2,2,0,1585612800000,10046,Sankt Wendel,69,2,67,87397,184
DE-SL,01-04-2020,RKI,8,8,0,1585699200000,10046,Sankt Wendel,77,2,75,87397,184
DE-SL,02-04-2020,RKI,4,4,0,1585785600000,10046,Sankt Wendel,81,2,79,87397,184
DE-SL,03-04-2020,RKI,5,5,0,1585872000000,10046,Sankt Wendel,86,2,84,87397,184
DE-SL,04-04-2020,RKI,6,6,0,1585958400000,10046,Sankt Wendel,92,2,90,87397,184
DE-SL,06-04-2020,RKI,3,2,1,1586131200000,10046,Sankt Wendel,95,3,92,87397,184
DE-SL,07-04-2020,RKI,3,3,0,1586217600000,10046,Sankt Wendel,98,3,95,87397,184
DE-SL,08-04-2020,RKI,10,10,0,1586304000000,10046,Sankt Wendel,108,3,105,87397,184
DE-SL,09-04-2020,RKI,5,5,0,1586390400000,10046,Sankt Wendel,113,3,110,87397,184
DE-SL,11-04-2020,RKI,1,1,0,1586563200000,10046,Sankt Wendel,114,3,111,87397,184
DE-SL,12-04-2020,RKI,0,0,0,1586649600000,10046,Sankt Wendel,114,3,111,87397,184
DE-SL,14-04-2020,RKI,0,0,0,1586822400000,10046,Sankt Wendel,114,3,111,87397,184
DE-SL,15-04-2020,RKI,2,2,0,1586908800000,10046,Sankt Wendel,116,3,113,87397,184
DE-SL,21-04-2020,RKI,1,1,0,1587427200000,10046,Sankt Wendel,117,3,114,87397,184
DE-SL,23-04-2020,RKI,0,0,0,1587600000000,10046,Sankt Wendel,117,3,114,87397,184
DE-SL,27-04-2020,RKI,1,1,0,1587945600000,10046,Sankt Wendel,118,3,115,87397,184
DE-SL,30-04-2020,RKI,0,0,0,1588204800000,10046,Sankt Wendel,118,3,115,87397,184
DE-SL,01-05-2020,RKI,0,0,0,1588291200000,10046,Sankt Wendel,118,3,115,87397,184
DE-SL,04-05-2020,RKI,2,1,1,1588550400000,10046,Sankt Wendel,120,4,116,87397,184
DE-SL,05-05-2020,RKI,0,0,0,1588636800000,10046,Sankt Wendel,120,4,116,87397,184
DE-SL,06-05-2020,RKI,0,0,0,1588723200000,10046,Sankt Wendel,120,4,116,87397,184
DE-SL,07-05-2020,RKI,0,0,0,1588809600000,10046,Sankt Wendel,120,4,116,87397,184
DE-SL,11-05-2020,RKI,0,0,0,1589155200000,10046,Sankt Wendel,120,4,116,87397,184
DE-SL,13-05-2020,RKI,0,0,0,1589328000000,10046,Sankt Wendel,120,4,116,87397,184
DE-SL,18-05-2020,RKI,0,0,0,1589760000000,10046,Sankt Wendel,120,4,116,87397,184
DE-SL,29-05-2020,RKI,0,0,0,1590710400000,10046,Sankt Wendel,120,4,116,87397,184
DE-SL,02-06-2020,RKI,0,0,0,1591056000000,10046,Sankt Wendel,120,4,116,87397,184
DE-SN,13-03-2020,RKI,2,2,0,1584057600000,14511,Chemnitz,4,0,4,247237,1118
DE-SN,15-03-2020,RKI,3,3,0,1584230400000,14511,Chemnitz,7,0,7,247237,1118
DE-SN,16-03-2020,RKI,3,3,0,1584316800000,14511,Chemnitz,10,0,10,247237,1118
DE-SN,17-03-2020,RKI,2,2,0,1584403200000,14511,Chemnitz,12,0,12,247237,1118
DE-SN,18-03-2020,RKI,5,5,0,1584489600000,14511,Chemnitz,17,0,17,247237,1118
DE-SN,19-03-2020,RKI,8,8,0,1584576000000,14511,Chemnitz,25,0,25,247237,1118
DE-SN,20-03-2020,RKI,12,12,0,1584662400000,14511,Chemnitz,37,0,37,247237,1118
DE-SN,21-03-2020,RKI,5,5,0,1584748800000,14511,Chemnitz,42,0,42,247237,1118
DE-SN,22-03-2020,RKI,2,1,1,1584835200000,14511,Chemnitz,44,1,43,247237,1118
DE-SN,23-03-2020,RKI,3,3,0,1584921600000,14511,Chemnitz,47,1,46,247237,1118
DE-SN,24-03-2020,RKI,1,1,0,1585008000000,14511,Chemnitz,48,1,47,247237,1118
DE-SN,25-03-2020,RKI,1,1,0,1585094400000,14511,Chemnitz,49,1,48,247237,1118
DE-SN,26-03-2020,RKI,8,8,0,1585180800000,14511,Chemnitz,57,1,56,247237,1118
DE-SN,27-03-2020,RKI,14,13,1,1585267200000,14511,Chemnitz,71,2,69,247237,1118
DE-SN,28-03-2020,RKI,1,1,0,1585353600000,14511,Chemnitz,72,2,70,247237,1118
DE-SN,29-03-2020,RKI,11,11,0,1585440000000,14511,Chemnitz,83,2,81,247237,1118
DE-SN,30-03-2020,RKI,4,4,0,1585526400000,14511,Chemnitz,87,2,85,247237,1118
DE-SN,31-03-2020,RKI,8,7,1,1585612800000,14511,Chemnitz,95,3,92,247237,1118
DE-SN,01-04-2020,RKI,11,10,1,1585699200000,14511,Chemnitz,106,4,102,247237,1118
DE-SN,02-04-2020,RKI,6,6,0,1585785600000,14511,Chemnitz,112,4,108,247237,1118
DE-SN,03-04-2020,RKI,8,7,1,1585872000000,14511,Chemnitz,120,5,115,247237,1118
DE-SN,04-04-2020,RKI,2,2,0,1585958400000,14511,Chemnitz,122,5,117,247237,1118
DE-SN,05-04-2020,RKI,0,0,0,1586044800000,14511,Chemnitz,122,5,117,247237,1118
DE-SN,06-04-2020,RKI,1,1,0,1586131200000,14511,Chemnitz,123,5,118,247237,1118
DE-SN,07-04-2020,RKI,4,4,0,1586217600000,14511,Chemnitz,127,5,122,247237,1118
DE-SN,08-04-2020,RKI,6,6,0,1586304000000,14511,Chemnitz,133,5,128,247237,1118
DE-SN,09-04-2020,RKI,5,5,0,1586390400000,14511,Chemnitz,138,5,133,247237,1118
DE-SN,10-04-2020,RKI,0,0,0,1586476800000,14511,Chemnitz,138,5,133,247237,1118
DE-SN,11-04-2020,RKI,2,2,0,1586563200000,14511,Chemnitz,140,5,135,247237,1118
DE-SN,12-04-2020,RKI,4,4,0,1586649600000,14511,Chemnitz,144,5,139,247237,1118
DE-SN,13-04-2020,RKI,4,4,0,1586736000000,14511,Chemnitz,148,5,143,247237,1118
DE-SN,15-04-2020,RKI,3,3,0,1586908800000,14511,Chemnitz,151,5,146,247237,1118
DE-SN,16-04-2020,RKI,2,2,0,1586995200000,14511,Chemnitz,153,5,148,247237,1118
DE-SN,18-04-2020,RKI,1,1,0,1587168000000,14511,Chemnitz,154,5,149,247237,1118
DE-SN,19-04-2020,RKI,0,0,0,1587254400000,14511,Chemnitz,154,5,149,247237,1118
DE-SN,20-04-2020,RKI,0,0,0,1587340800000,14511,Chemnitz,154,5,149,247237,1118
DE-SN,21-04-2020,RKI,0,0,0,1587427200000,14511,Chemnitz,154,5,149,247237,1118
DE-SN,24-04-2020,RKI,0,0,0,1587686400000,14511,Chemnitz,154,5,149,247237,1118
DE-SN,25-04-2020,RKI,0,0,0,1587772800000,14511,Chemnitz,154,5,149,247237,1118
DE-SN,30-04-2020,RKI,1,1,0,1588204800000,14511,Chemnitz,155,5,150,247237,1118
DE-SN,07-05-2020,RKI,0,0,0,1588809600000,14511,Chemnitz,155,5,150,247237,1118
DE-SN,11-05-2020,RKI,0,0,0,1589155200000,14511,Chemnitz,155,5,150,247237,1118
DE-SN,14-05-2020,RKI,0,0,0,1589414400000,14511,Chemnitz,155,5,150,247237,1118
DE-SN,17-05-2020,RKI,0,0,0,1589673600000,14511,Chemnitz,155,5,150,247237,1118
DE-SN,22-05-2020,RKI,0,0,0,1590105600000,14511,Chemnitz,155,5,150,247237,1118
DE-SN,26-05-2020,RKI,0,0,0,1590451200000,14511,Chemnitz,155,5,150,247237,1118
DE-SN,05-06-2020,RKI,1,0,0,1591315200000,14511,Chemnitz,156,5,150,247237,1118
DE-SN,15-03-2020,RKI,4,4,0,1584230400000,14521,Erzgebirgskreis,5,0,5,337696,185
DE-SN,16-03-2020,RKI,1,1,0,1584316800000,14521,Erzgebirgskreis,6,0,6,337696,185
DE-SN,17-03-2020,RKI,3,3,0,1584403200000,14521,Erzgebirgskreis,9,0,9,337696,185
DE-SN,18-03-2020,RKI,8,8,0,1584489600000,14521,Erzgebirgskreis,17,0,17,337696,185
DE-SN,19-03-2020,RKI,9,9,0,1584576000000,14521,Erzgebirgskreis,26,0,26,337696,185
DE-SN,20-03-2020,RKI,4,4,0,1584662400000,14521,Erzgebirgskreis,30,0,30,337696,185
DE-SN,21-03-2020,RKI,11,10,1,1584748800000,14521,Erzgebirgskreis,41,1,40,337696,185
DE-SN,22-03-2020,RKI,3,3,0,1584835200000,14521,Erzgebirgskreis,44,1,43,337696,185
DE-SN,23-03-2020,RKI,4,4,0,1584921600000,14521,Erzgebirgskreis,48,1,47,337696,185
DE-SN,24-03-2020,RKI,2,0,2,1585008000000,14521,Erzgebirgskreis,50,3,47,337696,185
DE-SN,25-03-2020,RKI,8,7,1,1585094400000,14521,Erzgebirgskreis,58,4,54,337696,185
DE-SN,26-03-2020,RKI,11,10,1,1585180800000,14521,Erzgebirgskreis,69,5,64,337696,185
DE-SN,27-03-2020,RKI,14,13,1,1585267200000,14521,Erzgebirgskreis,83,6,77,337696,185
DE-SN,28-03-2020,RKI,4,3,1,1585353600000,14521,Erzgebirgskreis,87,7,80,337696,185
DE-SN,29-03-2020,RKI,4,4,0,1585440000000,14521,Erzgebirgskreis,91,7,84,337696,185
DE-SN,30-03-2020,RKI,13,9,4,1585526400000,14521,Erzgebirgskreis,104,11,93,337696,185
DE-SN,31-03-2020,RKI,38,34,4,1585612800000,14521,Erzgebirgskreis,142,15,127,337696,185
DE-SN,01-04-2020,RKI,23,23,0,1585699200000,14521,Erzgebirgskreis,165,15,150,337696,185
DE-SN,02-04-2020,RKI,82,73,9,1585785600000,14521,Erzgebirgskreis,247,24,223,337696,185
DE-SN,03-04-2020,RKI,10,9,1,1585872000000,14521,Erzgebirgskreis,257,25,232,337696,185
DE-SN,04-04-2020,RKI,12,11,1,1585958400000,14521,Erzgebirgskreis,269,26,243,337696,185
DE-SN,05-04-2020,RKI,11,9,2,1586044800000,14521,Erzgebirgskreis,280,28,252,337696,185
DE-SN,06-04-2020,RKI,19,16,3,1586131200000,14521,Erzgebirgskreis,299,31,268,337696,185
DE-SN,07-04-2020,RKI,5,5,0,1586217600000,14521,Erzgebirgskreis,304,31,273,337696,185
DE-SN,08-04-2020,RKI,26,25,1,1586304000000,14521,Erzgebirgskreis,330,32,298,337696,185
DE-SN,09-04-2020,RKI,8,7,1,1586390400000,14521,Erzgebirgskreis,338,33,305,337696,185
DE-SN,10-04-2020,RKI,35,31,4,1586476800000,14521,Erzgebirgskreis,373,37,336,337696,185
DE-SN,11-04-2020,RKI,9,7,2,1586563200000,14521,Erzgebirgskreis,382,39,343,337696,185
DE-SN,12-04-2020,RKI,8,8,0,1586649600000,14521,Erzgebirgskreis,390,39,351,337696,185
DE-SN,13-04-2020,RKI,5,4,1,1586736000000,14521,Erzgebirgskreis,395,40,355,337696,185
DE-SN,14-04-2020,RKI,5,4,1,1586822400000,14521,Erzgebirgskreis,400,41,359,337696,185
DE-SN,15-04-2020,RKI,5,5,0,1586908800000,14521,Erzgebirgskreis,405,41,364,337696,185
DE-SN,16-04-2020,RKI,11,9,2,1586995200000,14521,Erzgebirgskreis,416,43,373,337696,185
DE-SN,17-04-2020,RKI,0,0,0,1587081600000,14521,Erzgebirgskreis,416,43,373,337696,185
DE-SN,18-04-2020,RKI,14,14,0,1587168000000,14521,Erzgebirgskreis,430,43,387,337696,185
DE-SN,19-04-2020,RKI,2,2,0,1587254400000,14521,Erzgebirgskreis,432,43,389,337696,185
DE-SN,20-04-2020,RKI,1,1,0,1587340800000,14521,Erzgebirgskreis,433,43,390,337696,185
DE-SN,21-04-2020,RKI,3,3,0,1587427200000,14521,Erzgebirgskreis,436,43,393,337696,185
DE-SN,22-04-2020,RKI,7,7,0,1587513600000,14521,Erzgebirgskreis,443,43,400,337696,185
DE-SN,23-04-2020,RKI,6,6,0,1587600000000,14521,Erzgebirgskreis,449,43,406,337696,185
DE-SN,24-04-2020,RKI,8,8,0,1587686400000,14521,Erzgebirgskreis,457,43,414,337696,185
DE-SN,25-04-2020,RKI,1,1,0,1587772800000,14521,Erzgebirgskreis,458,43,415,337696,185
DE-SN,26-04-2020,RKI,8,8,0,1587859200000,14521,Erzgebirgskreis,466,43,423,337696,185
DE-SN,27-04-2020,RKI,0,0,0,1587945600000,14521,Erzgebirgskreis,466,43,423,337696,185
DE-SN,29-04-2020,RKI,3,3,0,1588118400000,14521,Erzgebirgskreis,469,43,426,337696,185
DE-SN,30-04-2020,RKI,2,2,0,1588204800000,14521,Erzgebirgskreis,471,43,428,337696,185
DE-SN,01-05-2020,RKI,0,0,0,1588291200000,14521,Erzgebirgskreis,471,43,428,337696,185
DE-SN,02-05-2020,RKI,4,4,0,1588377600000,14521,Erzgebirgskreis,475,43,432,337696,185
DE-SN,03-05-2020,RKI,0,0,0,1588464000000,14521,Erzgebirgskreis,475,43,432,337696,185
DE-SN,05-05-2020,RKI,5,5,0,1588636800000,14521,Erzgebirgskreis,480,43,437,337696,185
DE-SN,06-05-2020,RKI,4,4,0,1588723200000,14521,Erzgebirgskreis,484,43,441,337696,185
DE-SN,07-05-2020,RKI,0,0,0,1588809600000,14521,Erzgebirgskreis,484,43,441,337696,185
DE-SN,08-05-2020,RKI,1,1,0,1588896000000,14521,Erzgebirgskreis,485,43,442,337696,185
DE-SN,09-05-2020,RKI,0,0,0,1588982400000,14521,Erzgebirgskreis,485,43,442,337696,185
DE-SN,11-05-2020,RKI,0,0,0,1589155200000,14521,Erzgebirgskreis,485,43,442,337696,185
DE-SN,12-05-2020,RKI,1,1,0,1589241600000,14521,Erzgebirgskreis,486,43,443,337696,185
DE-SN,13-05-2020,RKI,0,0,0,1589328000000,14521,Erzgebirgskreis,486,43,443,337696,185
DE-SN,14-05-2020,RKI,0,0,0,1589414400000,14521,Erzgebirgskreis,486,43,443,337696,185
DE-SN,15-05-2020,RKI,1,1,0,1589500800000,14521,Erzgebirgskreis,487,43,444,337696,185
DE-SN,22-05-2020,RKI,0,0,0,1590105600000,14521,Erzgebirgskreis,487,43,444,337696,185
DE-SN,24-05-2020,RKI,1,0,0,1590278400000,14521,Erzgebirgskreis,488,43,444,337696,185
DE-SN,26-05-2020,RKI,0,0,0,1590451200000,14521,Erzgebirgskreis,488,43,444,337696,185
DE-SN,04-06-2020,RKI,0,0,0,1591228800000,14521,Erzgebirgskreis,488,43,444,337696,185
DE-SN,14-03-2020,RKI,0,0,0,1584144000000,14522,Mittelsachsen,3,0,3,306185,145
DE-SN,16-03-2020,RKI,3,3,0,1584316800000,14522,Mittelsachsen,6,0,6,306185,145
DE-SN,17-03-2020,RKI,2,2,0,1584403200000,14522,Mittelsachsen,8,0,8,306185,145
DE-SN,18-03-2020,RKI,4,4,0,1584489600000,14522,Mittelsachsen,12,0,12,306185,145
DE-SN,19-03-2020,RKI,7,7,0,1584576000000,14522,Mittelsachsen,19,0,19,306185,145
DE-SN,20-03-2020,RKI,7,7,0,1584662400000,14522,Mittelsachsen,26,0,26,306185,145
DE-SN,21-03-2020,RKI,3,3,0,1584748800000,14522,Mittelsachsen,29,0,29,306185,145
DE-SN,22-03-2020,RKI,0,0,0,1584835200000,14522,Mittelsachsen,29,0,29,306185,145
DE-SN,23-03-2020,RKI,3,3,0,1584921600000,14522,Mittelsachsen,32,0,32,306185,145
DE-SN,24-03-2020,RKI,10,10,0,1585008000000,14522,Mittelsachsen,42,0,42,306185,145
DE-SN,25-03-2020,RKI,6,6,0,1585094400000,14522,Mittelsachsen,48,0,48,306185,145
DE-SN,26-03-2020,RKI,11,11,0,1585180800000,14522,Mittelsachsen,59,0,59,306185,145
DE-SN,27-03-2020,RKI,10,9,1,1585267200000,14522,Mittelsachsen,69,1,68,306185,145
DE-SN,28-03-2020,RKI,12,12,0,1585353600000,14522,Mittelsachsen,81,1,80,306185,145
DE-SN,29-03-2020,RKI,4,4,0,1585440000000,14522,Mittelsachsen,85,1,84,306185,145
DE-SN,30-03-2020,RKI,5,4,1,1585526400000,14522,Mittelsachsen,90,2,88,306185,145
DE-SN,31-03-2020,RKI,11,10,1,1585612800000,14522,Mittelsachsen,101,3,98,306185,145
DE-SN,01-04-2020,RKI,12,11,1,1585699200000,14522,Mittelsachsen,113,4,109,306185,145
DE-SN,02-04-2020,RKI,13,11,2,1585785600000,14522,Mittelsachsen,126,6,120,306185,145
DE-SN,03-04-2020,RKI,14,12,2,1585872000000,14522,Mittelsachsen,140,8,132,306185,145
DE-SN,04-04-2020,RKI,5,5,0,1585958400000,14522,Mittelsachsen,145,8,137,306185,145
DE-SN,05-04-2020,RKI,3,3,0,1586044800000,14522,Mittelsachsen,148,8,140,306185,145
DE-SN,06-04-2020,RKI,7,7,0,1586131200000,14522,Mittelsachsen,155,8,147,306185,145
DE-SN,07-04-2020,RKI,5,5,0,1586217600000,14522,Mittelsachsen,160,8,152,306185,145
DE-SN,08-04-2020,RKI,17,16,1,1586304000000,14522,Mittelsachsen,177,9,168,306185,145
DE-SN,09-04-2020,RKI,5,5,0,1586390400000,14522,Mittelsachsen,182,9,173,306185,145
DE-SN,10-04-2020,RKI,6,6,0,1586476800000,14522,Mittelsachsen,188,9,179,306185,145
DE-SN,11-04-2020,RKI,6,6,0,1586563200000,14522,Mittelsachsen,194,9,185,306185,145
DE-SN,12-04-2020,RKI,0,0,0,1586649600000,14522,Mittelsachsen,194,9,185,306185,145
DE-SN,14-04-2020,RKI,7,7,0,1586822400000,14522,Mittelsachsen,201,9,192,306185,145
DE-SN,15-04-2020,RKI,0,0,0,1586908800000,14522,Mittelsachsen,201,9,192,306185,145
DE-SN,16-04-2020,RKI,6,6,0,1586995200000,14522,Mittelsachsen,207,9,198,306185,145
DE-SN,18-04-2020,RKI,2,2,0,1587168000000,14522,Mittelsachsen,209,9,200,306185,145
DE-SN,25-04-2020,RKI,1,1,0,1587772800000,14522,Mittelsachsen,210,9,201,306185,145
DE-SN,27-04-2020,RKI,1,1,0,1587945600000,14522,Mittelsachsen,211,9,202,306185,145
DE-SN,29-04-2020,RKI,0,0,0,1588118400000,14522,Mittelsachsen,211,9,202,306185,145
DE-SN,30-04-2020,RKI,0,0,0,1588204800000,14522,Mittelsachsen,211,9,202,306185,145
DE-SN,10-05-2020,RKI,0,0,0,1589068800000,14522,Mittelsachsen,211,9,202,306185,145
DE-SN,14-05-2020,RKI,1,1,0,1589414400000,14522,Mittelsachsen,212,9,203,306185,145
DE-SN,20-05-2020,RKI,0,0,0,1589932800000,14522,Mittelsachsen,212,9,203,306185,145
DE-SN,27-05-2020,RKI,1,1,0,1590537600000,14522,Mittelsachsen,213,9,204,306185,145
DE-SN,03-06-2020,RKI,0,0,0,1591142400000,14522,Mittelsachsen,213,9,204,306185,145
DE-SN,17-03-2020,RKI,0,0,0,1584403200000,14523,Vogtlandkreis,1,0,1,227796,161
DE-SN,18-03-2020,RKI,4,4,0,1584489600000,14523,Vogtlandkreis,5,0,5,227796,161
DE-SN,19-03-2020,RKI,6,6,0,1584576000000,14523,Vogtlandkreis,11,0,11,227796,161
DE-SN,20-03-2020,RKI,8,8,0,1584662400000,14523,Vogtlandkreis,19,0,19,227796,161
DE-SN,21-03-2020,RKI,7,7,0,1584748800000,14523,Vogtlandkreis,26,0,26,227796,161
DE-SN,23-03-2020,RKI,11,11,0,1584921600000,14523,Vogtlandkreis,37,0,37,227796,161
DE-SN,24-03-2020,RKI,17,17,0,1585008000000,14523,Vogtlandkreis,54,0,54,227796,161
DE-SN,25-03-2020,RKI,19,18,1,1585094400000,14523,Vogtlandkreis,73,1,72,227796,161
DE-SN,26-03-2020,RKI,4,3,1,1585180800000,14523,Vogtlandkreis,77,2,75,227796,161
DE-SN,27-03-2020,RKI,5,5,0,1585267200000,14523,Vogtlandkreis,82,2,80,227796,161
DE-SN,28-03-2020,RKI,12,12,0,1585353600000,14523,Vogtlandkreis,94,2,92,227796,161
DE-SN,29-03-2020,RKI,0,0,0,1585440000000,14523,Vogtlandkreis,94,2,92,227796,161
DE-SN,30-03-2020,RKI,6,6,0,1585526400000,14523,Vogtlandkreis,100,2,98,227796,161
DE-SN,31-03-2020,RKI,4,4,0,1585612800000,14523,Vogtlandkreis,104,2,102,227796,161
DE-SN,01-04-2020,RKI,8,8,0,1585699200000,14523,Vogtlandkreis,112,2,110,227796,161
DE-SN,02-04-2020,RKI,5,5,0,1585785600000,14523,Vogtlandkreis,117,2,115,227796,161
DE-SN,03-04-2020,RKI,15,15,0,1585872000000,14523,Vogtlandkreis,132,2,130,227796,161
DE-SN,04-04-2020,RKI,9,8,1,1585958400000,14523,Vogtlandkreis,141,3,138,227796,161
DE-SN,05-04-2020,RKI,6,6,0,1586044800000,14523,Vogtlandkreis,147,3,144,227796,161
DE-SN,06-04-2020,RKI,10,10,0,1586131200000,14523,Vogtlandkreis,157,3,154,227796,161
DE-SN,07-04-2020,RKI,9,8,1,1586217600000,14523,Vogtlandkreis,166,4,162,227796,161
DE-SN,08-04-2020,RKI,5,5,0,1586304000000,14523,Vogtlandkreis,171,4,167,227796,161
DE-SN,09-04-2020,RKI,8,8,0,1586390400000,14523,Vogtlandkreis,179,4,175,227796,161
DE-SN,10-04-2020,RKI,9,9,0,1586476800000,14523,Vogtlandkreis,188,4,184,227796,161
DE-SN,11-04-2020,RKI,2,1,1,1586563200000,14523,Vogtlandkreis,190,5,185,227796,161
DE-SN,12-04-2020,RKI,38,37,1,1586649600000,14523,Vogtlandkreis,228,6,222,227796,161
DE-SN,13-04-2020,RKI,1,1,0,1586736000000,14523,Vogtlandkreis,229,6,223,227796,161
DE-SN,14-04-2020,RKI,9,9,0,1586822400000,14523,Vogtlandkreis,238,6,232,227796,161
DE-SN,15-04-2020,RKI,1,1,0,1586908800000,14523,Vogtlandkreis,239,6,233,227796,161
DE-SN,16-04-2020,RKI,4,4,0,1586995200000,14523,Vogtlandkreis,243,6,237,227796,161
DE-SN,17-04-2020,RKI,1,1,0,1587081600000,14523,Vogtlandkreis,244,6,238,227796,161
DE-SN,18-04-2020,RKI,1,1,0,1587168000000,14523,Vogtlandkreis,245,6,239,227796,161
DE-SN,19-04-2020,RKI,0,0,0,1587254400000,14523,Vogtlandkreis,245,6,239,227796,161
DE-SN,20-04-2020,RKI,4,3,1,1587340800000,14523,Vogtlandkreis,249,7,242,227796,161
DE-SN,21-04-2020,RKI,2,1,1,1587427200000,14523,Vogtlandkreis,251,8,243,227796,161
DE-SN,22-04-2020,RKI,9,9,0,1587513600000,14523,Vogtlandkreis,260,8,252,227796,161
DE-SN,23-04-2020,RKI,1,1,0,1587600000000,14523,Vogtlandkreis,261,8,253,227796,161
DE-SN,24-04-2020,RKI,4,3,1,1587686400000,14523,Vogtlandkreis,265,9,256,227796,161
DE-SN,25-04-2020,RKI,1,1,0,1587772800000,14523,Vogtlandkreis,266,9,257,227796,161
DE-SN,26-04-2020,RKI,4,4,0,1587859200000,14523,Vogtlandkreis,270,9,261,227796,161
DE-SN,28-04-2020,RKI,4,4,0,1588032000000,14523,Vogtlandkreis,274,9,265,227796,161
DE-SN,29-04-2020,RKI,4,4,0,1588118400000,14523,Vogtlandkreis,278,9,269,227796,161
DE-SN,30-04-2020,RKI,13,11,2,1588204800000,14523,Vogtlandkreis,291,11,280,227796,161
DE-SN,01-05-2020,RKI,9,9,0,1588291200000,14523,Vogtlandkreis,300,11,289,227796,161
DE-SN,02-05-2020,RKI,10,10,0,1588377600000,14523,Vogtlandkreis,310,11,299,227796,161
DE-SN,03-05-2020,RKI,2,2,0,1588464000000,14523,Vogtlandkreis,312,11,301,227796,161
DE-SN,04-05-2020,RKI,3,3,0,1588550400000,14523,Vogtlandkreis,315,11,304,227796,161
DE-SN,05-05-2020,RKI,4,3,1,1588636800000,14523,Vogtlandkreis,319,12,307,227796,161
DE-SN,06-05-2020,RKI,6,6,0,1588723200000,14523,Vogtlandkreis,325,12,313,227796,161
DE-SN,07-05-2020,RKI,5,5,0,1588809600000,14523,Vogtlandkreis,330,12,318,227796,161
DE-SN,08-05-2020,RKI,5,5,0,1588896000000,14523,Vogtlandkreis,335,12,323,227796,161
DE-SN,09-05-2020,RKI,8,8,0,1588982400000,14523,Vogtlandkreis,343,12,331,227796,161
DE-SN,10-05-2020,RKI,2,2,0,1589068800000,14523,Vogtlandkreis,345,12,333,227796,161
DE-SN,11-05-2020,RKI,0,0,0,1589155200000,14523,Vogtlandkreis,345,12,333,227796,161
DE-SN,12-05-2020,RKI,2,1,0,1589241600000,14523,Vogtlandkreis,347,12,334,227796,161
DE-SN,13-05-2020,RKI,8,6,0,1589328000000,14523,Vogtlandkreis,355,12,340,227796,161
DE-SN,14-05-2020,RKI,3,1,1,1589414400000,14523,Vogtlandkreis,358,13,341,227796,161
DE-SN,15-05-2020,RKI,2,2,0,1589500800000,14523,Vogtlandkreis,360,13,343,227796,161
DE-SN,16-05-2020,RKI,1,0,1,1589587200000,14523,Vogtlandkreis,361,14,343,227796,161
DE-SN,18-05-2020,RKI,0,0,0,1589760000000,14523,Vogtlandkreis,361,14,343,227796,161
DE-SN,19-05-2020,RKI,3,3,0,1589846400000,14523,Vogtlandkreis,364,14,346,227796,161
DE-SN,20-05-2020,RKI,11,10,0,1589932800000,14523,Vogtlandkreis,375,14,356,227796,161
DE-SN,21-05-2020,RKI,3,3,0,1590019200000,14523,Vogtlandkreis,378,14,359,227796,161
DE-SN,22-05-2020,RKI,3,2,0,1590105600000,14523,Vogtlandkreis,381,14,361,227796,161
DE-SN,23-05-2020,RKI,2,2,0,1590192000000,14523,Vogtlandkreis,383,14,363,227796,161
DE-SN,24-05-2020,RKI,0,0,0,1590278400000,14523,Vogtlandkreis,383,14,363,227796,161
DE-SN,25-05-2020,RKI,2,0,0,1590364800000,14523,Vogtlandkreis,385,14,363,227796,161
DE-SN,26-05-2020,RKI,3,0,0,1590451200000,14523,Vogtlandkreis,388,14,363,227796,161
DE-SN,27-05-2020,RKI,10,3,0,1590537600000,14523,Vogtlandkreis,398,14,366,227796,161
DE-SN,28-05-2020,RKI,0,0,0,1590624000000,14523,Vogtlandkreis,398,14,366,227796,161
DE-SN,29-05-2020,RKI,1,0,0,1590710400000,14523,Vogtlandkreis,399,14,366,227796,161
DE-SN,30-05-2020,RKI,2,0,0,1590796800000,14523,Vogtlandkreis,401,14,366,227796,161
DE-SN,03-06-2020,RKI,3,0,0,1591142400000,14523,Vogtlandkreis,404,14,366,227796,161
DE-SN,13-03-2020,RKI,2,2,0,1584057600000,14524,Zwickau,2,0,2,317531,334
DE-SN,14-03-2020,RKI,5,4,1,1584144000000,14524,Zwickau,7,1,6,317531,334
DE-SN,15-03-2020,RKI,3,3,0,1584230400000,14524,Zwickau,10,1,9,317531,334
DE-SN,16-03-2020,RKI,3,3,0,1584316800000,14524,Zwickau,13,1,12,317531,334
DE-SN,17-03-2020,RKI,16,16,0,1584403200000,14524,Zwickau,29,1,28,317531,334
DE-SN,18-03-2020,RKI,31,31,0,1584489600000,14524,Zwickau,60,1,59,317531,334
DE-SN,19-03-2020,RKI,41,41,0,1584576000000,14524,Zwickau,101,1,100,317531,334
DE-SN,20-03-2020,RKI,25,24,0,1584662400000,14524,Zwickau,126,1,124,317531,334
DE-SN,21-03-2020,RKI,19,19,0,1584748800000,14524,Zwickau,145,1,143,317531,334
DE-SN,22-03-2020,RKI,6,6,0,1584835200000,14524,Zwickau,151,1,149,317531,334
DE-SN,23-03-2020,RKI,19,17,2,1584921600000,14524,Zwickau,170,3,166,317531,334
DE-SN,24-03-2020,RKI,30,29,1,1585008000000,14524,Zwickau,200,4,195,317531,334
DE-SN,25-03-2020,RKI,28,26,2,1585094400000,14524,Zwickau,228,6,221,317531,334
DE-SN,26-03-2020,RKI,21,20,1,1585180800000,14524,Zwickau,249,7,241,317531,334
DE-SN,27-03-2020,RKI,25,24,1,1585267200000,14524,Zwickau,274,8,265,317531,334
DE-SN,28-03-2020,RKI,34,32,2,1585353600000,14524,Zwickau,308,10,297,317531,334
DE-SN,29-03-2020,RKI,13,12,1,1585440000000,14524,Zwickau,321,11,309,317531,334
DE-SN,30-03-2020,RKI,13,13,0,1585526400000,14524,Zwickau,334,11,322,317531,334
DE-SN,31-03-2020,RKI,24,19,5,1585612800000,14524,Zwickau,358,16,341,317531,334
DE-SN,01-04-2020,RKI,19,19,0,1585699200000,14524,Zwickau,377,16,360,317531,334
DE-SN,02-04-2020,RKI,41,37,4,1585785600000,14524,Zwickau,418,20,397,317531,334
DE-SN,03-04-2020,RKI,39,38,1,1585872000000,14524,Zwickau,457,21,435,317531,334
DE-SN,04-04-2020,RKI,23,19,4,1585958400000,14524,Zwickau,480,25,454,317531,334
DE-SN,05-04-2020,RKI,1,0,1,1586044800000,14524,Zwickau,481,26,454,317531,334
DE-SN,06-04-2020,RKI,3,2,1,1586131200000,14524,Zwickau,484,27,456,317531,334
DE-SN,07-04-2020,RKI,20,18,2,1586217600000,14524,Zwickau,504,29,474,317531,334
DE-SN,08-04-2020,RKI,40,37,3,1586304000000,14524,Zwickau,544,32,511,317531,334
DE-SN,09-04-2020,RKI,5,4,1,1586390400000,14524,Zwickau,549,33,515,317531,334
DE-SN,10-04-2020,RKI,17,16,1,1586476800000,14524,Zwickau,566,34,531,317531,334
DE-SN,11-04-2020,RKI,12,11,1,1586563200000,14524,Zwickau,578,35,542,317531,334
DE-SN,12-04-2020,RKI,7,7,0,1586649600000,14524,Zwickau,585,35,549,317531,334
DE-SN,13-04-2020,RKI,15,10,5,1586736000000,14524,Zwickau,600,40,559,317531,334
DE-SN,14-04-2020,RKI,19,17,2,1586822400000,14524,Zwickau,619,42,576,317531,334
DE-SN,15-04-2020,RKI,8,7,0,1586908800000,14524,Zwickau,627,42,583,317531,334
DE-SN,16-04-2020,RKI,18,17,0,1586995200000,14524,Zwickau,645,42,600,317531,334
DE-SN,17-04-2020,RKI,2,2,0,1587081600000,14524,Zwickau,647,42,602,317531,334
DE-SN,18-04-2020,RKI,8,8,0,1587168000000,14524,Zwickau,655,42,610,317531,334
DE-SN,19-04-2020,RKI,7,7,0,1587254400000,14524,Zwickau,662,42,617,317531,334
DE-SN,21-04-2020,RKI,8,8,0,1587427200000,14524,Zwickau,670,42,625,317531,334
DE-SN,22-04-2020,RKI,7,7,0,1587513600000,14524,Zwickau,677,42,632,317531,334
DE-SN,23-04-2020,RKI,5,4,1,1587600000000,14524,Zwickau,682,43,636,317531,334
DE-SN,24-04-2020,RKI,8,7,1,1587686400000,14524,Zwickau,690,44,643,317531,334
DE-SN,25-04-2020,RKI,2,1,0,1587772800000,14524,Zwickau,692,44,644,317531,334
DE-SN,27-04-2020,RKI,3,2,1,1587945600000,14524,Zwickau,695,45,646,317531,334
DE-SN,28-04-2020,RKI,7,7,0,1588032000000,14524,Zwickau,702,45,653,317531,334
DE-SN,29-04-2020,RKI,8,5,3,1588118400000,14524,Zwickau,710,48,658,317531,334
DE-SN,30-04-2020,RKI,1,1,0,1588204800000,14524,Zwickau,711,48,659,317531,334
DE-SN,01-05-2020,RKI,4,4,0,1588291200000,14524,Zwickau,715,48,663,317531,334
DE-SN,02-05-2020,RKI,0,0,0,1588377600000,14524,Zwickau,715,48,663,317531,334
DE-SN,03-05-2020,RKI,4,4,0,1588464000000,14524,Zwickau,719,48,667,317531,334
DE-SN,05-05-2020,RKI,15,13,2,1588636800000,14524,Zwickau,734,50,680,317531,334
DE-SN,06-05-2020,RKI,4,4,0,1588723200000,14524,Zwickau,738,50,684,317531,334
DE-SN,07-05-2020,RKI,6,6,0,1588809600000,14524,Zwickau,744,50,690,317531,334
DE-SN,08-05-2020,RKI,2,2,0,1588896000000,14524,Zwickau,746,50,692,317531,334
DE-SN,09-05-2020,RKI,3,3,0,1588982400000,14524,Zwickau,749,50,695,317531,334
DE-SN,10-05-2020,RKI,2,1,0,1589068800000,14524,Zwickau,751,50,696,317531,334
DE-SN,11-05-2020,RKI,3,2,0,1589155200000,14524,Zwickau,754,50,698,317531,334
DE-SN,12-05-2020,RKI,2,2,0,1589241600000,14524,Zwickau,756,50,700,317531,334
DE-SN,13-05-2020,RKI,5,4,0,1589328000000,14524,Zwickau,761,50,704,317531,334
DE-SN,14-05-2020,RKI,9,8,0,1589414400000,14524,Zwickau,770,50,712,317531,334
DE-SN,15-05-2020,RKI,2,0,0,1589500800000,14524,Zwickau,772,50,712,317531,334
DE-SN,16-05-2020,RKI,4,3,0,1589587200000,14524,Zwickau,776,50,715,317531,334
DE-SN,17-05-2020,RKI,0,0,0,1589673600000,14524,Zwickau,776,50,715,317531,334
DE-SN,19-05-2020,RKI,3,3,0,1589846400000,14524,Zwickau,779,50,718,317531,334
DE-SN,20-05-2020,RKI,3,3,0,1589932800000,14524,Zwickau,782,50,721,317531,334
DE-SN,21-05-2020,RKI,1,0,0,1590019200000,14524,Zwickau,783,50,721,317531,334
DE-SN,23-05-2020,RKI,0,0,0,1590192000000,14524,Zwickau,783,50,721,317531,334
DE-SN,25-05-2020,RKI,0,0,0,1590364800000,14524,Zwickau,783,50,721,317531,334
DE-SN,26-05-2020,RKI,3,0,0,1590451200000,14524,Zwickau,786,50,721,317531,334
DE-SN,28-05-2020,RKI,4,1,0,1590624000000,14524,Zwickau,790,50,722,317531,334
DE-SN,29-05-2020,RKI,1,0,0,1590710400000,14524,Zwickau,791,50,722,317531,334
DE-SN,30-05-2020,RKI,1,0,0,1590796800000,14524,Zwickau,792,50,722,317531,334
DE-SN,03-06-2020,RKI,3,0,0,1591142400000,14524,Zwickau,795,50,722,317531,334
DE-SN,04-06-2020,RKI,0,0,0,1591228800000,14524,Zwickau,795,50,722,317531,334
DE-SN,09-03-2020,RKI,0,0,0,1583712000000,14612,Dresden,1,0,1,554649,1689
DE-SN,10-03-2020,RKI,1,1,0,1583798400000,14612,Dresden,2,0,2,554649,1689
DE-SN,11-03-2020,RKI,3,3,0,1583884800000,14612,Dresden,5,0,5,554649,1689
DE-SN,12-03-2020,RKI,6,6,0,1583971200000,14612,Dresden,11,0,11,554649,1689
DE-SN,13-03-2020,RKI,6,6,0,1584057600000,14612,Dresden,17,0,17,554649,1689
DE-SN,14-03-2020,RKI,9,9,0,1584144000000,14612,Dresden,26,0,26,554649,1689
DE-SN,15-03-2020,RKI,3,3,0,1584230400000,14612,Dresden,29,0,29,554649,1689
DE-SN,16-03-2020,RKI,4,4,0,1584316800000,14612,Dresden,33,0,33,554649,1689
DE-SN,17-03-2020,RKI,16,16,0,1584403200000,14612,Dresden,49,0,49,554649,1689
DE-SN,18-03-2020,RKI,14,14,0,1584489600000,14612,Dresden,63,0,63,554649,1689
DE-SN,19-03-2020,RKI,27,26,1,1584576000000,14612,Dresden,90,1,89,554649,1689
DE-SN,20-03-2020,RKI,20,18,2,1584662400000,14612,Dresden,110,3,107,554649,1689
DE-SN,21-03-2020,RKI,34,34,0,1584748800000,14612,Dresden,144,3,141,554649,1689
DE-SN,23-03-2020,RKI,15,15,0,1584921600000,14612,Dresden,159,3,156,554649,1689
DE-SN,24-03-2020,RKI,40,39,1,1585008000000,14612,Dresden,199,4,195,554649,1689
DE-SN,25-03-2020,RKI,12,12,0,1585094400000,14612,Dresden,211,4,207,554649,1689
DE-SN,26-03-2020,RKI,33,33,0,1585180800000,14612,Dresden,244,4,240,554649,1689
DE-SN,27-03-2020,RKI,35,34,1,1585267200000,14612,Dresden,279,5,274,554649,1689
DE-SN,28-03-2020,RKI,23,23,0,1585353600000,14612,Dresden,302,5,297,554649,1689
DE-SN,29-03-2020,RKI,8,8,0,1585440000000,14612,Dresden,310,5,305,554649,1689
DE-SN,30-03-2020,RKI,17,16,1,1585526400000,14612,Dresden,327,6,321,554649,1689
DE-SN,31-03-2020,RKI,18,18,0,1585612800000,14612,Dresden,345,6,339,554649,1689
DE-SN,01-04-2020,RKI,20,20,0,1585699200000,14612,Dresden,365,6,359,554649,1689
DE-SN,02-04-2020,RKI,9,9,0,1585785600000,14612,Dresden,374,6,368,554649,1689
DE-SN,03-04-2020,RKI,24,24,0,1585872000000,14612,Dresden,398,6,392,554649,1689
DE-SN,04-04-2020,RKI,18,18,0,1585958400000,14612,Dresden,416,6,410,554649,1689
DE-SN,05-04-2020,RKI,3,3,0,1586044800000,14612,Dresden,419,6,413,554649,1689
DE-SN,06-04-2020,RKI,3,3,0,1586131200000,14612,Dresden,422,6,416,554649,1689
DE-SN,07-04-2020,RKI,9,9,0,1586217600000,14612,Dresden,431,6,425,554649,1689
DE-SN,08-04-2020,RKI,8,8,0,1586304000000,14612,Dresden,439,6,433,554649,1689
DE-SN,09-04-2020,RKI,6,6,0,1586390400000,14612,Dresden,445,6,439,554649,1689
DE-SN,11-04-2020,RKI,3,3,0,1586563200000,14612,Dresden,448,6,442,554649,1689
DE-SN,12-04-2020,RKI,3,3,0,1586649600000,14612,Dresden,451,6,445,554649,1689
DE-SN,13-04-2020,RKI,0,0,0,1586736000000,14612,Dresden,451,6,445,554649,1689
DE-SN,14-04-2020,RKI,4,4,0,1586822400000,14612,Dresden,455,6,449,554649,1689
DE-SN,15-04-2020,RKI,7,6,1,1586908800000,14612,Dresden,462,7,455,554649,1689
DE-SN,16-04-2020,RKI,1,1,0,1586995200000,14612,Dresden,463,7,456,554649,1689
DE-SN,17-04-2020,RKI,16,13,3,1587081600000,14612,Dresden,479,10,469,554649,1689
DE-SN,19-04-2020,RKI,0,0,0,1587254400000,14612,Dresden,479,10,469,554649,1689
DE-SN,20-04-2020,RKI,2,2,0,1587340800000,14612,Dresden,481,10,471,554649,1689
DE-SN,21-04-2020,RKI,6,6,0,1587427200000,14612,Dresden,487,10,477,554649,1689
DE-SN,22-04-2020,RKI,3,3,0,1587513600000,14612,Dresden,490,10,480,554649,1689
DE-SN,23-04-2020,RKI,0,0,0,1587600000000,14612,Dresden,490,10,480,554649,1689
DE-SN,24-04-2020,RKI,5,5,0,1587686400000,14612,Dresden,495,10,485,554649,1689
DE-SN,25-04-2020,RKI,1,1,0,1587772800000,14612,Dresden,496,10,486,554649,1689
DE-SN,26-04-2020,RKI,4,4,0,1587859200000,14612,Dresden,500,10,490,554649,1689
DE-SN,28-04-2020,RKI,2,2,0,1588032000000,14612,Dresden,502,10,492,554649,1689
DE-SN,29-04-2020,RKI,5,5,0,1588118400000,14612,Dresden,507,10,497,554649,1689
DE-SN,30-04-2020,RKI,2,2,0,1588204800000,14612,Dresden,509,10,499,554649,1689
DE-SN,01-05-2020,RKI,0,0,0,1588291200000,14612,Dresden,509,10,499,554649,1689
DE-SN,02-05-2020,RKI,0,0,0,1588377600000,14612,Dresden,509,10,499,554649,1689
DE-SN,03-05-2020,RKI,0,0,0,1588464000000,14612,Dresden,509,10,499,554649,1689
DE-SN,05-05-2020,RKI,7,7,0,1588636800000,14612,Dresden,516,10,506,554649,1689
DE-SN,06-05-2020,RKI,4,4,0,1588723200000,14612,Dresden,520,10,510,554649,1689
DE-SN,07-05-2020,RKI,2,2,0,1588809600000,14612,Dresden,522,10,512,554649,1689
DE-SN,08-05-2020,RKI,3,3,0,1588896000000,14612,Dresden,525,10,515,554649,1689
DE-SN,09-05-2020,RKI,3,3,0,1588982400000,14612,Dresden,528,10,518,554649,1689
DE-SN,11-05-2020,RKI,0,0,0,1589155200000,14612,Dresden,528,10,518,554649,1689
DE-SN,13-05-2020,RKI,2,2,0,1589328000000,14612,Dresden,530,10,520,554649,1689
DE-SN,14-05-2020,RKI,5,5,0,1589414400000,14612,Dresden,535,10,525,554649,1689
DE-SN,15-05-2020,RKI,1,1,0,1589500800000,14612,Dresden,536,10,526,554649,1689
DE-SN,18-05-2020,RKI,3,3,0,1589760000000,14612,Dresden,539,10,529,554649,1689
DE-SN,19-05-2020,RKI,3,1,0,1589846400000,14612,Dresden,542,10,530,554649,1689
DE-SN,20-05-2020,RKI,0,0,0,1589932800000,14612,Dresden,542,10,530,554649,1689
DE-SN,21-05-2020,RKI,3,1,0,1590019200000,14612,Dresden,545,10,531,554649,1689
DE-SN,26-05-2020,RKI,1,0,0,1590451200000,14612,Dresden,546,10,531,554649,1689
DE-SN,27-05-2020,RKI,0,0,0,1590537600000,14612,Dresden,546,10,531,554649,1689
DE-SN,28-05-2020,RKI,1,1,0,1590624000000,14612,Dresden,547,10,532,554649,1689
DE-SN,08-03-2020,RKI,2,2,0,1583625600000,14625,Bautzen,2,0,2,300880,126
DE-SN,10-03-2020,RKI,4,4,0,1583798400000,14625,Bautzen,6,0,6,300880,126
DE-SN,11-03-2020,RKI,1,1,0,1583884800000,14625,Bautzen,7,0,7,300880,126
DE-SN,12-03-2020,RKI,0,0,0,1583971200000,14625,Bautzen,7,0,7,300880,126
DE-SN,13-03-2020,RKI,2,1,1,1584057600000,14625,Bautzen,9,1,8,300880,126
DE-SN,14-03-2020,RKI,0,0,0,1584144000000,14625,Bautzen,9,1,8,300880,126
DE-SN,15-03-2020,RKI,0,0,0,1584230400000,14625,Bautzen,9,1,8,300880,126
DE-SN,16-03-2020,RKI,1,1,0,1584316800000,14625,Bautzen,10,1,9,300880,126
DE-SN,17-03-2020,RKI,9,9,0,1584403200000,14625,Bautzen,19,1,18,300880,126
DE-SN,18-03-2020,RKI,11,11,0,1584489600000,14625,Bautzen,30,1,29,300880,126
DE-SN,19-03-2020,RKI,5,5,0,1584576000000,14625,Bautzen,35,1,34,300880,126
DE-SN,20-03-2020,RKI,16,16,0,1584662400000,14625,Bautzen,51,1,50,300880,126
DE-SN,21-03-2020,RKI,11,11,0,1584748800000,14625,Bautzen,62,1,61,300880,126
DE-SN,22-03-2020,RKI,9,9,0,1584835200000,14625,Bautzen,71,1,70,300880,126
DE-SN,23-03-2020,RKI,5,5,0,1584921600000,14625,Bautzen,76,1,75,300880,126
DE-SN,24-03-2020,RKI,12,12,0,1585008000000,14625,Bautzen,88,1,87,300880,126
DE-SN,25-03-2020,RKI,10,10,0,1585094400000,14625,Bautzen,98,1,97,300880,126
DE-SN,26-03-2020,RKI,20,20,0,1585180800000,14625,Bautzen,118,1,117,300880,126
DE-SN,27-03-2020,RKI,12,12,0,1585267200000,14625,Bautzen,130,1,129,300880,126
DE-SN,28-03-2020,RKI,15,15,0,1585353600000,14625,Bautzen,145,1,144,300880,126
DE-SN,29-03-2020,RKI,0,0,0,1585440000000,14625,Bautzen,145,1,144,300880,126
DE-SN,30-03-2020,RKI,8,8,0,1585526400000,14625,Bautzen,153,1,152,300880,126
DE-SN,31-03-2020,RKI,9,8,1,1585612800000,14625,Bautzen,162,2,160,300880,126
DE-SN,01-04-2020,RKI,3,3,0,1585699200000,14625,Bautzen,165,2,163,300880,126
DE-SN,02-04-2020,RKI,6,6,0,1585785600000,14625,Bautzen,171,2,169,300880,126
DE-SN,03-04-2020,RKI,5,5,0,1585872000000,14625,Bautzen,176,2,174,300880,126
DE-SN,04-04-2020,RKI,3,3,0,1585958400000,14625,Bautzen,179,2,177,300880,126
DE-SN,05-04-2020,RKI,3,3,0,1586044800000,14625,Bautzen,182,2,180,300880,126
DE-SN,07-04-2020,RKI,11,10,1,1586217600000,14625,Bautzen,193,3,190,300880,126
DE-SN,08-04-2020,RKI,10,10,0,1586304000000,14625,Bautzen,203,3,200,300880,126
DE-SN,09-04-2020,RKI,4,4,0,1586390400000,14625,Bautzen,207,3,204,300880,126
DE-SN,10-04-2020,RKI,19,19,0,1586476800000,14625,Bautzen,226,3,223,300880,126
DE-SN,11-04-2020,RKI,15,14,1,1586563200000,14625,Bautzen,241,4,237,300880,126
DE-SN,12-04-2020,RKI,6,6,0,1586649600000,14625,Bautzen,247,4,243,300880,126
DE-SN,13-04-2020,RKI,2,2,0,1586736000000,14625,Bautzen,249,4,245,300880,126
DE-SN,14-04-2020,RKI,0,0,0,1586822400000,14625,Bautzen,249,4,245,300880,126
DE-SN,15-04-2020,RKI,7,7,0,1586908800000,14625,Bautzen,256,4,252,300880,126
DE-SN,16-04-2020,RKI,10,10,0,1586995200000,14625,Bautzen,266,4,262,300880,126
DE-SN,17-04-2020,RKI,7,5,2,1587081600000,14625,Bautzen,273,6,267,300880,126
DE-SN,18-04-2020,RKI,1,1,0,1587168000000,14625,Bautzen,274,6,268,300880,126
DE-SN,19-04-2020,RKI,1,1,0,1587254400000,14625,Bautzen,275,6,269,300880,126
DE-SN,20-04-2020,RKI,4,1,3,1587340800000,14625,Bautzen,279,9,270,300880,126
DE-SN,21-04-2020,RKI,3,3,0,1587427200000,14625,Bautzen,282,9,273,300880,126
DE-SN,22-04-2020,RKI,7,7,0,1587513600000,14625,Bautzen,289,9,280,300880,126
DE-SN,23-04-2020,RKI,2,2,0,1587600000000,14625,Bautzen,291,9,282,300880,126
DE-SN,24-04-2020,RKI,4,2,2,1587686400000,14625,Bautzen,295,11,284,300880,126
DE-SN,25-04-2020,RKI,0,0,0,1587772800000,14625,Bautzen,295,11,284,300880,126
DE-SN,28-04-2020,RKI,2,2,0,1588032000000,14625,Bautzen,297,11,286,300880,126
DE-SN,29-04-2020,RKI,3,3,0,1588118400000,14625,Bautzen,300,11,289,300880,126
DE-SN,30-04-2020,RKI,3,3,0,1588204800000,14625,Bautzen,303,11,292,300880,126
DE-SN,02-05-2020,RKI,0,0,0,1588377600000,14625,Bautzen,303,11,292,300880,126
DE-SN,04-05-2020,RKI,1,1,0,1588550400000,14625,Bautzen,304,11,293,300880,126
DE-SN,05-05-2020,RKI,13,13,0,1588636800000,14625,Bautzen,317,11,306,300880,126
DE-SN,06-05-2020,RKI,7,7,0,1588723200000,14625,Bautzen,324,11,313,300880,126
DE-SN,07-05-2020,RKI,6,6,0,1588809600000,14625,Bautzen,330,11,319,300880,126
DE-SN,08-05-2020,RKI,21,21,0,1588896000000,14625,Bautzen,351,11,340,300880,126
DE-SN,09-05-2020,RKI,3,3,0,1588982400000,14625,Bautzen,354,11,343,300880,126
DE-SN,11-05-2020,RKI,7,6,0,1589155200000,14625,Bautzen,361,11,349,300880,126
DE-SN,12-05-2020,RKI,9,3,0,1589241600000,14625,Bautzen,370,11,352,300880,126
DE-SN,13-05-2020,RKI,8,6,0,1589328000000,14625,Bautzen,378,11,358,300880,126
DE-SN,14-05-2020,RKI,3,3,0,1589414400000,14625,Bautzen,381,11,361,300880,126
DE-SN,15-05-2020,RKI,4,2,2,1589500800000,14625,Bautzen,385,13,363,300880,126
DE-SN,16-05-2020,RKI,3,2,1,1589587200000,14625,Bautzen,388,14,365,300880,126
DE-SN,18-05-2020,RKI,10,8,0,1589760000000,14625,Bautzen,398,14,373,300880,126
DE-SN,19-05-2020,RKI,5,4,1,1589846400000,14625,Bautzen,403,15,377,300880,126
DE-SN,20-05-2020,RKI,5,4,0,1589932800000,14625,Bautzen,408,15,381,300880,126
DE-SN,21-05-2020,RKI,0,0,0,1590019200000,14625,Bautzen,408,15,381,300880,126
DE-SN,23-05-2020,RKI,0,0,0,1590192000000,14625,Bautzen,408,15,381,300880,126
DE-SN,24-05-2020,RKI,1,0,1,1590278400000,14625,Bautzen,409,16,381,300880,126
DE-SN,25-05-2020,RKI,3,2,1,1590364800000,14625,Bautzen,412,17,383,300880,126
DE-SN,26-05-2020,RKI,0,0,0,1590451200000,14625,Bautzen,412,17,383,300880,126
DE-SN,27-05-2020,RKI,1,0,0,1590537600000,14625,Bautzen,413,17,383,300880,126
DE-SN,28-05-2020,RKI,4,0,0,1590624000000,14625,Bautzen,417,17,383,300880,126
DE-SN,29-05-2020,RKI,2,1,0,1590710400000,14625,Bautzen,419,17,384,300880,126
DE-SN,04-06-2020,RKI,0,0,0,1591228800000,14625,Bautzen,419,17,384,300880,126
DE-SN,10-03-2020,RKI,4,4,0,1583798400000,14626,Görlitz,4,0,4,254894,121
DE-SN,12-03-2020,RKI,0,0,0,1583971200000,14626,Görlitz,4,0,4,254894,121
DE-SN,16-03-2020,RKI,1,1,0,1584316800000,14626,Görlitz,5,0,5,254894,121
DE-SN,17-03-2020,RKI,1,1,0,1584403200000,14626,Görlitz,6,0,6,254894,121
DE-SN,18-03-2020,RKI,2,2,0,1584489600000,14626,Görlitz,8,0,8,254894,121
DE-SN,19-03-2020,RKI,7,7,0,1584576000000,14626,Görlitz,15,0,15,254894,121
DE-SN,20-03-2020,RKI,2,2,0,1584662400000,14626,Görlitz,17,0,17,254894,121
DE-SN,21-03-2020,RKI,1,1,0,1584748800000,14626,Görlitz,18,0,18,254894,121
DE-SN,23-03-2020,RKI,2,1,1,1584921600000,14626,Görlitz,20,1,19,254894,121
DE-SN,24-03-2020,RKI,1,1,0,1585008000000,14626,Görlitz,21,1,20,254894,121
DE-SN,25-03-2020,RKI,21,21,0,1585094400000,14626,Görlitz,42,1,41,254894,121
DE-SN,26-03-2020,RKI,3,3,0,1585180800000,14626,Görlitz,45,1,44,254894,121
DE-SN,27-03-2020,RKI,2,2,0,1585267200000,14626,Görlitz,47,1,46,254894,121
DE-SN,28-03-2020,RKI,5,5,0,1585353600000,14626,Görlitz,52,1,51,254894,121
DE-SN,29-03-2020,RKI,0,0,0,1585440000000,14626,Görlitz,52,1,51,254894,121
DE-SN,30-03-2020,RKI,5,3,2,1585526400000,14626,Görlitz,57,3,54,254894,121
DE-SN,31-03-2020,RKI,8,5,3,1585612800000,14626,Görlitz,65,6,59,254894,121
DE-SN,01-04-2020,RKI,12,12,0,1585699200000,14626,Görlitz,77,6,71,254894,121
DE-SN,02-04-2020,RKI,5,4,1,1585785600000,14626,Görlitz,82,7,75,254894,121
DE-SN,03-04-2020,RKI,56,45,11,1585872000000,14626,Görlitz,138,18,120,254894,121
DE-SN,04-04-2020,RKI,14,14,0,1585958400000,14626,Görlitz,152,18,134,254894,121
DE-SN,05-04-2020,RKI,3,3,0,1586044800000,14626,Görlitz,155,18,137,254894,121
DE-SN,06-04-2020,RKI,6,5,1,1586131200000,14626,Görlitz,161,19,142,254894,121
DE-SN,07-04-2020,RKI,16,16,0,1586217600000,14626,Görlitz,177,19,158,254894,121
DE-SN,08-04-2020,RKI,7,6,1,1586304000000,14626,Görlitz,184,20,164,254894,121
DE-SN,09-04-2020,RKI,7,7,0,1586390400000,14626,Görlitz,191,20,171,254894,121
DE-SN,10-04-2020,RKI,3,3,0,1586476800000,14626,Görlitz,194,20,174,254894,121
DE-SN,11-04-2020,RKI,0,0,0,1586563200000,14626,Görlitz,194,20,174,254894,121
DE-SN,12-04-2020,RKI,0,0,0,1586649600000,14626,Görlitz,194,20,174,254894,121
DE-SN,13-04-2020,RKI,0,0,0,1586736000000,14626,Görlitz,194,20,174,254894,121
DE-SN,14-04-2020,RKI,2,2,0,1586822400000,14626,Görlitz,196,20,176,254894,121
DE-SN,15-04-2020,RKI,5,5,0,1586908800000,14626,Görlitz,201,20,181,254894,121
DE-SN,16-04-2020,RKI,5,4,1,1586995200000,14626,Görlitz,206,21,185,254894,121
DE-SN,17-04-2020,RKI,0,0,0,1587081600000,14626,Görlitz,206,21,185,254894,121
DE-SN,18-04-2020,RKI,2,2,0,1587168000000,14626,Görlitz,208,21,187,254894,121
DE-SN,20-04-2020,RKI,4,4,0,1587340800000,14626,Görlitz,212,21,191,254894,121
DE-SN,22-04-2020,RKI,1,1,0,1587513600000,14626,Görlitz,213,21,192,254894,121
DE-SN,23-04-2020,RKI,0,0,0,1587600000000,14626,Görlitz,213,21,192,254894,121
DE-SN,26-04-2020,RKI,0,0,0,1587859200000,14626,Görlitz,213,21,192,254894,121
DE-SN,27-04-2020,RKI,2,2,0,1587945600000,14626,Görlitz,215,21,194,254894,121
DE-SN,28-04-2020,RKI,0,0,0,1588032000000,14626,Görlitz,215,21,194,254894,121
DE-SN,29-04-2020,RKI,3,3,0,1588118400000,14626,Görlitz,218,21,197,254894,121
DE-SN,01-05-2020,RKI,1,1,0,1588291200000,14626,Görlitz,219,21,198,254894,121
DE-SN,05-05-2020,RKI,1,0,1,1588636800000,14626,Görlitz,220,22,198,254894,121
DE-SN,27-05-2020,RKI,0,0,0,1590537600000,14626,Görlitz,220,22,198,254894,121
DE-SN,11-03-2020,RKI,1,1,0,1583884800000,14627,Meißen,2,0,2,242165,166
DE-SN,12-03-2020,RKI,0,0,0,1583971200000,14627,Meißen,2,0,2,242165,166
DE-SN,13-03-2020,RKI,3,3,0,1584057600000,14627,Meißen,5,0,5,242165,166
DE-SN,14-03-2020,RKI,0,0,0,1584144000000,14627,Meißen,5,0,5,242165,166
DE-SN,16-03-2020,RKI,1,1,0,1584316800000,14627,Meißen,6,0,6,242165,166
DE-SN,17-03-2020,RKI,1,1,0,1584403200000,14627,Meißen,7,0,7,242165,166
DE-SN,18-03-2020,RKI,3,3,0,1584489600000,14627,Meißen,10,0,10,242165,166
DE-SN,19-03-2020,RKI,0,0,0,1584576000000,14627,Meißen,10,0,10,242165,166
DE-SN,20-03-2020,RKI,3,3,0,1584662400000,14627,Meißen,13,0,13,242165,166
DE-SN,21-03-2020,RKI,4,4,0,1584748800000,14627,Meißen,17,0,17,242165,166
DE-SN,23-03-2020,RKI,3,3,0,1584921600000,14627,Meißen,20,0,20,242165,166
DE-SN,24-03-2020,RKI,6,3,3,1585008000000,14627,Meißen,26,3,23,242165,166
DE-SN,25-03-2020,RKI,4,3,1,1585094400000,14627,Meißen,30,4,26,242165,166
DE-SN,26-03-2020,RKI,10,10,0,1585180800000,14627,Meißen,40,4,36,242165,166
DE-SN,27-03-2020,RKI,8,7,1,1585267200000,14627,Meißen,48,5,43,242165,166
DE-SN,28-03-2020,RKI,5,5,0,1585353600000,14627,Meißen,53,5,48,242165,166
DE-SN,29-03-2020,RKI,2,2,0,1585440000000,14627,Meißen,55,5,50,242165,166
DE-SN,30-03-2020,RKI,11,11,0,1585526400000,14627,Meißen,66,5,61,242165,166
DE-SN,31-03-2020,RKI,6,6,0,1585612800000,14627,Meißen,72,5,67,242165,166
DE-SN,01-04-2020,RKI,7,6,1,1585699200000,14627,Meißen,79,6,73,242165,166
DE-SN,02-04-2020,RKI,12,11,1,1585785600000,14627,Meißen,91,7,84,242165,166
DE-SN,03-04-2020,RKI,7,6,1,1585872000000,14627,Meißen,98,8,90,242165,166
DE-SN,04-04-2020,RKI,4,4,0,1585958400000,14627,Meißen,102,8,94,242165,166
DE-SN,05-04-2020,RKI,0,0,0,1586044800000,14627,Meißen,102,8,94,242165,166
DE-SN,06-04-2020,RKI,5,5,0,1586131200000,14627,Meißen,107,8,99,242165,166
DE-SN,07-04-2020,RKI,10,8,2,1586217600000,14627,Meißen,117,10,107,242165,166
DE-SN,08-04-2020,RKI,11,11,0,1586304000000,14627,Meißen,128,10,118,242165,166
DE-SN,09-04-2020,RKI,5,2,3,1586390400000,14627,Meißen,133,13,120,242165,166
DE-SN,10-04-2020,RKI,6,6,0,1586476800000,14627,Meißen,139,13,126,242165,166
DE-SN,11-04-2020,RKI,4,3,1,1586563200000,14627,Meißen,143,14,129,242165,166
DE-SN,12-04-2020,RKI,1,1,0,1586649600000,14627,Meißen,144,14,130,242165,166
DE-SN,15-04-2020,RKI,4,3,1,1586908800000,14627,Meißen,148,15,133,242165,166
DE-SN,16-04-2020,RKI,7,6,1,1586995200000,14627,Meißen,155,16,139,242165,166
DE-SN,17-04-2020,RKI,1,1,0,1587081600000,14627,Meißen,156,16,140,242165,166
DE-SN,18-04-2020,RKI,2,2,0,1587168000000,14627,Meißen,158,16,142,242165,166
DE-SN,20-04-2020,RKI,2,2,0,1587340800000,14627,Meißen,160,16,144,242165,166
DE-SN,21-04-2020,RKI,10,8,2,1587427200000,14627,Meißen,170,18,152,242165,166
DE-SN,23-04-2020,RKI,2,2,0,1587600000000,14627,Meißen,172,18,154,242165,166
DE-SN,24-04-2020,RKI,2,2,0,1587686400000,14627,Meißen,174,18,156,242165,166
DE-SN,25-04-2020,RKI,0,0,0,1587772800000,14627,Meißen,174,18,156,242165,166
DE-SN,27-04-2020,RKI,4,4,0,1587945600000,14627,Meißen,178,18,160,242165,166
DE-SN,30-04-2020,RKI,0,0,0,1588204800000,14627,Meißen,178,18,160,242165,166
DE-SN,05-05-2020,RKI,2,2,0,1588636800000,14627,Meißen,180,18,162,242165,166
DE-SN,09-05-2020,RKI,0,0,0,1588982400000,14627,Meißen,180,18,162,242165,166
DE-SN,11-05-2020,RKI,0,0,0,1589155200000,14627,Meißen,180,18,162,242165,166
DE-SN,13-05-2020,RKI,0,0,0,1589328000000,14627,Meißen,180,18,162,242165,166
DE-SN,14-05-2020,RKI,1,1,0,1589414400000,14627,Meißen,181,18,163,242165,166
DE-SN,15-05-2020,RKI,0,0,0,1589500800000,14627,Meißen,181,18,163,242165,166
DE-SN,19-05-2020,RKI,1,1,0,1589846400000,14627,Meißen,182,18,164,242165,166
DE-SN,02-06-2020,RKI,0,0,0,1591056000000,14627,Meißen,182,18,164,242165,166
DE-SN,10-03-2020,RKI,0,0,0,1583798400000,14628,Sächsische Schweiz-Osterzgebirge,0,0,0,245611,148
DE-SN,11-03-2020,RKI,1,1,0,1583884800000,14628,Sächsische Schweiz-Osterzgebirge,1,0,1,245611,148
DE-SN,12-03-2020,RKI,2,2,0,1583971200000,14628,Sächsische Schweiz-Osterzgebirge,3,0,3,245611,148
DE-SN,13-03-2020,RKI,3,3,0,1584057600000,14628,Sächsische Schweiz-Osterzgebirge,6,0,6,245611,148
DE-SN,14-03-2020,RKI,0,0,0,1584144000000,14628,Sächsische Schweiz-Osterzgebirge,6,0,6,245611,148
DE-SN,17-03-2020,RKI,0,0,0,1584403200000,14628,Sächsische Schweiz-Osterzgebirge,6,0,6,245611,148
DE-SN,18-03-2020,RKI,11,11,0,1584489600000,14628,Sächsische Schweiz-Osterzgebirge,17,0,17,245611,148
DE-SN,19-03-2020,RKI,8,8,0,1584576000000,14628,Sächsische Schweiz-Osterzgebirge,25,0,25,245611,148
DE-SN,20-03-2020,RKI,9,9,0,1584662400000,14628,Sächsische Schweiz-Osterzgebirge,34,0,34,245611,148
DE-SN,21-03-2020,RKI,6,6,0,1584748800000,14628,Sächsische Schweiz-Osterzgebirge,40,0,40,245611,148
DE-SN,22-03-2020,RKI,7,7,0,1584835200000,14628,Sächsische Schweiz-Osterzgebirge,47,0,47,245611,148
DE-SN,23-03-2020,RKI,16,16,0,1584921600000,14628,Sächsische Schweiz-Osterzgebirge,63,0,63,245611,148
DE-SN,24-03-2020,RKI,11,11,0,1585008000000,14628,Sächsische Schweiz-Osterzgebirge,74,0,74,245611,148
DE-SN,25-03-2020,RKI,15,15,0,1585094400000,14628,Sächsische Schweiz-Osterzgebirge,89,0,89,245611,148
DE-SN,26-03-2020,RKI,9,9,0,1585180800000,14628,Sächsische Schweiz-Osterzgebirge,98,0,98,245611,148
DE-SN,27-03-2020,RKI,14,14,0,1585267200000,14628,Sächsische Schweiz-Osterzgebirge,112,0,112,245611,148
DE-SN,28-03-2020,RKI,10,10,0,1585353600000,14628,Sächsische Schweiz-Osterzgebirge,122,0,122,245611,148
DE-SN,29-03-2020,RKI,6,6,0,1585440000000,14628,Sächsische Schweiz-Osterzgebirge,128,0,128,245611,148
DE-SN,30-03-2020,RKI,25,24,1,1585526400000,14628,Sächsische Schweiz-Osterzgebirge,153,1,152,245611,148
DE-SN,31-03-2020,RKI,14,14,0,1585612800000,14628,Sächsische Schweiz-Osterzgebirge,167,1,166,245611,148
DE-SN,01-04-2020,RKI,10,10,0,1585699200000,14628,Sächsische Schweiz-Osterzgebirge,177,1,176,245611,148
DE-SN,02-04-2020,RKI,9,9,0,1585785600000,14628,Sächsische Schweiz-Osterzgebirge,186,1,185,245611,148
DE-SN,03-04-2020,RKI,8,8,0,1585872000000,14628,Sächsische Schweiz-Osterzgebirge,194,1,193,245611,148
DE-SN,04-04-2020,RKI,12,12,0,1585958400000,14628,Sächsische Schweiz-Osterzgebirge,206,1,205,245611,148
DE-SN,05-04-2020,RKI,13,13,0,1586044800000,14628,Sächsische Schweiz-Osterzgebirge,219,1,218,245611,148
DE-SN,06-04-2020,RKI,5,5,0,1586131200000,14628,Sächsische Schweiz-Osterzgebirge,224,1,223,245611,148
DE-SN,07-04-2020,RKI,10,10,0,1586217600000,14628,Sächsische Schweiz-Osterzgebirge,234,1,233,245611,148
DE-SN,08-04-2020,RKI,8,8,0,1586304000000,14628,Sächsische Schweiz-Osterzgebirge,242,1,241,245611,148
DE-SN,09-04-2020,RKI,3,2,1,1586390400000,14628,Sächsische Schweiz-Osterzgebirge,245,2,243,245611,148
DE-SN,10-04-2020,RKI,2,2,0,1586476800000,14628,Sächsische Schweiz-Osterzgebirge,247,2,245,245611,148
DE-SN,11-04-2020,RKI,2,2,0,1586563200000,14628,Sächsische Schweiz-Osterzgebirge,249,2,247,245611,148
DE-SN,12-04-2020,RKI,3,3,0,1586649600000,14628,Sächsische Schweiz-Osterzgebirge,252,2,250,245611,148
DE-SN,13-04-2020,RKI,1,1,0,1586736000000,14628,Sächsische Schweiz-Osterzgebirge,253,2,251,245611,148
DE-SN,14-04-2020,RKI,3,3,0,1586822400000,14628,Sächsische Schweiz-Osterzgebirge,256,2,254,245611,148
DE-SN,15-04-2020,RKI,1,1,0,1586908800000,14628,Sächsische Schweiz-Osterzgebirge,257,2,255,245611,148
DE-SN,16-04-2020,RKI,7,7,0,1586995200000,14628,Sächsische Schweiz-Osterzgebirge,264,2,262,245611,148
DE-SN,18-04-2020,RKI,1,1,0,1587168000000,14628,Sächsische Schweiz-Osterzgebirge,265,2,263,245611,148
DE-SN,19-04-2020,RKI,0,0,0,1587254400000,14628,Sächsische Schweiz-Osterzgebirge,265,2,263,245611,148
DE-SN,20-04-2020,RKI,3,3,0,1587340800000,14628,Sächsische Schweiz-Osterzgebirge,268,2,266,245611,148
DE-SN,21-04-2020,RKI,0,0,0,1587427200000,14628,Sächsische Schweiz-Osterzgebirge,268,2,266,245611,148
DE-SN,22-04-2020,RKI,3,3,0,1587513600000,14628,Sächsische Schweiz-Osterzgebirge,271,2,269,245611,148
DE-SN,23-04-2020,RKI,3,3,0,1587600000000,14628,Sächsische Schweiz-Osterzgebirge,274,2,272,245611,148
DE-SN,24-04-2020,RKI,1,1,0,1587686400000,14628,Sächsische Schweiz-Osterzgebirge,275,2,273,245611,148
DE-SN,28-04-2020,RKI,2,2,0,1588032000000,14628,Sächsische Schweiz-Osterzgebirge,277,2,275,245611,148
DE-SN,02-05-2020,RKI,0,0,0,1588377600000,14628,Sächsische Schweiz-Osterzgebirge,277,2,275,245611,148
DE-SN,05-05-2020,RKI,2,2,0,1588636800000,14628,Sächsische Schweiz-Osterzgebirge,279,2,277,245611,148
DE-SN,07-05-2020,RKI,2,2,0,1588809600000,14628,Sächsische Schweiz-Osterzgebirge,281,2,279,245611,148
DE-SN,08-05-2020,RKI,3,3,0,1588896000000,14628,Sächsische Schweiz-Osterzgebirge,284,2,282,245611,148
DE-SN,11-05-2020,RKI,1,0,0,1589155200000,14628,Sächsische Schweiz-Osterzgebirge,285,2,282,245611,148
DE-SN,12-05-2020,RKI,1,0,0,1589241600000,14628,Sächsische Schweiz-Osterzgebirge,286,2,282,245611,148
DE-SN,13-05-2020,RKI,2,1,0,1589328000000,14628,Sächsische Schweiz-Osterzgebirge,288,2,283,245611,148
DE-SN,14-05-2020,RKI,3,1,0,1589414400000,14628,Sächsische Schweiz-Osterzgebirge,291,2,284,245611,148
DE-SN,15-05-2020,RKI,1,0,0,1589500800000,14628,Sächsische Schweiz-Osterzgebirge,292,2,284,245611,148
DE-SN,16-05-2020,RKI,3,1,0,1589587200000,14628,Sächsische Schweiz-Osterzgebirge,295,2,285,245611,148
DE-SN,17-05-2020,RKI,0,0,0,1589673600000,14628,Sächsische Schweiz-Osterzgebirge,295,2,285,245611,148
DE-SN,18-05-2020,RKI,1,0,0,1589760000000,14628,Sächsische Schweiz-Osterzgebirge,296,2,285,245611,148
DE-SN,19-05-2020,RKI,11,2,0,1589846400000,14628,Sächsische Schweiz-Osterzgebirge,307,2,287,245611,148
DE-SN,20-05-2020,RKI,3,0,0,1589932800000,14628,Sächsische Schweiz-Osterzgebirge,310,2,287,245611,148
DE-SN,25-05-2020,RKI,0,0,0,1590364800000,14628,Sächsische Schweiz-Osterzgebirge,310,2,287,245611,148
DE-SN,26-05-2020,RKI,0,0,0,1590451200000,14628,Sächsische Schweiz-Osterzgebirge,310,2,287,245611,148
DE-SN,27-05-2020,RKI,0,0,0,1590537600000,14628,Sächsische Schweiz-Osterzgebirge,310,2,287,245611,148
DE-SN,04-06-2020,RKI,0,0,0,1591228800000,14628,Sächsische Schweiz-Osterzgebirge,310,2,287,245611,148
DE-SN,08-03-2020,RKI,0,0,0,1583625600000,14713,Leipzig,0,0,0,587857,1974
DE-SN,10-03-2020,RKI,1,1,0,1583798400000,14713,Leipzig,1,0,1,587857,1974
DE-SN,11-03-2020,RKI,1,1,0,1583884800000,14713,Leipzig,2,0,2,587857,1974
DE-SN,12-03-2020,RKI,9,9,0,1583971200000,14713,Leipzig,11,0,11,587857,1974
DE-SN,13-03-2020,RKI,2,2,0,1584057600000,14713,Leipzig,13,0,13,587857,1974
DE-SN,14-03-2020,RKI,11,11,0,1584144000000,14713,Leipzig,24,0,24,587857,1974
DE-SN,15-03-2020,RKI,9,9,0,1584230400000,14713,Leipzig,33,0,33,587857,1974
DE-SN,16-03-2020,RKI,12,12,0,1584316800000,14713,Leipzig,45,0,45,587857,1974
DE-SN,17-03-2020,RKI,18,18,0,1584403200000,14713,Leipzig,63,0,63,587857,1974
DE-SN,18-03-2020,RKI,16,16,0,1584489600000,14713,Leipzig,79,0,79,587857,1974
DE-SN,19-03-2020,RKI,18,18,0,1584576000000,14713,Leipzig,97,0,97,587857,1974
DE-SN,20-03-2020,RKI,19,19,0,1584662400000,14713,Leipzig,116,0,116,587857,1974
DE-SN,21-03-2020,RKI,10,10,0,1584748800000,14713,Leipzig,126,0,126,587857,1974
DE-SN,22-03-2020,RKI,13,13,0,1584835200000,14713,Leipzig,139,0,139,587857,1974
DE-SN,23-03-2020,RKI,18,18,0,1584921600000,14713,Leipzig,157,0,157,587857,1974
DE-SN,24-03-2020,RKI,15,15,0,1585008000000,14713,Leipzig,172,0,172,587857,1974
DE-SN,25-03-2020,RKI,28,27,1,1585094400000,14713,Leipzig,200,1,199,587857,1974
DE-SN,26-03-2020,RKI,23,23,0,1585180800000,14713,Leipzig,223,1,222,587857,1974
DE-SN,27-03-2020,RKI,20,20,0,1585267200000,14713,Leipzig,243,1,242,587857,1974
DE-SN,28-03-2020,RKI,16,16,0,1585353600000,14713,Leipzig,259,1,258,587857,1974
DE-SN,29-03-2020,RKI,11,11,0,1585440000000,14713,Leipzig,270,1,269,587857,1974
DE-SN,30-03-2020,RKI,20,18,2,1585526400000,14713,Leipzig,290,3,287,587857,1974
DE-SN,31-03-2020,RKI,17,17,0,1585612800000,14713,Leipzig,307,3,304,587857,1974
DE-SN,01-04-2020,RKI,17,17,0,1585699200000,14713,Leipzig,324,3,321,587857,1974
DE-SN,02-04-2020,RKI,16,16,0,1585785600000,14713,Leipzig,340,3,337,587857,1974
DE-SN,03-04-2020,RKI,28,28,0,1585872000000,14713,Leipzig,368,3,365,587857,1974
DE-SN,04-04-2020,RKI,16,14,2,1585958400000,14713,Leipzig,384,5,379,587857,1974
DE-SN,05-04-2020,RKI,10,10,0,1586044800000,14713,Leipzig,394,5,389,587857,1974
DE-SN,06-04-2020,RKI,5,5,0,1586131200000,14713,Leipzig,399,5,394,587857,1974
DE-SN,07-04-2020,RKI,10,10,0,1586217600000,14713,Leipzig,409,5,404,587857,1974
DE-SN,08-04-2020,RKI,5,4,1,1586304000000,14713,Leipzig,414,6,408,587857,1974
DE-SN,09-04-2020,RKI,9,9,0,1586390400000,14713,Leipzig,423,6,417,587857,1974
DE-SN,10-04-2020,RKI,10,8,2,1586476800000,14713,Leipzig,433,8,425,587857,1974
DE-SN,11-04-2020,RKI,6,6,0,1586563200000,14713,Leipzig,439,8,431,587857,1974
DE-SN,12-04-2020,RKI,6,5,1,1586649600000,14713,Leipzig,445,9,436,587857,1974
DE-SN,13-04-2020,RKI,2,2,0,1586736000000,14713,Leipzig,447,9,438,587857,1974
DE-SN,14-04-2020,RKI,3,3,0,1586822400000,14713,Leipzig,450,9,441,587857,1974
DE-SN,15-04-2020,RKI,3,3,0,1586908800000,14713,Leipzig,453,9,444,587857,1974
DE-SN,16-04-2020,RKI,16,15,1,1586995200000,14713,Leipzig,469,10,459,587857,1974
DE-SN,17-04-2020,RKI,3,3,0,1587081600000,14713,Leipzig,472,10,462,587857,1974
DE-SN,18-04-2020,RKI,3,3,0,1587168000000,14713,Leipzig,475,10,465,587857,1974
DE-SN,19-04-2020,RKI,4,4,0,1587254400000,14713,Leipzig,479,10,469,587857,1974
DE-SN,20-04-2020,RKI,1,1,0,1587340800000,14713,Leipzig,480,10,470,587857,1974
DE-SN,21-04-2020,RKI,2,1,1,1587427200000,14713,Leipzig,482,11,471,587857,1974
DE-SN,22-04-2020,RKI,4,4,0,1587513600000,14713,Leipzig,486,11,475,587857,1974
DE-SN,23-04-2020,RKI,2,2,0,1587600000000,14713,Leipzig,488,11,477,587857,1974
DE-SN,24-04-2020,RKI,3,3,0,1587686400000,14713,Leipzig,491,11,480,587857,1974
DE-SN,25-04-2020,RKI,6,6,0,1587772800000,14713,Leipzig,497,11,486,587857,1974
DE-SN,27-04-2020,RKI,5,5,0,1587945600000,14713,Leipzig,502,11,491,587857,1974
DE-SN,28-04-2020,RKI,7,7,0,1588032000000,14713,Leipzig,509,11,498,587857,1974
DE-SN,29-04-2020,RKI,2,2,0,1588118400000,14713,Leipzig,511,11,500,587857,1974
DE-SN,30-04-2020,RKI,1,1,0,1588204800000,14713,Leipzig,512,11,501,587857,1974
DE-SN,01-05-2020,RKI,2,2,0,1588291200000,14713,Leipzig,514,11,503,587857,1974
DE-SN,02-05-2020,RKI,1,1,0,1588377600000,14713,Leipzig,515,11,504,587857,1974
DE-SN,05-05-2020,RKI,1,1,0,1588636800000,14713,Leipzig,516,11,505,587857,1974
DE-SN,06-05-2020,RKI,2,2,0,1588723200000,14713,Leipzig,518,11,507,587857,1974
DE-SN,07-05-2020,RKI,3,3,0,1588809600000,14713,Leipzig,521,11,510,587857,1974
DE-SN,08-05-2020,RKI,3,3,0,1588896000000,14713,Leipzig,524,11,513,587857,1974
DE-SN,09-05-2020,RKI,0,0,0,1588982400000,14713,Leipzig,524,11,513,587857,1974
DE-SN,10-05-2020,RKI,0,0,0,1589068800000,14713,Leipzig,524,11,513,587857,1974
DE-SN,11-05-2020,RKI,1,0,0,1589155200000,14713,Leipzig,525,11,513,587857,1974
DE-SN,12-05-2020,RKI,0,0,0,1589241600000,14713,Leipzig,525,11,513,587857,1974
DE-SN,13-05-2020,RKI,1,1,0,1589328000000,14713,Leipzig,526,11,514,587857,1974
DE-SN,14-05-2020,RKI,2,0,0,1589414400000,14713,Leipzig,528,11,514,587857,1974
DE-SN,15-05-2020,RKI,0,0,0,1589500800000,14713,Leipzig,528,11,514,587857,1974
DE-SN,26-05-2020,RKI,0,0,0,1590451200000,14713,Leipzig,528,11,514,587857,1974
DE-SN,29-05-2020,RKI,0,0,0,1590710400000,14713,Leipzig,528,11,514,587857,1974
DE-SN,02-06-2020,RKI,0,0,0,1591056000000,14713,Leipzig,528,11,514,587857,1974
DE-SN,10-03-2020,RKI,0,0,0,1583798400000,14729,Leipzig,2,0,2,257763,156
DE-SN,11-03-2020,RKI,3,3,0,1583884800000,14729,Leipzig,5,0,5,257763,156
DE-SN,12-03-2020,RKI,0,0,0,1583971200000,14729,Leipzig,5,0,5,257763,156
DE-SN,13-03-2020,RKI,0,0,0,1584057600000,14729,Leipzig,5,0,5,257763,156
DE-SN,16-03-2020,RKI,4,4,0,1584316800000,14729,Leipzig,9,0,9,257763,156
DE-SN,17-03-2020,RKI,2,2,0,1584403200000,14729,Leipzig,11,0,11,257763,156
DE-SN,18-03-2020,RKI,1,1,0,1584489600000,14729,Leipzig,12,0,12,257763,156
DE-SN,19-03-2020,RKI,5,5,0,1584576000000,14729,Leipzig,17,0,17,257763,156
DE-SN,20-03-2020,RKI,3,3,0,1584662400000,14729,Leipzig,20,0,20,257763,156
DE-SN,21-03-2020,RKI,4,4,0,1584748800000,14729,Leipzig,24,0,24,257763,156
DE-SN,23-03-2020,RKI,11,11,0,1584921600000,14729,Leipzig,35,0,35,257763,156
DE-SN,24-03-2020,RKI,0,0,0,1585008000000,14729,Leipzig,35,0,35,257763,156
DE-SN,25-03-2020,RKI,12,12,0,1585094400000,14729,Leipzig,47,0,47,257763,156
DE-SN,26-03-2020,RKI,5,4,1,1585180800000,14729,Leipzig,52,1,51,257763,156
DE-SN,27-03-2020,RKI,11,10,1,1585267200000,14729,Leipzig,63,2,61,257763,156
DE-SN,28-03-2020,RKI,7,7,0,1585353600000,14729,Leipzig,70,2,68,257763,156
DE-SN,29-03-2020,RKI,0,0,0,1585440000000,14729,Leipzig,70,2,68,257763,156
DE-SN,31-03-2020,RKI,6,5,1,1585612800000,14729,Leipzig,76,3,73,257763,156
DE-SN,01-04-2020,RKI,12,12,0,1585699200000,14729,Leipzig,88,3,85,257763,156
DE-SN,02-04-2020,RKI,4,3,1,1585785600000,14729,Leipzig,92,4,88,257763,156
DE-SN,03-04-2020,RKI,7,7,0,1585872000000,14729,Leipzig,99,4,95,257763,156
DE-SN,04-04-2020,RKI,5,5,0,1585958400000,14729,Leipzig,104,4,100,257763,156
DE-SN,05-04-2020,RKI,2,2,0,1586044800000,14729,Leipzig,106,4,102,257763,156
DE-SN,06-04-2020,RKI,4,4,0,1586131200000,14729,Leipzig,110,4,106,257763,156
DE-SN,07-04-2020,RKI,7,7,0,1586217600000,14729,Leipzig,117,4,113,257763,156
DE-SN,08-04-2020,RKI,0,0,0,1586304000000,14729,Leipzig,117,4,113,257763,156
DE-SN,09-04-2020,RKI,22,22,0,1586390400000,14729,Leipzig,139,4,135,257763,156
DE-SN,10-04-2020,RKI,4,4,0,1586476800000,14729,Leipzig,143,4,139,257763,156
DE-SN,11-04-2020,RKI,0,0,0,1586563200000,14729,Leipzig,143,4,139,257763,156
DE-SN,12-04-2020,RKI,0,0,0,1586649600000,14729,Leipzig,143,4,139,257763,156
DE-SN,14-04-2020,RKI,1,1,0,1586822400000,14729,Leipzig,144,4,140,257763,156
DE-SN,16-04-2020,RKI,0,0,0,1586995200000,14729,Leipzig,144,4,140,257763,156
DE-SN,17-04-2020,RKI,0,0,0,1587081600000,14729,Leipzig,144,4,140,257763,156
DE-SN,20-04-2020,RKI,0,0,0,1587340800000,14729,Leipzig,144,4,140,257763,156
DE-SN,21-04-2020,RKI,2,2,0,1587427200000,14729,Leipzig,146,4,142,257763,156
DE-SN,22-04-2020,RKI,0,0,0,1587513600000,14729,Leipzig,146,4,142,257763,156
DE-SN,28-04-2020,RKI,0,0,0,1588032000000,14729,Leipzig,146,4,142,257763,156
DE-SN,29-04-2020,RKI,0,0,0,1588118400000,14729,Leipzig,146,4,142,257763,156
DE-SN,06-05-2020,RKI,0,0,0,1588723200000,14729,Leipzig,146,4,142,257763,156
DE-SN,07-05-2020,RKI,0,0,0,1588809600000,14729,Leipzig,146,4,142,257763,156
DE-SN,12-05-2020,RKI,1,1,0,1589241600000,14729,Leipzig,147,4,143,257763,156
DE-SN,14-05-2020,RKI,0,0,0,1589414400000,14729,Leipzig,147,4,143,257763,156
DE-SN,27-05-2020,RKI,0,0,0,1590537600000,14729,Leipzig,147,4,143,257763,156
DE-SN,13-03-2020,RKI,0,0,0,1584057600000,14730,Nordsachsen,1,0,1,197673,97
DE-SN,17-03-2020,RKI,0,0,0,1584403200000,14730,Nordsachsen,1,0,1,197673,97
DE-SN,18-03-2020,RKI,6,6,0,1584489600000,14730,Nordsachsen,7,0,7,197673,97
DE-SN,19-03-2020,RKI,1,1,0,1584576000000,14730,Nordsachsen,8,0,8,197673,97
DE-SN,20-03-2020,RKI,2,2,0,1584662400000,14730,Nordsachsen,10,0,10,197673,97
DE-SN,21-03-2020,RKI,0,0,0,1584748800000,14730,Nordsachsen,10,0,10,197673,97
DE-SN,22-03-2020,RKI,1,1,0,1584835200000,14730,Nordsachsen,11,0,11,197673,97
DE-SN,24-03-2020,RKI,1,1,0,1585008000000,14730,Nordsachsen,12,0,12,197673,97
DE-SN,25-03-2020,RKI,3,3,0,1585094400000,14730,Nordsachsen,15,0,15,197673,97
DE-SN,27-03-2020,RKI,5,5,0,1585267200000,14730,Nordsachsen,20,0,20,197673,97
DE-SN,28-03-2020,RKI,2,2,0,1585353600000,14730,Nordsachsen,22,0,22,197673,97
DE-SN,31-03-2020,RKI,3,3,0,1585612800000,14730,Nordsachsen,25,0,25,197673,97
DE-SN,01-04-2020,RKI,15,15,0,1585699200000,14730,Nordsachsen,40,0,40,197673,97
DE-SN,02-04-2020,RKI,2,2,0,1585785600000,14730,Nordsachsen,42,0,42,197673,97
DE-SN,03-04-2020,RKI,12,12,0,1585872000000,14730,Nordsachsen,54,0,54,197673,97
DE-SN,04-04-2020,RKI,1,1,0,1585958400000,14730,Nordsachsen,55,0,55,197673,97
DE-SN,05-04-2020,RKI,0,0,0,1586044800000,14730,Nordsachsen,55,0,55,197673,97
DE-SN,06-04-2020,RKI,0,0,0,1586131200000,14730,Nordsachsen,55,0,55,197673,97
DE-SN,07-04-2020,RKI,13,13,0,1586217600000,14730,Nordsachsen,68,0,68,197673,97
DE-SN,08-04-2020,RKI,2,2,0,1586304000000,14730,Nordsachsen,70,0,70,197673,97
DE-SN,09-04-2020,RKI,1,1,0,1586390400000,14730,Nordsachsen,71,0,71,197673,97
DE-SN,10-04-2020,RKI,5,5,0,1586476800000,14730,Nordsachsen,76,0,76,197673,97
DE-SN,11-04-2020,RKI,1,1,0,1586563200000,14730,Nordsachsen,77,0,77,197673,97
DE-SN,14-04-2020,RKI,7,7,0,1586822400000,14730,Nordsachsen,84,0,84,197673,97
DE-SN,15-04-2020,RKI,1,1,0,1586908800000,14730,Nordsachsen,85,0,85,197673,97
DE-SN,16-04-2020,RKI,1,1,0,1586995200000,14730,Nordsachsen,86,0,86,197673,97
DE-SN,17-04-2020,RKI,3,3,0,1587081600000,14730,Nordsachsen,89,0,89,197673,97
DE-SN,18-04-2020,RKI,0,0,0,1587168000000,14730,Nordsachsen,89,0,89,197673,97
DE-SN,19-04-2020,RKI,0,0,0,1587254400000,14730,Nordsachsen,89,0,89,197673,97
DE-SN,20-04-2020,RKI,0,0,0,1587340800000,14730,Nordsachsen,89,0,89,197673,97
DE-SN,21-04-2020,RKI,1,1,0,1587427200000,14730,Nordsachsen,90,0,90,197673,97
DE-SN,22-04-2020,RKI,0,0,0,1587513600000,14730,Nordsachsen,90,0,90,197673,97
DE-SN,23-04-2020,RKI,3,3,0,1587600000000,14730,Nordsachsen,93,0,93,197673,97
DE-SN,24-04-2020,RKI,0,0,0,1587686400000,14730,Nordsachsen,93,0,93,197673,97
DE-SN,28-04-2020,RKI,0,0,0,1588032000000,14730,Nordsachsen,93,0,93,197673,97
DE-SN,30-04-2020,RKI,0,0,0,1588204800000,14730,Nordsachsen,93,0,93,197673,97
DE-SN,05-05-2020,RKI,1,1,0,1588636800000,14730,Nordsachsen,94,0,94,197673,97
DE-SN,12-05-2020,RKI,0,0,0,1589241600000,14730,Nordsachsen,94,0,94,197673,97
DE-SN,20-05-2020,RKI,0,0,0,1589932800000,14730,Nordsachsen,94,0,94,197673,97
DE-SN,29-05-2020,RKI,0,0,0,1590710400000,14730,Nordsachsen,94,0,94,197673,97
DE-ST,17-03-2020,RKI,0,0,0,1584403200000,15001,Dessau-Roßlau,1,0,1,81237,332
DE-ST,18-03-2020,RKI,0,0,0,1584489600000,15001,Dessau-Roßlau,1,0,1,81237,332
DE-ST,19-03-2020,RKI,0,0,0,1584576000000,15001,Dessau-Roßlau,1,0,1,81237,332
DE-ST,20-03-2020,RKI,3,3,0,1584662400000,15001,Dessau-Roßlau,4,0,4,81237,332
DE-ST,21-03-2020,RKI,0,0,0,1584748800000,15001,Dessau-Roßlau,4,0,4,81237,332
DE-ST,23-03-2020,RKI,1,0,1,1584921600000,15001,Dessau-Roßlau,5,1,4,81237,332
DE-ST,24-03-2020,RKI,2,2,0,1585008000000,15001,Dessau-Roßlau,7,1,6,81237,332
DE-ST,25-03-2020,RKI,0,0,0,1585094400000,15001,Dessau-Roßlau,7,1,6,81237,332
DE-ST,27-03-2020,RKI,3,3,0,1585267200000,15001,Dessau-Roßlau,10,1,9,81237,332
DE-ST,02-04-2020,RKI,2,2,0,1585785600000,15001,Dessau-Roßlau,12,1,11,81237,332
DE-ST,03-04-2020,RKI,5,5,0,1585872000000,15001,Dessau-Roßlau,17,1,16,81237,332
DE-ST,04-04-2020,RKI,1,1,0,1585958400000,15001,Dessau-Roßlau,18,1,17,81237,332
DE-ST,05-04-2020,RKI,3,3,0,1586044800000,15001,Dessau-Roßlau,21,1,20,81237,332
DE-ST,07-04-2020,RKI,5,5,0,1586217600000,15001,Dessau-Roßlau,26,1,25,81237,332
DE-ST,09-04-2020,RKI,5,5,0,1586390400000,15001,Dessau-Roßlau,31,1,30,81237,332
DE-ST,11-04-2020,RKI,2,2,0,1586563200000,15001,Dessau-Roßlau,33,1,32,81237,332
DE-ST,12-04-2020,RKI,0,0,0,1586649600000,15001,Dessau-Roßlau,33,1,32,81237,332
DE-ST,15-04-2020,RKI,0,0,0,1586908800000,15001,Dessau-Roßlau,33,1,32,81237,332
DE-ST,16-04-2020,RKI,1,1,0,1586995200000,15001,Dessau-Roßlau,34,1,33,81237,332
DE-ST,17-04-2020,RKI,0,0,0,1587081600000,15001,Dessau-Roßlau,34,1,33,81237,332
DE-ST,18-04-2020,RKI,1,1,0,1587168000000,15001,Dessau-Roßlau,35,1,34,81237,332
DE-ST,20-04-2020,RKI,0,0,0,1587340800000,15001,Dessau-Roßlau,35,1,34,81237,332
DE-ST,25-04-2020,RKI,1,1,0,1587772800000,15001,Dessau-Roßlau,36,1,35,81237,332
DE-ST,28-04-2020,RKI,0,0,0,1588032000000,15001,Dessau-Roßlau,36,1,35,81237,332
DE-ST,30-04-2020,RKI,0,0,0,1588204800000,15001,Dessau-Roßlau,36,1,35,81237,332
DE-ST,25-05-2020,RKI,0,0,0,1590364800000,15001,Dessau-Roßlau,36,1,35,81237,332
DE-ST,11-03-2020,RKI,1,1,0,1583884800000,15002,Halle,2,0,2,239257,1772
DE-ST,12-03-2020,RKI,3,3,0,1583971200000,15002,Halle,5,0,5,239257,1772
DE-ST,13-03-2020,RKI,2,2,0,1584057600000,15002,Halle,7,0,7,239257,1772
DE-ST,14-03-2020,RKI,1,1,0,1584144000000,15002,Halle,8,0,8,239257,1772
DE-ST,16-03-2020,RKI,4,4,0,1584316800000,15002,Halle,12,0,12,239257,1772
DE-ST,17-03-2020,RKI,4,4,0,1584403200000,15002,Halle,16,0,16,239257,1772
DE-ST,18-03-2020,RKI,15,15,0,1584489600000,15002,Halle,31,0,31,239257,1772
DE-ST,19-03-2020,RKI,3,3,0,1584576000000,15002,Halle,34,0,34,239257,1772
DE-ST,20-03-2020,RKI,17,16,1,1584662400000,15002,Halle,51,1,50,239257,1772
DE-ST,21-03-2020,RKI,3,3,0,1584748800000,15002,Halle,54,1,53,239257,1772
DE-ST,22-03-2020,RKI,3,2,1,1584835200000,15002,Halle,57,2,55,239257,1772
DE-ST,23-03-2020,RKI,6,6,0,1584921600000,15002,Halle,63,2,61,239257,1772
DE-ST,24-03-2020,RKI,6,6,0,1585008000000,15002,Halle,69,2,67,239257,1772
DE-ST,25-03-2020,RKI,10,10,0,1585094400000,15002,Halle,79,2,77,239257,1772
DE-ST,26-03-2020,RKI,5,5,0,1585180800000,15002,Halle,84,2,82,239257,1772
DE-ST,27-03-2020,RKI,15,15,0,1585267200000,15002,Halle,99,2,97,239257,1772
DE-ST,28-03-2020,RKI,15,15,0,1585353600000,15002,Halle,114,2,112,239257,1772
DE-ST,29-03-2020,RKI,5,5,0,1585440000000,15002,Halle,119,2,117,239257,1772
DE-ST,30-03-2020,RKI,26,20,6,1585526400000,15002,Halle,145,8,137,239257,1772
DE-ST,31-03-2020,RKI,6,6,0,1585612800000,15002,Halle,151,8,143,239257,1772
DE-ST,01-04-2020,RKI,8,8,0,1585699200000,15002,Halle,159,8,151,239257,1772
DE-ST,02-04-2020,RKI,8,8,0,1585785600000,15002,Halle,167,8,159,239257,1772
DE-ST,03-04-2020,RKI,8,8,0,1585872000000,15002,Halle,175,8,167,239257,1772
DE-ST,04-04-2020,RKI,6,6,0,1585958400000,15002,Halle,181,8,173,239257,1772
DE-ST,05-04-2020,RKI,0,0,0,1586044800000,15002,Halle,181,8,173,239257,1772
DE-ST,06-04-2020,RKI,4,3,1,1586131200000,15002,Halle,185,9,176,239257,1772
DE-ST,07-04-2020,RKI,12,11,1,1586217600000,15002,Halle,197,10,187,239257,1772
DE-ST,08-04-2020,RKI,8,8,0,1586304000000,15002,Halle,205,10,195,239257,1772
DE-ST,09-04-2020,RKI,4,4,0,1586390400000,15002,Halle,209,10,199,239257,1772
DE-ST,10-04-2020,RKI,0,0,0,1586476800000,15002,Halle,209,10,199,239257,1772
DE-ST,11-04-2020,RKI,10,10,0,1586563200000,15002,Halle,219,10,209,239257,1772
DE-ST,12-04-2020,RKI,1,1,0,1586649600000,15002,Halle,220,10,210,239257,1772
DE-ST,13-04-2020,RKI,1,0,1,1586736000000,15002,Halle,221,11,210,239257,1772
DE-ST,14-04-2020,RKI,3,3,0,1586822400000,15002,Halle,224,11,213,239257,1772
DE-ST,15-04-2020,RKI,7,7,0,1586908800000,15002,Halle,231,11,220,239257,1772
DE-ST,16-04-2020,RKI,1,1,0,1586995200000,15002,Halle,232,11,221,239257,1772
DE-ST,17-04-2020,RKI,0,0,0,1587081600000,15002,Halle,232,11,221,239257,1772
DE-ST,18-04-2020,RKI,1,1,0,1587168000000,15002,Halle,233,11,222,239257,1772
DE-ST,19-04-2020,RKI,3,3,0,1587254400000,15002,Halle,236,11,225,239257,1772
DE-ST,20-04-2020,RKI,1,1,0,1587340800000,15002,Halle,237,11,226,239257,1772
DE-ST,21-04-2020,RKI,2,2,0,1587427200000,15002,Halle,239,11,228,239257,1772
DE-ST,22-04-2020,RKI,3,3,0,1587513600000,15002,Halle,242,11,231,239257,1772
DE-ST,23-04-2020,RKI,11,11,0,1587600000000,15002,Halle,253,11,242,239257,1772
DE-ST,24-04-2020,RKI,2,2,0,1587686400000,15002,Halle,255,11,244,239257,1772
DE-ST,25-04-2020,RKI,4,4,0,1587772800000,15002,Halle,259,11,248,239257,1772
DE-ST,26-04-2020,RKI,1,1,0,1587859200000,15002,Halle,260,11,249,239257,1772
DE-ST,28-04-2020,RKI,0,0,0,1588032000000,15002,Halle,260,11,249,239257,1772
DE-ST,29-04-2020,RKI,10,10,0,1588118400000,15002,Halle,270,11,259,239257,1772
DE-ST,01-05-2020,RKI,2,2,0,1588291200000,15002,Halle,272,11,261,239257,1772
DE-ST,05-05-2020,RKI,0,0,0,1588636800000,15002,Halle,272,11,261,239257,1772
DE-ST,07-05-2020,RKI,4,4,0,1588809600000,15002,Halle,276,11,265,239257,1772
DE-ST,08-05-2020,RKI,5,5,0,1588896000000,15002,Halle,281,11,270,239257,1772
DE-ST,09-05-2020,RKI,1,1,0,1588982400000,15002,Halle,282,11,271,239257,1772
DE-ST,10-05-2020,RKI,0,0,0,1589068800000,15002,Halle,282,11,271,239257,1772
DE-ST,11-05-2020,RKI,0,0,0,1589155200000,15002,Halle,282,11,271,239257,1772
DE-ST,12-05-2020,RKI,2,2,0,1589241600000,15002,Halle,284,11,273,239257,1772
DE-ST,13-05-2020,RKI,2,2,0,1589328000000,15002,Halle,286,11,275,239257,1772
DE-ST,14-05-2020,RKI,1,0,0,1589414400000,15002,Halle,287,11,275,239257,1772
DE-ST,16-05-2020,RKI,0,0,0,1589587200000,15002,Halle,287,11,275,239257,1772
DE-ST,30-05-2020,RKI,1,0,0,1590796800000,15002,Halle,288,11,275,239257,1772
DE-ST,02-06-2020,RKI,1,0,0,1591056000000,15002,Halle,289,11,275,239257,1772
DE-ST,11-03-2020,RKI,2,2,0,1583884800000,15003,Magdeburg,2,0,2,238697,1188
DE-ST,12-03-2020,RKI,1,1,0,1583971200000,15003,Magdeburg,3,0,3,238697,1188
DE-ST,13-03-2020,RKI,3,3,0,1584057600000,15003,Magdeburg,6,0,6,238697,1188
DE-ST,16-03-2020,RKI,3,3,0,1584316800000,15003,Magdeburg,9,0,9,238697,1188
DE-ST,17-03-2020,RKI,3,3,0,1584403200000,15003,Magdeburg,12,0,12,238697,1188
DE-ST,18-03-2020,RKI,6,6,0,1584489600000,15003,Magdeburg,18,0,18,238697,1188
DE-ST,19-03-2020,RKI,1,1,0,1584576000000,15003,Magdeburg,19,0,19,238697,1188
DE-ST,20-03-2020,RKI,9,9,0,1584662400000,15003,Magdeburg,28,0,28,238697,1188
DE-ST,23-03-2020,RKI,11,10,1,1584921600000,15003,Magdeburg,39,1,38,238697,1188
DE-ST,24-03-2020,RKI,4,4,0,1585008000000,15003,Magdeburg,43,1,42,238697,1188
DE-ST,25-03-2020,RKI,2,2,0,1585094400000,15003,Magdeburg,45,1,44,238697,1188
DE-ST,26-03-2020,RKI,6,6,0,1585180800000,15003,Magdeburg,51,1,50,238697,1188
DE-ST,27-03-2020,RKI,5,5,0,1585267200000,15003,Magdeburg,56,1,55,238697,1188
DE-ST,30-03-2020,RKI,6,6,0,1585526400000,15003,Magdeburg,62,1,61,238697,1188
DE-ST,31-03-2020,RKI,4,4,0,1585612800000,15003,Magdeburg,66,1,65,238697,1188
DE-ST,01-04-2020,RKI,2,2,0,1585699200000,15003,Magdeburg,68,1,67,238697,1188
DE-ST,03-04-2020,RKI,0,0,0,1585872000000,15003,Magdeburg,68,1,67,238697,1188
DE-ST,06-04-2020,RKI,0,0,0,1586131200000,15003,Magdeburg,68,1,67,238697,1188
DE-ST,07-04-2020,RKI,0,0,0,1586217600000,15003,Magdeburg,68,1,67,238697,1188
DE-ST,08-04-2020,RKI,0,0,0,1586304000000,15003,Magdeburg,68,1,67,238697,1188
DE-ST,10-04-2020,RKI,0,0,0,1586476800000,15003,Magdeburg,68,1,67,238697,1188
DE-ST,11-04-2020,RKI,0,0,0,1586563200000,15003,Magdeburg,68,1,67,238697,1188
DE-ST,12-04-2020,RKI,0,0,0,1586649600000,15003,Magdeburg,68,1,67,238697,1188
DE-ST,13-04-2020,RKI,0,0,0,1586736000000,15003,Magdeburg,68,1,67,238697,1188
DE-ST,14-04-2020,RKI,0,0,0,1586822400000,15003,Magdeburg,68,1,67,238697,1188
DE-ST,15-04-2020,RKI,0,0,0,1586908800000,15003,Magdeburg,68,1,67,238697,1188
DE-ST,17-04-2020,RKI,2,2,0,1587081600000,15003,Magdeburg,70,1,69,238697,1188
DE-ST,19-04-2020,RKI,0,0,0,1587254400000,15003,Magdeburg,70,1,69,238697,1188
DE-ST,21-04-2020,RKI,0,0,0,1587427200000,15003,Magdeburg,70,1,69,238697,1188
DE-ST,25-04-2020,RKI,0,0,0,1587772800000,15003,Magdeburg,70,1,69,238697,1188
DE-ST,28-04-2020,RKI,0,0,0,1588032000000,15003,Magdeburg,70,1,69,238697,1188
DE-ST,02-05-2020,RKI,0,0,0,1588377600000,15003,Magdeburg,70,1,69,238697,1188
DE-ST,04-06-2020,RKI,1,0,0,1591228800000,15003,Magdeburg,71,1,69,238697,1188
DE-ST,16-03-2020,RKI,1,1,0,1584316800000,15081,Altmarkkreis Salzwedel,1,0,1,83765,37
DE-ST,22-03-2020,RKI,0,0,0,1584835200000,15081,Altmarkkreis Salzwedel,1,0,1,83765,37
DE-ST,23-03-2020,RKI,3,3,0,1584921600000,15081,Altmarkkreis Salzwedel,4,0,4,83765,37
DE-ST,24-03-2020,RKI,0,0,0,1585008000000,15081,Altmarkkreis Salzwedel,4,0,4,83765,37
DE-ST,25-03-2020,RKI,0,0,0,1585094400000,15081,Altmarkkreis Salzwedel,4,0,4,83765,37
DE-ST,27-03-2020,RKI,1,1,0,1585267200000,15081,Altmarkkreis Salzwedel,5,0,5,83765,37
DE-ST,30-03-2020,RKI,1,1,0,1585526400000,15081,Altmarkkreis Salzwedel,6,0,6,83765,37
DE-ST,31-03-2020,RKI,0,0,0,1585612800000,15081,Altmarkkreis Salzwedel,6,0,6,83765,37
DE-ST,01-04-2020,RKI,0,0,0,1585699200000,15081,Altmarkkreis Salzwedel,6,0,6,83765,37
DE-ST,02-04-2020,RKI,0,0,0,1585785600000,15081,Altmarkkreis Salzwedel,6,0,6,83765,37
DE-ST,04-04-2020,RKI,1,1,0,1585958400000,15081,Altmarkkreis Salzwedel,7,0,7,83765,37
DE-ST,05-04-2020,RKI,0,0,0,1586044800000,15081,Altmarkkreis Salzwedel,7,0,7,83765,37
DE-ST,06-04-2020,RKI,0,0,0,1586131200000,15081,Altmarkkreis Salzwedel,7,0,7,83765,37
DE-ST,07-04-2020,RKI,1,1,0,1586217600000,15081,Altmarkkreis Salzwedel,8,0,8,83765,37
DE-ST,08-04-2020,RKI,1,1,0,1586304000000,15081,Altmarkkreis Salzwedel,9,0,9,83765,37
DE-ST,09-04-2020,RKI,1,1,0,1586390400000,15081,Altmarkkreis Salzwedel,10,0,10,83765,37
DE-ST,10-04-2020,RKI,0,0,0,1586476800000,15081,Altmarkkreis Salzwedel,10,0,10,83765,37
DE-ST,15-04-2020,RKI,1,1,0,1586908800000,15081,Altmarkkreis Salzwedel,11,0,11,83765,37
DE-ST,25-04-2020,RKI,0,0,0,1587772800000,15081,Altmarkkreis Salzwedel,11,0,11,83765,37
DE-ST,28-04-2020,RKI,0,0,0,1588032000000,15081,Altmarkkreis Salzwedel,11,0,11,83765,37
DE-ST,19-05-2020,RKI,0,0,0,1589846400000,15081,Altmarkkreis Salzwedel,11,0,11,83765,37
DE-ST,12-03-2020,RKI,0,0,0,1583971200000,15082,Anhalt-Bitterfeld,0,0,0,159854,110
DE-ST,16-03-2020,RKI,3,3,0,1584316800000,15082,Anhalt-Bitterfeld,3,0,3,159854,110
DE-ST,19-03-2020,RKI,1,1,0,1584576000000,15082,Anhalt-Bitterfeld,4,0,4,159854,110
DE-ST,20-03-2020,RKI,0,0,0,1584662400000,15082,Anhalt-Bitterfeld,4,0,4,159854,110
DE-ST,23-03-2020,RKI,6,6,0,1584921600000,15082,Anhalt-Bitterfeld,10,0,10,159854,110
DE-ST,24-03-2020,RKI,0,0,0,1585008000000,15082,Anhalt-Bitterfeld,10,0,10,159854,110
DE-ST,25-03-2020,RKI,5,5,0,1585094400000,15082,Anhalt-Bitterfeld,15,0,15,159854,110
DE-ST,26-03-2020,RKI,3,3,0,1585180800000,15082,Anhalt-Bitterfeld,18,0,18,159854,110
DE-ST,27-03-2020,RKI,2,2,0,1585267200000,15082,Anhalt-Bitterfeld,20,0,20,159854,110
DE-ST,29-03-2020,RKI,1,1,0,1585440000000,15082,Anhalt-Bitterfeld,21,0,21,159854,110
DE-ST,30-03-2020,RKI,4,4,0,1585526400000,15082,Anhalt-Bitterfeld,25,0,25,159854,110
DE-ST,01-04-2020,RKI,0,0,0,1585699200000,15082,Anhalt-Bitterfeld,25,0,25,159854,110
DE-ST,02-04-2020,RKI,0,0,0,1585785600000,15082,Anhalt-Bitterfeld,25,0,25,159854,110
DE-ST,03-04-2020,RKI,1,1,0,1585872000000,15082,Anhalt-Bitterfeld,26,0,26,159854,110
DE-ST,04-04-2020,RKI,1,1,0,1585958400000,15082,Anhalt-Bitterfeld,27,0,27,159854,110
DE-ST,05-04-2020,RKI,4,4,0,1586044800000,15082,Anhalt-Bitterfeld,31,0,31,159854,110
DE-ST,08-04-2020,RKI,0,0,0,1586304000000,15082,Anhalt-Bitterfeld,31,0,31,159854,110
DE-ST,10-04-2020,RKI,0,0,0,1586476800000,15082,Anhalt-Bitterfeld,31,0,31,159854,110
DE-ST,16-04-2020,RKI,2,2,0,1586995200000,15082,Anhalt-Bitterfeld,33,0,33,159854,110
DE-ST,17-04-2020,RKI,0,0,0,1587081600000,15082,Anhalt-Bitterfeld,33,0,33,159854,110
DE-ST,19-04-2020,RKI,2,2,0,1587254400000,15082,Anhalt-Bitterfeld,35,0,35,159854,110
DE-ST,20-04-2020,RKI,1,0,1,1587340800000,15082,Anhalt-Bitterfeld,36,1,35,159854,110
DE-ST,21-04-2020,RKI,3,3,0,1587427200000,15082,Anhalt-Bitterfeld,39,1,38,159854,110
DE-ST,22-04-2020,RKI,1,1,0,1587513600000,15082,Anhalt-Bitterfeld,40,1,39,159854,110
DE-ST,25-04-2020,RKI,2,1,1,1587772800000,15082,Anhalt-Bitterfeld,42,2,40,159854,110
DE-ST,01-05-2020,RKI,0,0,0,1588291200000,15082,Anhalt-Bitterfeld,42,2,40,159854,110
DE-ST,17-05-2020,RKI,0,0,0,1589673600000,15082,Anhalt-Bitterfeld,42,2,40,159854,110
DE-ST,19-05-2020,RKI,0,0,0,1589846400000,15082,Anhalt-Bitterfeld,42,2,40,159854,110
DE-ST,25-05-2020,RKI,0,0,0,1590364800000,15082,Anhalt-Bitterfeld,42,2,40,159854,110
DE-ST,27-05-2020,RKI,0,0,0,1590537600000,15082,Anhalt-Bitterfeld,42,2,40,159854,110
DE-ST,12-03-2020,RKI,0,0,0,1583971200000,15083,Börde,1,0,1,171734,73
DE-ST,16-03-2020,RKI,9,9,0,1584316800000,15083,Börde,10,0,10,171734,73
DE-ST,17-03-2020,RKI,3,3,0,1584403200000,15083,Börde,13,0,13,171734,73
DE-ST,18-03-2020,RKI,4,4,0,1584489600000,15083,Börde,17,0,17,171734,73
DE-ST,19-03-2020,RKI,2,2,0,1584576000000,15083,Börde,19,0,19,171734,73
DE-ST,20-03-2020,RKI,3,3,0,1584662400000,15083,Börde,22,0,22,171734,73
DE-ST,22-03-2020,RKI,5,5,0,1584835200000,15083,Börde,27,0,27,171734,73
DE-ST,23-03-2020,RKI,4,4,0,1584921600000,15083,Börde,31,0,31,171734,73
DE-ST,24-03-2020,RKI,2,1,1,1585008000000,15083,Börde,33,1,32,171734,73
DE-ST,25-03-2020,RKI,0,0,0,1585094400000,15083,Börde,33,1,32,171734,73
DE-ST,26-03-2020,RKI,1,1,0,1585180800000,15083,Börde,34,1,33,171734,73
DE-ST,27-03-2020,RKI,2,2,0,1585267200000,15083,Börde,36,1,35,171734,73
DE-ST,30-03-2020,RKI,5,5,0,1585526400000,15083,Börde,41,1,40,171734,73
DE-ST,31-03-2020,RKI,1,1,0,1585612800000,15083,Börde,42,1,41,171734,73
DE-ST,01-04-2020,RKI,2,2,0,1585699200000,15083,Börde,44,1,43,171734,73
DE-ST,02-04-2020,RKI,1,1,0,1585785600000,15083,Börde,45,1,44,171734,73
DE-ST,03-04-2020,RKI,4,4,0,1585872000000,15083,Börde,49,1,48,171734,73
DE-ST,04-04-2020,RKI,0,0,0,1585958400000,15083,Börde,49,1,48,171734,73
DE-ST,05-04-2020,RKI,1,1,0,1586044800000,15083,Börde,50,1,49,171734,73
DE-ST,07-04-2020,RKI,6,5,1,1586217600000,15083,Börde,56,2,54,171734,73
DE-ST,08-04-2020,RKI,0,0,0,1586304000000,15083,Börde,56,2,54,171734,73
DE-ST,09-04-2020,RKI,4,4,0,1586390400000,15083,Börde,60,2,58,171734,73
DE-ST,10-04-2020,RKI,3,2,1,1586476800000,15083,Börde,63,3,60,171734,73
DE-ST,12-04-2020,RKI,1,0,1,1586649600000,15083,Börde,64,4,60,171734,73
DE-ST,13-04-2020,RKI,1,1,0,1586736000000,15083,Börde,65,4,61,171734,73
DE-ST,14-04-2020,RKI,4,4,0,1586822400000,15083,Börde,69,4,65,171734,73
DE-ST,16-04-2020,RKI,2,1,1,1586995200000,15083,Börde,71,5,66,171734,73
DE-ST,17-04-2020,RKI,2,1,1,1587081600000,15083,Börde,73,6,67,171734,73
DE-ST,18-04-2020,RKI,0,0,0,1587168000000,15083,Börde,73,6,67,171734,73
DE-ST,19-04-2020,RKI,0,0,0,1587254400000,15083,Börde,73,6,67,171734,73
DE-ST,21-04-2020,RKI,10,10,0,1587427200000,15083,Börde,83,6,77,171734,73
DE-ST,22-04-2020,RKI,3,3,0,1587513600000,15083,Börde,86,6,80,171734,73
DE-ST,23-04-2020,RKI,1,0,1,1587600000000,15083,Börde,87,7,80,171734,73
DE-ST,24-04-2020,RKI,9,7,2,1587686400000,15083,Börde,96,9,87,171734,73
DE-ST,25-04-2020,RKI,0,0,0,1587772800000,15083,Börde,96,9,87,171734,73
DE-ST,27-04-2020,RKI,1,1,0,1587945600000,15083,Börde,97,9,88,171734,73
DE-ST,28-04-2020,RKI,4,4,0,1588032000000,15083,Börde,101,9,92,171734,73
DE-ST,30-04-2020,RKI,0,0,0,1588204800000,15083,Börde,101,9,92,171734,73
DE-ST,01-05-2020,RKI,0,0,0,1588291200000,15083,Börde,101,9,92,171734,73
DE-ST,02-05-2020,RKI,0,0,0,1588377600000,15083,Börde,101,9,92,171734,73
DE-ST,03-05-2020,RKI,0,0,0,1588464000000,15083,Börde,101,9,92,171734,73
DE-ST,05-05-2020,RKI,8,7,1,1588636800000,15083,Börde,109,10,99,171734,73
DE-ST,06-05-2020,RKI,1,1,0,1588723200000,15083,Börde,110,10,100,171734,73
DE-ST,07-05-2020,RKI,2,1,1,1588809600000,15083,Börde,112,11,101,171734,73
DE-ST,13-05-2020,RKI,0,0,0,1589328000000,15083,Börde,112,11,101,171734,73
DE-ST,20-05-2020,RKI,0,0,0,1589932800000,15083,Börde,112,11,101,171734,73
DE-ST,27-05-2020,RKI,0,0,0,1590537600000,15083,Börde,112,11,101,171734,73
DE-ST,01-06-2020,RKI,0,0,0,1590969600000,15083,Börde,112,11,101,171734,73
DE-ST,04-06-2020,RKI,1,0,0,1591228800000,15083,Börde,113,11,101,171734,73
DE-ST,13-03-2020,RKI,0,0,0,1584057600000,15084,Burgenlandkreis,0,0,0,180190,127
DE-ST,16-03-2020,RKI,3,3,0,1584316800000,15084,Burgenlandkreis,3,0,3,180190,127
DE-ST,17-03-2020,RKI,0,0,0,1584403200000,15084,Burgenlandkreis,3,0,3,180190,127
DE-ST,18-03-2020,RKI,4,4,0,1584489600000,15084,Burgenlandkreis,7,0,7,180190,127
DE-ST,19-03-2020,RKI,1,1,0,1584576000000,15084,Burgenlandkreis,8,0,8,180190,127
DE-ST,20-03-2020,RKI,0,0,0,1584662400000,15084,Burgenlandkreis,8,0,8,180190,127
DE-ST,23-03-2020,RKI,2,2,0,1584921600000,15084,Burgenlandkreis,10,0,10,180190,127
DE-ST,24-03-2020,RKI,0,0,0,1585008000000,15084,Burgenlandkreis,10,0,10,180190,127
DE-ST,25-03-2020,RKI,4,3,1,1585094400000,15084,Burgenlandkreis,14,1,13,180190,127
DE-ST,26-03-2020,RKI,0,0,0,1585180800000,15084,Burgenlandkreis,14,1,13,180190,127
DE-ST,27-03-2020,RKI,0,0,0,1585267200000,15084,Burgenlandkreis,14,1,13,180190,127
DE-ST,30-03-2020,RKI,3,3,0,1585526400000,15084,Burgenlandkreis,17,1,16,180190,127
DE-ST,31-03-2020,RKI,2,2,0,1585612800000,15084,Burgenlandkreis,19,1,18,180190,127
DE-ST,02-04-2020,RKI,5,5,0,1585785600000,15084,Burgenlandkreis,24,1,23,180190,127
DE-ST,03-04-2020,RKI,1,1,0,1585872000000,15084,Burgenlandkreis,25,1,24,180190,127
DE-ST,04-04-2020,RKI,0,0,0,1585958400000,15084,Burgenlandkreis,25,1,24,180190,127
DE-ST,05-04-2020,RKI,0,0,0,1586044800000,15084,Burgenlandkreis,25,1,24,180190,127
DE-ST,06-04-2020,RKI,0,0,0,1586131200000,15084,Burgenlandkreis,25,1,24,180190,127
DE-ST,08-04-2020,RKI,6,6,0,1586304000000,15084,Burgenlandkreis,31,1,30,180190,127
DE-ST,09-04-2020,RKI,4,4,0,1586390400000,15084,Burgenlandkreis,35,1,34,180190,127
DE-ST,11-04-2020,RKI,0,0,0,1586563200000,15084,Burgenlandkreis,35,1,34,180190,127
DE-ST,13-04-2020,RKI,0,0,0,1586736000000,15084,Burgenlandkreis,35,1,34,180190,127
DE-ST,14-04-2020,RKI,3,3,0,1586822400000,15084,Burgenlandkreis,38,1,37,180190,127
DE-ST,16-04-2020,RKI,2,2,0,1586995200000,15084,Burgenlandkreis,40,1,39,180190,127
DE-ST,17-04-2020,RKI,0,0,0,1587081600000,15084,Burgenlandkreis,40,1,39,180190,127
DE-ST,18-04-2020,RKI,1,1,0,1587168000000,15084,Burgenlandkreis,41,1,40,180190,127
DE-ST,20-04-2020,RKI,1,1,0,1587340800000,15084,Burgenlandkreis,42,1,41,180190,127
DE-ST,21-04-2020,RKI,2,1,1,1587427200000,15084,Burgenlandkreis,44,2,42,180190,127
DE-ST,22-04-2020,RKI,1,1,0,1587513600000,15084,Burgenlandkreis,45,2,43,180190,127
DE-ST,23-04-2020,RKI,6,6,0,1587600000000,15084,Burgenlandkreis,51,2,49,180190,127
DE-ST,24-04-2020,RKI,4,4,0,1587686400000,15084,Burgenlandkreis,55,2,53,180190,127
DE-ST,26-04-2020,RKI,0,0,0,1587859200000,15084,Burgenlandkreis,55,2,53,180190,127
DE-ST,29-04-2020,RKI,0,0,0,1588118400000,15084,Burgenlandkreis,55,2,53,180190,127
DE-ST,30-04-2020,RKI,0,0,0,1588204800000,15084,Burgenlandkreis,55,2,53,180190,127
DE-ST,01-05-2020,RKI,0,0,0,1588291200000,15084,Burgenlandkreis,55,2,53,180190,127
DE-ST,05-05-2020,RKI,0,0,0,1588636800000,15084,Burgenlandkreis,55,2,53,180190,127
DE-ST,06-05-2020,RKI,1,1,0,1588723200000,15084,Burgenlandkreis,56,2,54,180190,127
DE-ST,07-05-2020,RKI,2,2,0,1588809600000,15084,Burgenlandkreis,58,2,56,180190,127
DE-ST,08-05-2020,RKI,0,0,0,1588896000000,15084,Burgenlandkreis,58,2,56,180190,127
DE-ST,13-05-2020,RKI,1,1,0,1589328000000,15084,Burgenlandkreis,59,2,57,180190,127
DE-ST,14-05-2020,RKI,5,0,0,1589414400000,15084,Burgenlandkreis,64,2,57,180190,127
DE-ST,15-05-2020,RKI,0,0,0,1589500800000,15084,Burgenlandkreis,64,2,57,180190,127
DE-ST,19-05-2020,RKI,3,0,0,1589846400000,15084,Burgenlandkreis,67,2,57,180190,127
DE-ST,20-05-2020,RKI,0,0,0,1589932800000,15084,Burgenlandkreis,67,2,57,180190,127
DE-ST,21-05-2020,RKI,0,0,0,1590019200000,15084,Burgenlandkreis,67,2,57,180190,127
DE-ST,22-05-2020,RKI,0,0,0,1590105600000,15084,Burgenlandkreis,67,2,57,180190,127
DE-ST,29-05-2020,RKI,0,0,0,1590710400000,15084,Burgenlandkreis,67,2,57,180190,127
DE-ST,30-05-2020,RKI,0,0,0,1590796800000,15084,Burgenlandkreis,67,2,57,180190,127
DE-ST,17-03-2020,RKI,5,5,0,1584403200000,15085,Harz,6,0,6,214446,102
DE-ST,19-03-2020,RKI,5,5,0,1584576000000,15085,Harz,11,0,11,214446,102
DE-ST,23-03-2020,RKI,7,7,0,1584921600000,15085,Harz,18,0,18,214446,102
DE-ST,24-03-2020,RKI,2,1,1,1585008000000,15085,Harz,20,1,19,214446,102
DE-ST,25-03-2020,RKI,3,3,0,1585094400000,15085,Harz,23,1,22,214446,102
DE-ST,26-03-2020,RKI,5,4,1,1585180800000,15085,Harz,28,2,26,214446,102
DE-ST,27-03-2020,RKI,6,6,0,1585267200000,15085,Harz,34,2,32,214446,102
DE-ST,28-03-2020,RKI,1,1,0,1585353600000,15085,Harz,35,2,33,214446,102
DE-ST,29-03-2020,RKI,1,1,0,1585440000000,15085,Harz,36,2,34,214446,102
DE-ST,30-03-2020,RKI,3,3,0,1585526400000,15085,Harz,39,2,37,214446,102
DE-ST,31-03-2020,RKI,7,7,0,1585612800000,15085,Harz,46,2,44,214446,102
DE-ST,02-04-2020,RKI,4,3,1,1585785600000,15085,Harz,50,3,47,214446,102
DE-ST,03-04-2020,RKI,3,3,0,1585872000000,15085,Harz,53,3,50,214446,102
DE-ST,04-04-2020,RKI,1,1,0,1585958400000,15085,Harz,54,3,51,214446,102
DE-ST,05-04-2020,RKI,4,4,0,1586044800000,15085,Harz,58,3,55,214446,102
DE-ST,06-04-2020,RKI,12,12,0,1586131200000,15085,Harz,70,3,67,214446,102
DE-ST,07-04-2020,RKI,3,3,0,1586217600000,15085,Harz,73,3,70,214446,102
DE-ST,08-04-2020,RKI,12,12,0,1586304000000,15085,Harz,85,3,82,214446,102
DE-ST,09-04-2020,RKI,3,3,0,1586390400000,15085,Harz,88,3,85,214446,102
DE-ST,10-04-2020,RKI,10,10,0,1586476800000,15085,Harz,98,3,95,214446,102
DE-ST,11-04-2020,RKI,3,3,0,1586563200000,15085,Harz,101,3,98,214446,102
DE-ST,14-04-2020,RKI,4,4,0,1586822400000,15085,Harz,105,3,102,214446,102
DE-ST,15-04-2020,RKI,2,2,0,1586908800000,15085,Harz,107,3,104,214446,102
DE-ST,16-04-2020,RKI,8,7,1,1586995200000,15085,Harz,115,4,111,214446,102
DE-ST,17-04-2020,RKI,44,44,0,1587081600000,15085,Harz,159,4,155,214446,102
DE-ST,18-04-2020,RKI,10,10,0,1587168000000,15085,Harz,169,4,165,214446,102
DE-ST,19-04-2020,RKI,1,1,0,1587254400000,15085,Harz,170,4,166,214446,102
DE-ST,21-04-2020,RKI,0,0,0,1587427200000,15085,Harz,170,4,166,214446,102
DE-ST,22-04-2020,RKI,0,0,0,1587513600000,15085,Harz,170,4,166,214446,102
DE-ST,23-04-2020,RKI,2,2,0,1587600000000,15085,Harz,172,4,168,214446,102
DE-ST,24-04-2020,RKI,1,1,0,1587686400000,15085,Harz,173,4,169,214446,102
DE-ST,25-04-2020,RKI,0,0,0,1587772800000,15085,Harz,173,4,169,214446,102
DE-ST,27-04-2020,RKI,2,2,0,1587945600000,15085,Harz,175,4,171,214446,102
DE-ST,28-04-2020,RKI,0,0,0,1588032000000,15085,Harz,175,4,171,214446,102
DE-ST,29-04-2020,RKI,0,0,0,1588118400000,15085,Harz,175,4,171,214446,102
DE-ST,30-04-2020,RKI,1,1,0,1588204800000,15085,Harz,176,4,172,214446,102
DE-ST,01-05-2020,RKI,1,1,0,1588291200000,15085,Harz,177,4,173,214446,102
DE-ST,03-05-2020,RKI,0,0,0,1588464000000,15085,Harz,177,4,173,214446,102
DE-ST,04-05-2020,RKI,1,1,0,1588550400000,15085,Harz,178,4,174,214446,102
DE-ST,05-05-2020,RKI,2,2,0,1588636800000,15085,Harz,180,4,176,214446,102
DE-ST,13-05-2020,RKI,0,0,0,1589328000000,15085,Harz,180,4,176,214446,102
DE-ST,16-05-2020,RKI,1,0,0,1589587200000,15085,Harz,181,4,176,214446,102
DE-ST,17-05-2020,RKI,0,0,0,1589673600000,15085,Harz,181,4,176,214446,102
DE-ST,18-03-2020,RKI,1,1,0,1584489600000,15086,Jerichower Land,1,0,1,89928,57
DE-ST,20-03-2020,RKI,0,0,0,1584662400000,15086,Jerichower Land,1,0,1,89928,57
DE-ST,23-03-2020,RKI,2,2,0,1584921600000,15086,Jerichower Land,3,0,3,89928,57
DE-ST,24-03-2020,RKI,2,1,1,1585008000000,15086,Jerichower Land,5,1,4,89928,57
DE-ST,25-03-2020,RKI,2,2,0,1585094400000,15086,Jerichower Land,7,1,6,89928,57
DE-ST,26-03-2020,RKI,2,2,0,1585180800000,15086,Jerichower Land,9,1,8,89928,57
DE-ST,30-03-2020,RKI,1,1,0,1585526400000,15086,Jerichower Land,10,1,9,89928,57
DE-ST,31-03-2020,RKI,1,1,0,1585612800000,15086,Jerichower Land,11,1,10,89928,57
DE-ST,03-04-2020,RKI,1,1,0,1585872000000,15086,Jerichower Land,12,1,11,89928,57
DE-ST,04-04-2020,RKI,2,1,1,1585958400000,15086,Jerichower Land,14,2,12,89928,57
DE-ST,06-04-2020,RKI,0,0,0,1586131200000,15086,Jerichower Land,14,2,12,89928,57
DE-ST,07-04-2020,RKI,0,0,0,1586217600000,15086,Jerichower Land,14,2,12,89928,57
DE-ST,08-04-2020,RKI,0,0,0,1586304000000,15086,Jerichower Land,14,2,12,89928,57
DE-ST,14-04-2020,RKI,0,0,0,1586822400000,15086,Jerichower Land,14,2,12,89928,57
DE-ST,16-04-2020,RKI,0,0,0,1586995200000,15086,Jerichower Land,14,2,12,89928,57
DE-ST,17-04-2020,RKI,0,0,0,1587081600000,15086,Jerichower Land,14,2,12,89928,57
DE-ST,23-04-2020,RKI,0,0,0,1587600000000,15086,Jerichower Land,14,2,12,89928,57
DE-ST,25-05-2020,RKI,0,0,0,1590364800000,15086,Jerichower Land,14,2,12,89928,57
DE-ST,17-03-2020,RKI,1,1,0,1584403200000,15087,Mansfeld-Südharz,1,0,1,136249,94
DE-ST,19-03-2020,RKI,2,2,0,1584576000000,15087,Mansfeld-Südharz,3,0,3,136249,94
DE-ST,21-03-2020,RKI,4,3,1,1584748800000,15087,Mansfeld-Südharz,7,1,6,136249,94
DE-ST,24-03-2020,RKI,0,0,0,1585008000000,15087,Mansfeld-Südharz,7,1,6,136249,94
DE-ST,26-03-2020,RKI,1,1,0,1585180800000,15087,Mansfeld-Südharz,8,1,7,136249,94
DE-ST,27-03-2020,RKI,0,0,0,1585267200000,15087,Mansfeld-Südharz,8,1,7,136249,94
DE-ST,30-03-2020,RKI,3,3,0,1585526400000,15087,Mansfeld-Südharz,11,1,10,136249,94
DE-ST,31-03-2020,RKI,3,3,0,1585612800000,15087,Mansfeld-Südharz,14,1,13,136249,94
DE-ST,02-04-2020,RKI,2,2,0,1585785600000,15087,Mansfeld-Südharz,16,1,15,136249,94
DE-ST,03-04-2020,RKI,1,1,0,1585872000000,15087,Mansfeld-Südharz,17,1,16,136249,94
DE-ST,04-04-2020,RKI,0,0,0,1585958400000,15087,Mansfeld-Südharz,17,1,16,136249,94
DE-ST,08-04-2020,RKI,1,1,0,1586304000000,15087,Mansfeld-Südharz,18,1,17,136249,94
DE-ST,09-04-2020,RKI,0,0,0,1586390400000,15087,Mansfeld-Südharz,18,1,17,136249,94
DE-ST,10-04-2020,RKI,0,0,0,1586476800000,15087,Mansfeld-Südharz,18,1,17,136249,94
DE-ST,11-04-2020,RKI,0,0,0,1586563200000,15087,Mansfeld-Südharz,18,1,17,136249,94
DE-ST,20-04-2020,RKI,0,0,0,1587340800000,15087,Mansfeld-Südharz,18,1,17,136249,94
DE-ST,26-04-2020,RKI,0,0,0,1587859200000,15087,Mansfeld-Südharz,18,1,17,136249,94
DE-ST,30-04-2020,RKI,0,0,0,1588204800000,15087,Mansfeld-Südharz,18,1,17,136249,94
DE-ST,02-05-2020,RKI,0,0,0,1588377600000,15087,Mansfeld-Südharz,18,1,17,136249,94
DE-ST,06-05-2020,RKI,0,0,0,1588723200000,15087,Mansfeld-Südharz,18,1,17,136249,94
DE-ST,10-05-2020,RKI,0,0,0,1589068800000,15087,Mansfeld-Südharz,18,1,17,136249,94
DE-ST,12-05-2020,RKI,0,0,0,1589241600000,15087,Mansfeld-Südharz,18,1,17,136249,94
DE-ST,13-05-2020,RKI,0,0,0,1589328000000,15087,Mansfeld-Südharz,18,1,17,136249,94
DE-ST,19-05-2020,RKI,0,0,0,1589846400000,15087,Mansfeld-Südharz,18,1,17,136249,94
DE-ST,21-05-2020,RKI,1,0,0,1590019200000,15087,Mansfeld-Südharz,19,1,17,136249,94
DE-ST,25-05-2020,RKI,0,0,0,1590364800000,15087,Mansfeld-Südharz,19,1,17,136249,94
DE-ST,02-06-2020,RKI,0,0,0,1591056000000,15087,Mansfeld-Südharz,19,1,17,136249,94
DE-ST,05-06-2020,RKI,0,0,0,1591315200000,15087,Mansfeld-Südharz,19,1,17,136249,94
DE-ST,16-03-2020,RKI,1,1,0,1584316800000,15088,Saalekreis,1,0,1,184582,129
DE-ST,17-03-2020,RKI,0,0,0,1584403200000,15088,Saalekreis,1,0,1,184582,129
DE-ST,18-03-2020,RKI,1,1,0,1584489600000,15088,Saalekreis,2,0,2,184582,129
DE-ST,19-03-2020,RKI,5,5,0,1584576000000,15088,Saalekreis,7,0,7,184582,129
DE-ST,20-03-2020,RKI,1,1,0,1584662400000,15088,Saalekreis,8,0,8,184582,129
DE-ST,21-03-2020,RKI,4,4,0,1584748800000,15088,Saalekreis,12,0,12,184582,129
DE-ST,22-03-2020,RKI,1,1,0,1584835200000,15088,Saalekreis,13,0,13,184582,129
DE-ST,23-03-2020,RKI,0,0,0,1584921600000,15088,Saalekreis,13,0,13,184582,129
DE-ST,24-03-2020,RKI,16,15,1,1585008000000,15088,Saalekreis,29,1,28,184582,129
DE-ST,25-03-2020,RKI,1,1,0,1585094400000,15088,Saalekreis,30,1,29,184582,129
DE-ST,26-03-2020,RKI,3,3,0,1585180800000,15088,Saalekreis,33,1,32,184582,129
DE-ST,27-03-2020,RKI,3,2,1,1585267200000,15088,Saalekreis,36,2,34,184582,129
DE-ST,28-03-2020,RKI,5,5,0,1585353600000,15088,Saalekreis,41,2,39,184582,129
DE-ST,30-03-2020,RKI,2,2,0,1585526400000,15088,Saalekreis,43,2,41,184582,129
DE-ST,31-03-2020,RKI,4,4,0,1585612800000,15088,Saalekreis,47,2,45,184582,129
DE-ST,01-04-2020,RKI,7,7,0,1585699200000,15088,Saalekreis,54,2,52,184582,129
DE-ST,02-04-2020,RKI,5,5,0,1585785600000,15088,Saalekreis,59,2,57,184582,129
DE-ST,03-04-2020,RKI,2,1,1,1585872000000,15088,Saalekreis,61,3,58,184582,129
DE-ST,04-04-2020,RKI,2,2,0,1585958400000,15088,Saalekreis,63,3,60,184582,129
DE-ST,05-04-2020,RKI,0,0,0,1586044800000,15088,Saalekreis,63,3,60,184582,129
DE-ST,06-04-2020,RKI,0,0,0,1586131200000,15088,Saalekreis,63,3,60,184582,129
DE-ST,07-04-2020,RKI,0,0,0,1586217600000,15088,Saalekreis,63,3,60,184582,129
DE-ST,08-04-2020,RKI,3,3,0,1586304000000,15088,Saalekreis,66,3,63,184582,129
DE-ST,09-04-2020,RKI,3,3,0,1586390400000,15088,Saalekreis,69,3,66,184582,129
DE-ST,10-04-2020,RKI,1,1,0,1586476800000,15088,Saalekreis,70,3,67,184582,129
DE-ST,12-04-2020,RKI,0,0,0,1586649600000,15088,Saalekreis,70,3,67,184582,129
DE-ST,13-04-2020,RKI,1,1,0,1586736000000,15088,Saalekreis,71,3,68,184582,129
DE-ST,14-04-2020,RKI,0,0,0,1586822400000,15088,Saalekreis,71,3,68,184582,129
DE-ST,17-04-2020,RKI,1,1,0,1587081600000,15088,Saalekreis,72,3,69,184582,129
DE-ST,18-04-2020,RKI,0,0,0,1587168000000,15088,Saalekreis,72,3,69,184582,129
DE-ST,20-04-2020,RKI,1,1,0,1587340800000,15088,Saalekreis,73,3,70,184582,129
DE-ST,24-04-2020,RKI,0,0,0,1587686400000,15088,Saalekreis,73,3,70,184582,129
DE-ST,29-04-2020,RKI,0,0,0,1588118400000,15088,Saalekreis,73,3,70,184582,129
DE-ST,30-04-2020,RKI,2,2,0,1588204800000,15088,Saalekreis,75,3,72,184582,129
DE-ST,01-05-2020,RKI,1,1,0,1588291200000,15088,Saalekreis,76,3,73,184582,129
DE-ST,02-05-2020,RKI,0,0,0,1588377600000,15088,Saalekreis,76,3,73,184582,129
DE-ST,04-05-2020,RKI,0,0,0,1588550400000,15088,Saalekreis,76,3,73,184582,129
DE-ST,05-05-2020,RKI,3,3,0,1588636800000,15088,Saalekreis,79,3,76,184582,129
DE-ST,06-05-2020,RKI,0,0,0,1588723200000,15088,Saalekreis,79,3,76,184582,129
DE-ST,07-05-2020,RKI,0,0,0,1588809600000,15088,Saalekreis,79,3,76,184582,129
DE-ST,08-05-2020,RKI,0,0,0,1588896000000,15088,Saalekreis,79,3,76,184582,129
DE-ST,09-05-2020,RKI,1,1,0,1588982400000,15088,Saalekreis,80,3,77,184582,129
DE-ST,11-05-2020,RKI,0,0,0,1589155200000,15088,Saalekreis,80,3,77,184582,129
DE-ST,12-05-2020,RKI,0,0,0,1589241600000,15088,Saalekreis,80,3,77,184582,129
DE-ST,19-05-2020,RKI,0,0,0,1589846400000,15088,Saalekreis,80,3,77,184582,129
DE-ST,25-05-2020,RKI,0,0,0,1590364800000,15088,Saalekreis,80,3,77,184582,129
DE-ST,26-05-2020,RKI,0,0,0,1590451200000,15088,Saalekreis,80,3,77,184582,129
DE-ST,28-05-2020,RKI,0,0,0,1590624000000,15088,Saalekreis,80,3,77,184582,129
DE-ST,11-03-2020,RKI,4,4,0,1583884800000,15089,Salzlandkreis,4,0,4,190560,134
DE-ST,12-03-2020,RKI,0,0,0,1583971200000,15089,Salzlandkreis,4,0,4,190560,134
DE-ST,13-03-2020,RKI,0,0,0,1584057600000,15089,Salzlandkreis,4,0,4,190560,134
DE-ST,19-03-2020,RKI,3,3,0,1584576000000,15089,Salzlandkreis,7,0,7,190560,134
DE-ST,20-03-2020,RKI,5,5,0,1584662400000,15089,Salzlandkreis,12,0,12,190560,134
DE-ST,21-03-2020,RKI,1,1,0,1584748800000,15089,Salzlandkreis,13,0,13,190560,134
DE-ST,23-03-2020,RKI,5,5,0,1584921600000,15089,Salzlandkreis,18,0,18,190560,134
DE-ST,24-03-2020,RKI,3,3,0,1585008000000,15089,Salzlandkreis,21,0,21,190560,134
DE-ST,25-03-2020,RKI,1,1,0,1585094400000,15089,Salzlandkreis,22,0,22,190560,134
DE-ST,26-03-2020,RKI,3,3,0,1585180800000,15089,Salzlandkreis,25,0,25,190560,134
DE-ST,28-03-2020,RKI,0,0,0,1585353600000,15089,Salzlandkreis,25,0,25,190560,134
DE-ST,29-03-2020,RKI,0,0,0,1585440000000,15089,Salzlandkreis,25,0,25,190560,134
DE-ST,31-03-2020,RKI,1,1,0,1585612800000,15089,Salzlandkreis,26,0,26,190560,134
DE-ST,01-04-2020,RKI,2,2,0,1585699200000,15089,Salzlandkreis,28,0,28,190560,134
DE-ST,02-04-2020,RKI,0,0,0,1585785600000,15089,Salzlandkreis,28,0,28,190560,134
DE-ST,03-04-2020,RKI,2,2,0,1585872000000,15089,Salzlandkreis,30,0,30,190560,134
DE-ST,04-04-2020,RKI,2,2,0,1585958400000,15089,Salzlandkreis,32,0,32,190560,134
DE-ST,05-04-2020,RKI,2,2,0,1586044800000,15089,Salzlandkreis,34,0,34,190560,134
DE-ST,06-04-2020,RKI,1,1,0,1586131200000,15089,Salzlandkreis,35,0,35,190560,134
DE-ST,07-04-2020,RKI,1,1,0,1586217600000,15089,Salzlandkreis,36,0,36,190560,134
DE-ST,08-04-2020,RKI,0,0,0,1586304000000,15089,Salzlandkreis,36,0,36,190560,134
DE-ST,12-04-2020,RKI,0,0,0,1586649600000,15089,Salzlandkreis,36,0,36,190560,134
DE-ST,17-04-2020,RKI,0,0,0,1587081600000,15089,Salzlandkreis,36,0,36,190560,134
DE-ST,18-04-2020,RKI,0,0,0,1587168000000,15089,Salzlandkreis,36,0,36,190560,134
DE-ST,22-04-2020,RKI,0,0,0,1587513600000,15089,Salzlandkreis,36,0,36,190560,134
DE-ST,28-04-2020,RKI,0,0,0,1588032000000,15089,Salzlandkreis,36,0,36,190560,134
DE-ST,30-04-2020,RKI,0,0,0,1588204800000,15089,Salzlandkreis,36,0,36,190560,134
DE-ST,12-05-2020,RKI,0,0,0,1589241600000,15089,Salzlandkreis,36,0,36,190560,134
DE-ST,13-05-2020,RKI,0,0,0,1589328000000,15089,Salzlandkreis,36,0,36,190560,134
DE-ST,14-05-2020,RKI,0,0,0,1589414400000,15089,Salzlandkreis,36,0,36,190560,134
DE-ST,17-03-2020,RKI,3,3,0,1584403200000,15090,Stendal,3,0,3,111982,46
DE-ST,19-03-2020,RKI,1,1,0,1584576000000,15090,Stendal,4,0,4,111982,46
DE-ST,20-03-2020,RKI,2,2,0,1584662400000,15090,Stendal,6,0,6,111982,46
DE-ST,23-03-2020,RKI,1,1,0,1584921600000,15090,Stendal,7,0,7,111982,46
DE-ST,24-03-2020,RKI,5,5,0,1585008000000,15090,Stendal,12,0,12,111982,46
DE-ST,25-03-2020,RKI,3,2,1,1585094400000,15090,Stendal,15,1,14,111982,46
DE-ST,26-03-2020,RKI,2,1,1,1585180800000,15090,Stendal,17,2,15,111982,46
DE-ST,27-03-2020,RKI,14,13,1,1585267200000,15090,Stendal,31,3,28,111982,46
DE-ST,28-03-2020,RKI,10,10,0,1585353600000,15090,Stendal,41,3,38,111982,46
DE-ST,29-03-2020,RKI,0,0,0,1585440000000,15090,Stendal,41,3,38,111982,46
DE-ST,31-03-2020,RKI,2,2,0,1585612800000,15090,Stendal,43,3,40,111982,46
DE-ST,01-04-2020,RKI,3,3,0,1585699200000,15090,Stendal,46,3,43,111982,46
DE-ST,02-04-2020,RKI,2,2,0,1585785600000,15090,Stendal,48,3,45,111982,46
DE-ST,03-04-2020,RKI,0,0,0,1585872000000,15090,Stendal,48,3,45,111982,46
DE-ST,04-04-2020,RKI,0,0,0,1585958400000,15090,Stendal,48,3,45,111982,46
DE-ST,05-04-2020,RKI,0,0,0,1586044800000,15090,Stendal,48,3,45,111982,46
DE-ST,06-04-2020,RKI,0,0,0,1586131200000,15090,Stendal,48,3,45,111982,46
DE-ST,08-04-2020,RKI,0,0,0,1586304000000,15090,Stendal,48,3,45,111982,46
DE-ST,09-04-2020,RKI,2,0,2,1586390400000,15090,Stendal,50,5,45,111982,46
DE-ST,10-04-2020,RKI,0,0,0,1586476800000,15090,Stendal,50,5,45,111982,46
DE-ST,11-04-2020,RKI,2,2,0,1586563200000,15090,Stendal,52,5,47,111982,46
DE-ST,12-04-2020,RKI,0,0,0,1586649600000,15090,Stendal,52,5,47,111982,46
DE-ST,15-04-2020,RKI,3,3,0,1586908800000,15090,Stendal,55,5,50,111982,46
DE-ST,16-04-2020,RKI,0,0,0,1586995200000,15090,Stendal,55,5,50,111982,46
DE-ST,17-04-2020,RKI,1,1,0,1587081600000,15090,Stendal,56,5,51,111982,46
DE-ST,18-04-2020,RKI,2,1,1,1587168000000,15090,Stendal,58,6,52,111982,46
DE-ST,21-04-2020,RKI,2,2,0,1587427200000,15090,Stendal,60,6,54,111982,46
DE-ST,22-04-2020,RKI,1,1,0,1587513600000,15090,Stendal,61,6,55,111982,46
DE-ST,23-04-2020,RKI,1,1,0,1587600000000,15090,Stendal,62,6,56,111982,46
DE-ST,24-04-2020,RKI,1,1,0,1587686400000,15090,Stendal,63,6,57,111982,46
DE-ST,25-04-2020,RKI,2,2,0,1587772800000,15090,Stendal,65,6,59,111982,46
DE-ST,28-04-2020,RKI,1,1,0,1588032000000,15090,Stendal,66,6,60,111982,46
DE-ST,29-04-2020,RKI,1,1,0,1588118400000,15090,Stendal,67,6,61,111982,46
DE-ST,30-04-2020,RKI,1,1,0,1588204800000,15090,Stendal,68,6,62,111982,46
DE-ST,01-05-2020,RKI,0,0,0,1588291200000,15090,Stendal,68,6,62,111982,46
DE-ST,03-05-2020,RKI,0,0,0,1588464000000,15090,Stendal,68,6,62,111982,46
DE-ST,06-05-2020,RKI,0,0,0,1588723200000,15090,Stendal,68,6,62,111982,46
DE-ST,20-05-2020,RKI,0,0,0,1589932800000,15090,Stendal,68,6,62,111982,46
DE-ST,17-03-2020,RKI,0,0,0,1584403200000,15091,Wittenberg,1,0,1,125840,65
DE-ST,19-03-2020,RKI,5,5,0,1584576000000,15091,Wittenberg,6,0,6,125840,65
DE-ST,20-03-2020,RKI,0,0,0,1584662400000,15091,Wittenberg,6,0,6,125840,65
DE-ST,23-03-2020,RKI,5,4,1,1584921600000,15091,Wittenberg,11,1,10,125840,65
DE-ST,24-03-2020,RKI,6,6,0,1585008000000,15091,Wittenberg,17,1,16,125840,65
DE-ST,25-03-2020,RKI,7,7,0,1585094400000,15091,Wittenberg,24,1,23,125840,65
DE-ST,26-03-2020,RKI,11,11,0,1585180800000,15091,Wittenberg,35,1,34,125840,65
DE-ST,27-03-2020,RKI,15,14,1,1585267200000,15091,Wittenberg,50,2,48,125840,65
DE-ST,28-03-2020,RKI,3,3,0,1585353600000,15091,Wittenberg,53,2,51,125840,65
DE-ST,29-03-2020,RKI,6,6,0,1585440000000,15091,Wittenberg,59,2,57,125840,65
DE-ST,30-03-2020,RKI,7,6,1,1585526400000,15091,Wittenberg,66,3,63,125840,65
DE-ST,31-03-2020,RKI,7,7,0,1585612800000,15091,Wittenberg,73,3,70,125840,65
DE-ST,01-04-2020,RKI,3,3,0,1585699200000,15091,Wittenberg,76,3,73,125840,65
DE-ST,02-04-2020,RKI,4,4,0,1585785600000,15091,Wittenberg,80,3,77,125840,65
DE-ST,03-04-2020,RKI,2,2,0,1585872000000,15091,Wittenberg,82,3,79,125840,65
DE-ST,04-04-2020,RKI,5,5,0,1585958400000,15091,Wittenberg,87,3,84,125840,65
DE-ST,05-04-2020,RKI,5,5,0,1586044800000,15091,Wittenberg,92,3,89,125840,65
DE-ST,07-04-2020,RKI,7,7,0,1586217600000,15091,Wittenberg,99,3,96,125840,65
DE-ST,08-04-2020,RKI,4,4,0,1586304000000,15091,Wittenberg,103,3,100,125840,65
DE-ST,09-04-2020,RKI,3,3,0,1586390400000,15091,Wittenberg,106,3,103,125840,65
DE-ST,10-04-2020,RKI,1,1,0,1586476800000,15091,Wittenberg,107,3,104,125840,65
DE-ST,11-04-2020,RKI,4,4,0,1586563200000,15091,Wittenberg,111,3,108,125840,65
DE-ST,12-04-2020,RKI,1,1,0,1586649600000,15091,Wittenberg,112,3,109,125840,65
DE-ST,13-04-2020,RKI,1,1,0,1586736000000,15091,Wittenberg,113,3,110,125840,65
DE-ST,15-04-2020,RKI,2,2,0,1586908800000,15091,Wittenberg,115,3,112,125840,65
DE-ST,16-04-2020,RKI,0,0,0,1586995200000,15091,Wittenberg,115,3,112,125840,65
DE-ST,19-04-2020,RKI,1,1,0,1587254400000,15091,Wittenberg,116,3,113,125840,65
DE-ST,20-04-2020,RKI,0,0,0,1587340800000,15091,Wittenberg,116,3,113,125840,65
DE-ST,21-04-2020,RKI,0,0,0,1587427200000,15091,Wittenberg,116,3,113,125840,65
DE-ST,23-04-2020,RKI,1,1,0,1587600000000,15091,Wittenberg,117,3,114,125840,65
DE-ST,26-04-2020,RKI,0,0,0,1587859200000,15091,Wittenberg,117,3,114,125840,65
DE-ST,14-05-2020,RKI,0,0,0,1589414400000,15091,Wittenberg,117,3,114,125840,65
DE-SH,18-03-2020,RKI,1,1,0,1584489600000,01001,Flensburg,4,0,4,89504,1577
DE-SH,19-03-2020,RKI,3,3,0,1584576000000,01001,Flensburg,7,0,7,89504,1577
DE-SH,20-03-2020,RKI,1,1,0,1584662400000,01001,Flensburg,8,0,8,89504,1577
DE-SH,21-03-2020,RKI,0,0,0,1584748800000,01001,Flensburg,8,0,8,89504,1577
DE-SH,24-03-2020,RKI,0,0,0,1585008000000,01001,Flensburg,8,0,8,89504,1577
DE-SH,26-03-2020,RKI,3,3,0,1585180800000,01001,Flensburg,11,0,11,89504,1577
DE-SH,27-03-2020,RKI,0,0,0,1585267200000,01001,Flensburg,11,0,11,89504,1577
DE-SH,28-03-2020,RKI,1,1,0,1585353600000,01001,Flensburg,12,0,12,89504,1577
DE-SH,29-03-2020,RKI,0,0,0,1585440000000,01001,Flensburg,12,0,12,89504,1577
DE-SH,30-03-2020,RKI,0,0,0,1585526400000,01001,Flensburg,12,0,12,89504,1577
DE-SH,31-03-2020,RKI,1,0,1,1585612800000,01001,Flensburg,13,1,12,89504,1577
DE-SH,03-04-2020,RKI,1,1,0,1585872000000,01001,Flensburg,14,1,13,89504,1577
DE-SH,04-04-2020,RKI,0,0,0,1585958400000,01001,Flensburg,14,1,13,89504,1577
DE-SH,06-04-2020,RKI,0,0,0,1586131200000,01001,Flensburg,14,1,13,89504,1577
DE-SH,07-04-2020,RKI,0,0,0,1586217600000,01001,Flensburg,14,1,13,89504,1577
DE-SH,09-04-2020,RKI,0,0,0,1586390400000,01001,Flensburg,14,1,13,89504,1577
DE-SH,10-04-2020,RKI,0,0,0,1586476800000,01001,Flensburg,14,1,13,89504,1577
DE-SH,05-05-2020,RKI,0,0,0,1588636800000,01001,Flensburg,14,1,13,89504,1577
DE-SH,17-05-2020,RKI,0,0,0,1589673600000,01001,Flensburg,14,1,13,89504,1577
DE-SH,21-05-2020,RKI,3,3,0,1590019200000,01001,Flensburg,17,1,16,89504,1577
DE-SH,22-05-2020,RKI,0,0,0,1590105600000,01001,Flensburg,17,1,16,89504,1577
DE-SH,26-05-2020,RKI,0,0,0,1590451200000,01001,Flensburg,17,1,16,89504,1577
DE-SH,29-05-2020,RKI,0,0,0,1590710400000,01001,Flensburg,17,1,16,89504,1577
DE-SH,30-05-2020,RKI,0,0,0,1590796800000,01001,Flensburg,17,1,16,89504,1577
DE-SH,11-03-2020,RKI,3,3,0,1583884800000,01002,Kiel,5,0,5,247548,2086
DE-SH,12-03-2020,RKI,3,3,0,1583971200000,01002,Kiel,8,0,8,247548,2086
DE-SH,13-03-2020,RKI,0,0,0,1584057600000,01002,Kiel,8,0,8,247548,2086
DE-SH,14-03-2020,RKI,0,0,0,1584144000000,01002,Kiel,8,0,8,247548,2086
DE-SH,16-03-2020,RKI,4,4,0,1584316800000,01002,Kiel,12,0,12,247548,2086
DE-SH,17-03-2020,RKI,1,1,0,1584403200000,01002,Kiel,13,0,13,247548,2086
DE-SH,18-03-2020,RKI,4,4,0,1584489600000,01002,Kiel,17,0,17,247548,2086
DE-SH,19-03-2020,RKI,7,7,0,1584576000000,01002,Kiel,24,0,24,247548,2086
DE-SH,20-03-2020,RKI,2,2,0,1584662400000,01002,Kiel,26,0,26,247548,2086
DE-SH,21-03-2020,RKI,1,1,0,1584748800000,01002,Kiel,27,0,27,247548,2086
DE-SH,22-03-2020,RKI,1,0,1,1584835200000,01002,Kiel,28,1,27,247548,2086
DE-SH,23-03-2020,RKI,10,9,1,1584921600000,01002,Kiel,38,2,36,247548,2086
DE-SH,24-03-2020,RKI,10,9,1,1585008000000,01002,Kiel,48,3,45,247548,2086
DE-SH,25-03-2020,RKI,5,5,0,1585094400000,01002,Kiel,53,3,50,247548,2086
DE-SH,26-03-2020,RKI,5,5,0,1585180800000,01002,Kiel,58,3,55,247548,2086
DE-SH,27-03-2020,RKI,11,11,0,1585267200000,01002,Kiel,69,3,66,247548,2086
DE-SH,28-03-2020,RKI,10,10,0,1585353600000,01002,Kiel,79,3,76,247548,2086
DE-SH,29-03-2020,RKI,13,12,1,1585440000000,01002,Kiel,92,4,88,247548,2086
DE-SH,30-03-2020,RKI,8,7,1,1585526400000,01002,Kiel,100,5,95,247548,2086
DE-SH,31-03-2020,RKI,2,2,0,1585612800000,01002,Kiel,102,5,97,247548,2086
DE-SH,01-04-2020,RKI,11,10,1,1585699200000,01002,Kiel,113,6,107,247548,2086
DE-SH,02-04-2020,RKI,9,9,0,1585785600000,01002,Kiel,122,6,116,247548,2086
DE-SH,03-04-2020,RKI,9,9,0,1585872000000,01002,Kiel,131,6,125,247548,2086
DE-SH,04-04-2020,RKI,2,2,0,1585958400000,01002,Kiel,133,6,127,247548,2086
DE-SH,05-04-2020,RKI,3,3,0,1586044800000,01002,Kiel,136,6,130,247548,2086
DE-SH,06-04-2020,RKI,3,2,1,1586131200000,01002,Kiel,139,7,132,247548,2086
DE-SH,07-04-2020,RKI,2,2,0,1586217600000,01002,Kiel,141,7,134,247548,2086
DE-SH,08-04-2020,RKI,4,4,0,1586304000000,01002,Kiel,145,7,138,247548,2086
DE-SH,09-04-2020,RKI,10,9,1,1586390400000,01002,Kiel,155,8,147,247548,2086
DE-SH,10-04-2020,RKI,5,5,0,1586476800000,01002,Kiel,160,8,152,247548,2086
DE-SH,11-04-2020,RKI,1,1,0,1586563200000,01002,Kiel,161,8,153,247548,2086
DE-SH,13-04-2020,RKI,2,2,0,1586736000000,01002,Kiel,163,8,155,247548,2086
DE-SH,14-04-2020,RKI,0,0,0,1586822400000,01002,Kiel,163,8,155,247548,2086
DE-SH,15-04-2020,RKI,8,8,0,1586908800000,01002,Kiel,171,8,163,247548,2086
DE-SH,16-04-2020,RKI,8,8,0,1586995200000,01002,Kiel,179,8,171,247548,2086
DE-SH,17-04-2020,RKI,1,1,0,1587081600000,01002,Kiel,180,8,172,247548,2086
DE-SH,18-04-2020,RKI,2,2,0,1587168000000,01002,Kiel,182,8,174,247548,2086
DE-SH,20-04-2020,RKI,13,12,1,1587340800000,01002,Kiel,195,9,186,247548,2086
DE-SH,21-04-2020,RKI,4,4,0,1587427200000,01002,Kiel,199,9,190,247548,2086
DE-SH,22-04-2020,RKI,3,3,0,1587513600000,01002,Kiel,202,9,193,247548,2086
DE-SH,23-04-2020,RKI,0,0,0,1587600000000,01002,Kiel,202,9,193,247548,2086
DE-SH,24-04-2020,RKI,4,4,0,1587686400000,01002,Kiel,206,9,197,247548,2086
DE-SH,25-04-2020,RKI,1,1,0,1587772800000,01002,Kiel,207,9,198,247548,2086
DE-SH,26-04-2020,RKI,0,0,0,1587859200000,01002,Kiel,207,9,198,247548,2086
DE-SH,27-04-2020,RKI,2,2,0,1587945600000,01002,Kiel,209,9,200,247548,2086
DE-SH,28-04-2020,RKI,4,4,0,1588032000000,01002,Kiel,213,9,204,247548,2086
DE-SH,29-04-2020,RKI,2,2,0,1588118400000,01002,Kiel,215,9,206,247548,2086
DE-SH,30-04-2020,RKI,0,0,0,1588204800000,01002,Kiel,215,9,206,247548,2086
DE-SH,02-05-2020,RKI,0,0,0,1588377600000,01002,Kiel,215,9,206,247548,2086
DE-SH,04-05-2020,RKI,4,4,0,1588550400000,01002,Kiel,219,9,210,247548,2086
DE-SH,05-05-2020,RKI,0,0,0,1588636800000,01002,Kiel,219,9,210,247548,2086
DE-SH,06-05-2020,RKI,1,1,0,1588723200000,01002,Kiel,220,9,211,247548,2086
DE-SH,08-05-2020,RKI,1,1,0,1588896000000,01002,Kiel,221,9,212,247548,2086
DE-SH,09-05-2020,RKI,0,0,0,1588982400000,01002,Kiel,221,9,212,247548,2086
DE-SH,11-05-2020,RKI,0,0,0,1589155200000,01002,Kiel,221,9,212,247548,2086
DE-SH,30-05-2020,RKI,0,0,0,1590796800000,01002,Kiel,221,9,212,247548,2086
DE-SH,08-03-2020,RKI,0,0,0,1583625600000,01003,Lübeck,0,0,0,217198,1014
DE-SH,11-03-2020,RKI,4,4,0,1583884800000,01003,Lübeck,4,0,4,217198,1014
DE-SH,12-03-2020,RKI,0,0,0,1583971200000,01003,Lübeck,4,0,4,217198,1014
DE-SH,13-03-2020,RKI,0,0,0,1584057600000,01003,Lübeck,4,0,4,217198,1014
DE-SH,15-03-2020,RKI,0,0,0,1584230400000,01003,Lübeck,4,0,4,217198,1014
DE-SH,17-03-2020,RKI,1,1,0,1584403200000,01003,Lübeck,5,0,5,217198,1014
DE-SH,18-03-2020,RKI,3,2,1,1584489600000,01003,Lübeck,8,1,7,217198,1014
DE-SH,19-03-2020,RKI,3,3,0,1584576000000,01003,Lübeck,11,1,10,217198,1014
DE-SH,20-03-2020,RKI,17,17,0,1584662400000,01003,Lübeck,28,1,27,217198,1014
DE-SH,23-03-2020,RKI,22,22,0,1584921600000,01003,Lübeck,50,1,49,217198,1014
DE-SH,24-03-2020,RKI,1,1,0,1585008000000,01003,Lübeck,51,1,50,217198,1014
DE-SH,25-03-2020,RKI,7,7,0,1585094400000,01003,Lübeck,58,1,57,217198,1014
DE-SH,26-03-2020,RKI,0,0,0,1585180800000,01003,Lübeck,58,1,57,217198,1014
DE-SH,27-03-2020,RKI,2,2,0,1585267200000,01003,Lübeck,60,1,59,217198,1014
DE-SH,28-03-2020,RKI,7,7,0,1585353600000,01003,Lübeck,67,1,66,217198,1014
DE-SH,30-03-2020,RKI,4,4,0,1585526400000,01003,Lübeck,71,1,70,217198,1014
DE-SH,31-03-2020,RKI,3,3,0,1585612800000,01003,Lübeck,74,1,73,217198,1014
DE-SH,01-04-2020,RKI,3,3,0,1585699200000,01003,Lübeck,77,1,76,217198,1014
DE-SH,03-04-2020,RKI,2,2,0,1585872000000,01003,Lübeck,79,1,78,217198,1014
DE-SH,05-04-2020,RKI,8,8,0,1586044800000,01003,Lübeck,87,1,86,217198,1014
DE-SH,07-04-2020,RKI,5,5,0,1586217600000,01003,Lübeck,92,1,91,217198,1014
DE-SH,09-04-2020,RKI,12,12,0,1586390400000,01003,Lübeck,104,1,103,217198,1014
DE-SH,10-04-2020,RKI,0,0,0,1586476800000,01003,Lübeck,104,1,103,217198,1014
DE-SH,11-04-2020,RKI,5,5,0,1586563200000,01003,Lübeck,109,1,108,217198,1014
DE-SH,12-04-2020,RKI,0,0,0,1586649600000,01003,Lübeck,109,1,108,217198,1014
DE-SH,13-04-2020,RKI,9,9,0,1586736000000,01003,Lübeck,118,1,117,217198,1014
DE-SH,14-04-2020,RKI,2,2,0,1586822400000,01003,Lübeck,120,1,119,217198,1014
DE-SH,15-04-2020,RKI,0,0,0,1586908800000,01003,Lübeck,120,1,119,217198,1014
DE-SH,16-04-2020,RKI,0,0,0,1586995200000,01003,Lübeck,120,1,119,217198,1014
DE-SH,17-04-2020,RKI,1,1,0,1587081600000,01003,Lübeck,121,1,120,217198,1014
DE-SH,18-04-2020,RKI,0,0,0,1587168000000,01003,Lübeck,121,1,120,217198,1014
DE-SH,21-04-2020,RKI,0,0,0,1587427200000,01003,Lübeck,121,1,120,217198,1014
DE-SH,24-04-2020,RKI,2,2,0,1587686400000,01003,Lübeck,123,1,122,217198,1014
DE-SH,27-04-2020,RKI,0,0,0,1587945600000,01003,Lübeck,123,1,122,217198,1014
DE-SH,28-04-2020,RKI,0,0,0,1588032000000,01003,Lübeck,123,1,122,217198,1014
DE-SH,29-04-2020,RKI,2,2,0,1588118400000,01003,Lübeck,125,1,124,217198,1014
DE-SH,30-04-2020,RKI,0,0,0,1588204800000,01003,Lübeck,125,1,124,217198,1014
DE-SH,04-05-2020,RKI,0,0,0,1588550400000,01003,Lübeck,125,1,124,217198,1014
DE-SH,19-05-2020,RKI,0,0,0,1589846400000,01003,Lübeck,125,1,124,217198,1014
DE-SH,29-05-2020,RKI,0,0,0,1590710400000,01003,Lübeck,125,1,124,217198,1014
DE-SH,18-03-2020,RKI,3,3,0,1584489600000,01004,Neumünster,3,0,3,79487,1110
DE-SH,20-03-2020,RKI,1,1,0,1584662400000,01004,Neumünster,4,0,4,79487,1110
DE-SH,23-03-2020,RKI,2,2,0,1584921600000,01004,Neumünster,6,0,6,79487,1110
DE-SH,24-03-2020,RKI,1,1,0,1585008000000,01004,Neumünster,7,0,7,79487,1110
DE-SH,25-03-2020,RKI,0,0,0,1585094400000,01004,Neumünster,7,0,7,79487,1110
DE-SH,27-03-2020,RKI,1,1,0,1585267200000,01004,Neumünster,8,0,8,79487,1110
DE-SH,30-03-2020,RKI,4,4,0,1585526400000,01004,Neumünster,12,0,12,79487,1110
DE-SH,31-03-2020,RKI,4,4,0,1585612800000,01004,Neumünster,16,0,16,79487,1110
DE-SH,02-04-2020,RKI,3,2,1,1585785600000,01004,Neumünster,19,1,18,79487,1110
DE-SH,03-04-2020,RKI,0,0,0,1585872000000,01004,Neumünster,19,1,18,79487,1110
DE-SH,05-04-2020,RKI,1,1,0,1586044800000,01004,Neumünster,20,1,19,79487,1110
DE-SH,06-04-2020,RKI,1,1,0,1586131200000,01004,Neumünster,21,1,20,79487,1110
DE-SH,08-04-2020,RKI,1,1,0,1586304000000,01004,Neumünster,22,1,21,79487,1110
DE-SH,09-04-2020,RKI,4,4,0,1586390400000,01004,Neumünster,26,1,25,79487,1110
DE-SH,10-04-2020,RKI,0,0,0,1586476800000,01004,Neumünster,26,1,25,79487,1110
DE-SH,15-04-2020,RKI,0,0,0,1586908800000,01004,Neumünster,26,1,25,79487,1110
DE-SH,16-04-2020,RKI,2,2,0,1586995200000,01004,Neumünster,28,1,27,79487,1110
DE-SH,17-04-2020,RKI,2,2,0,1587081600000,01004,Neumünster,30,1,29,79487,1110
DE-SH,18-04-2020,RKI,0,0,0,1587168000000,01004,Neumünster,30,1,29,79487,1110
DE-SH,21-04-2020,RKI,9,9,0,1587427200000,01004,Neumünster,39,1,38,79487,1110
DE-SH,23-04-2020,RKI,1,1,0,1587600000000,01004,Neumünster,40,1,39,79487,1110
DE-SH,27-04-2020,RKI,0,0,0,1587945600000,01004,Neumünster,40,1,39,79487,1110
DE-SH,28-04-2020,RKI,0,0,0,1588032000000,01004,Neumünster,40,1,39,79487,1110
DE-SH,29-04-2020,RKI,0,0,0,1588118400000,01004,Neumünster,40,1,39,79487,1110
DE-SH,02-05-2020,RKI,0,0,0,1588377600000,01004,Neumünster,40,1,39,79487,1110
DE-SH,04-05-2020,RKI,0,0,0,1588550400000,01004,Neumünster,40,1,39,79487,1110
DE-SH,05-05-2020,RKI,1,1,0,1588636800000,01004,Neumünster,41,1,40,79487,1110
DE-SH,07-05-2020,RKI,1,1,0,1588809600000,01004,Neumünster,42,1,41,79487,1110
DE-SH,08-05-2020,RKI,2,2,0,1588896000000,01004,Neumünster,44,1,43,79487,1110
DE-SH,09-05-2020,RKI,0,0,0,1588982400000,01004,Neumünster,44,1,43,79487,1110
DE-SH,10-05-2020,RKI,1,1,0,1589068800000,01004,Neumünster,45,1,44,79487,1110
DE-SH,12-05-2020,RKI,0,0,0,1589241600000,01004,Neumünster,45,1,44,79487,1110
DE-SH,15-05-2020,RKI,0,0,0,1589500800000,01004,Neumünster,45,1,44,79487,1110
DE-SH,15-03-2020,RKI,4,4,0,1584230400000,01051,Dithmarschen,4,0,4,133210,93
DE-SH,18-03-2020,RKI,4,4,0,1584489600000,01051,Dithmarschen,8,0,8,133210,93
DE-SH,19-03-2020,RKI,0,0,0,1584576000000,01051,Dithmarschen,8,0,8,133210,93
DE-SH,20-03-2020,RKI,2,2,0,1584662400000,01051,Dithmarschen,10,0,10,133210,93
DE-SH,23-03-2020,RKI,0,0,0,1584921600000,01051,Dithmarschen,10,0,10,133210,93
DE-SH,24-03-2020,RKI,0,0,0,1585008000000,01051,Dithmarschen,10,0,10,133210,93
DE-SH,25-03-2020,RKI,1,1,0,1585094400000,01051,Dithmarschen,11,0,11,133210,93
DE-SH,26-03-2020,RKI,1,1,0,1585180800000,01051,Dithmarschen,12,0,12,133210,93
DE-SH,27-03-2020,RKI,2,2,0,1585267200000,01051,Dithmarschen,14,0,14,133210,93
DE-SH,30-03-2020,RKI,2,2,0,1585526400000,01051,Dithmarschen,16,0,16,133210,93
DE-SH,31-03-2020,RKI,0,0,0,1585612800000,01051,Dithmarschen,16,0,16,133210,93
DE-SH,01-04-2020,RKI,1,0,1,1585699200000,01051,Dithmarschen,17,1,16,133210,93
DE-SH,02-04-2020,RKI,3,3,0,1585785600000,01051,Dithmarschen,20,1,19,133210,93
DE-SH,03-04-2020,RKI,3,3,0,1585872000000,01051,Dithmarschen,23,1,22,133210,93
DE-SH,04-04-2020,RKI,1,1,0,1585958400000,01051,Dithmarschen,24,1,23,133210,93
DE-SH,05-04-2020,RKI,0,0,0,1586044800000,01051,Dithmarschen,24,1,23,133210,93
DE-SH,07-04-2020,RKI,1,1,0,1586217600000,01051,Dithmarschen,25,1,24,133210,93
DE-SH,08-04-2020,RKI,5,5,0,1586304000000,01051,Dithmarschen,30,1,29,133210,93
DE-SH,09-04-2020,RKI,1,0,1,1586390400000,01051,Dithmarschen,31,2,29,133210,93
DE-SH,11-04-2020,RKI,0,0,0,1586563200000,01051,Dithmarschen,31,2,29,133210,93
DE-SH,12-04-2020,RKI,0,0,0,1586649600000,01051,Dithmarschen,31,2,29,133210,93
DE-SH,14-04-2020,RKI,0,0,0,1586822400000,01051,Dithmarschen,31,2,29,133210,93
DE-SH,04-05-2020,RKI,0,0,0,1588550400000,01051,Dithmarschen,31,2,29,133210,93
DE-SH,05-05-2020,RKI,2,2,0,1588636800000,01051,Dithmarschen,33,2,31,133210,93
DE-SH,05-06-2020,RKI,0,0,0,1591315200000,01051,Dithmarschen,33,2,31,133210,93
DE-SH,10-03-2020,RKI,1,1,0,1583798400000,01053,Herzogtum Lauenburg,1,0,1,197264,156
DE-SH,11-03-2020,RKI,1,1,0,1583884800000,01053,Herzogtum Lauenburg,2,0,2,197264,156
DE-SH,12-03-2020,RKI,0,0,0,1583971200000,01053,Herzogtum Lauenburg,2,0,2,197264,156
DE-SH,13-03-2020,RKI,1,1,0,1584057600000,01053,Herzogtum Lauenburg,3,0,3,197264,156
DE-SH,16-03-2020,RKI,2,2,0,1584316800000,01053,Herzogtum Lauenburg,5,0,5,197264,156
DE-SH,17-03-2020,RKI,3,3,0,1584403200000,01053,Herzogtum Lauenburg,8,0,8,197264,156
DE-SH,18-03-2020,RKI,3,2,1,1584489600000,01053,Herzogtum Lauenburg,11,1,10,197264,156
DE-SH,19-03-2020,RKI,2,2,0,1584576000000,01053,Herzogtum Lauenburg,13,1,12,197264,156
DE-SH,21-03-2020,RKI,11,11,0,1584748800000,01053,Herzogtum Lauenburg,24,1,23,197264,156
DE-SH,22-03-2020,RKI,3,3,0,1584835200000,01053,Herzogtum Lauenburg,27,1,26,197264,156
DE-SH,23-03-2020,RKI,6,6,0,1584921600000,01053,Herzogtum Lauenburg,33,1,32,197264,156
DE-SH,24-03-2020,RKI,4,4,0,1585008000000,01053,Herzogtum Lauenburg,37,1,36,197264,156
DE-SH,25-03-2020,RKI,6,6,0,1585094400000,01053,Herzogtum Lauenburg,43,1,42,197264,156
DE-SH,26-03-2020,RKI,10,10,0,1585180800000,01053,Herzogtum Lauenburg,53,1,52,197264,156
DE-SH,27-03-2020,RKI,9,9,0,1585267200000,01053,Herzogtum Lauenburg,62,1,61,197264,156
DE-SH,30-03-2020,RKI,10,9,1,1585526400000,01053,Herzogtum Lauenburg,72,2,70,197264,156
DE-SH,31-03-2020,RKI,19,18,1,1585612800000,01053,Herzogtum Lauenburg,91,3,88,197264,156
DE-SH,01-04-2020,RKI,2,2,0,1585699200000,01053,Herzogtum Lauenburg,93,3,90,197264,156
DE-SH,02-04-2020,RKI,20,19,1,1585785600000,01053,Herzogtum Lauenburg,113,4,109,197264,156
DE-SH,03-04-2020,RKI,10,10,0,1585872000000,01053,Herzogtum Lauenburg,123,4,119,197264,156
DE-SH,04-04-2020,RKI,7,7,0,1585958400000,01053,Herzogtum Lauenburg,130,4,126,197264,156
DE-SH,06-04-2020,RKI,6,6,0,1586131200000,01053,Herzogtum Lauenburg,136,4,132,197264,156
DE-SH,07-04-2020,RKI,9,9,0,1586217600000,01053,Herzogtum Lauenburg,145,4,141,197264,156
DE-SH,08-04-2020,RKI,3,3,0,1586304000000,01053,Herzogtum Lauenburg,148,4,144,197264,156
DE-SH,09-04-2020,RKI,6,6,0,1586390400000,01053,Herzogtum Lauenburg,154,4,150,197264,156
DE-SH,11-04-2020,RKI,13,11,2,1586563200000,01053,Herzogtum Lauenburg,167,6,161,197264,156
DE-SH,13-04-2020,RKI,5,5,0,1586736000000,01053,Herzogtum Lauenburg,172,6,166,197264,156
DE-SH,14-04-2020,RKI,0,0,0,1586822400000,01053,Herzogtum Lauenburg,172,6,166,197264,156
DE-SH,15-04-2020,RKI,7,7,0,1586908800000,01053,Herzogtum Lauenburg,179,6,173,197264,156
DE-SH,16-04-2020,RKI,9,9,0,1586995200000,01053,Herzogtum Lauenburg,188,6,182,197264,156
DE-SH,17-04-2020,RKI,2,1,1,1587081600000,01053,Herzogtum Lauenburg,190,7,183,197264,156
DE-SH,18-04-2020,RKI,2,2,0,1587168000000,01053,Herzogtum Lauenburg,192,7,185,197264,156
DE-SH,20-04-2020,RKI,4,1,3,1587340800000,01053,Herzogtum Lauenburg,196,10,186,197264,156
DE-SH,21-04-2020,RKI,0,0,0,1587427200000,01053,Herzogtum Lauenburg,196,10,186,197264,156
DE-SH,22-04-2020,RKI,10,7,3,1587513600000,01053,Herzogtum Lauenburg,206,13,193,197264,156
DE-SH,23-04-2020,RKI,4,4,0,1587600000000,01053,Herzogtum Lauenburg,210,13,197,197264,156
DE-SH,24-04-2020,RKI,0,0,0,1587686400000,01053,Herzogtum Lauenburg,210,13,197,197264,156
DE-SH,25-04-2020,RKI,2,2,0,1587772800000,01053,Herzogtum Lauenburg,212,13,199,197264,156
DE-SH,27-04-2020,RKI,1,1,0,1587945600000,01053,Herzogtum Lauenburg,213,13,200,197264,156
DE-SH,28-04-2020,RKI,0,0,0,1588032000000,01053,Herzogtum Lauenburg,213,13,200,197264,156
DE-SH,30-04-2020,RKI,0,0,0,1588204800000,01053,Herzogtum Lauenburg,213,13,200,197264,156
DE-SH,06-05-2020,RKI,0,0,0,1588723200000,01053,Herzogtum Lauenburg,213,13,200,197264,156
DE-SH,07-05-2020,RKI,0,0,0,1588809600000,01053,Herzogtum Lauenburg,213,13,200,197264,156
DE-SH,11-05-2020,RKI,0,0,0,1589155200000,01053,Herzogtum Lauenburg,213,13,200,197264,156
DE-SH,13-05-2020,RKI,0,0,0,1589328000000,01053,Herzogtum Lauenburg,213,13,200,197264,156
DE-SH,02-06-2020,RKI,0,0,0,1591056000000,01053,Herzogtum Lauenburg,213,13,200,197264,156
DE-SH,17-03-2020,RKI,7,7,0,1584403200000,01054,Nordfriesland,7,0,7,165507,79
DE-SH,18-03-2020,RKI,0,0,0,1584489600000,01054,Nordfriesland,7,0,7,165507,79
DE-SH,19-03-2020,RKI,1,1,0,1584576000000,01054,Nordfriesland,8,0,8,165507,79
DE-SH,20-03-2020,RKI,2,1,1,1584662400000,01054,Nordfriesland,10,1,9,165507,79
DE-SH,21-03-2020,RKI,1,1,0,1584748800000,01054,Nordfriesland,11,1,10,165507,79
DE-SH,22-03-2020,RKI,0,0,0,1584835200000,01054,Nordfriesland,11,1,10,165507,79
DE-SH,23-03-2020,RKI,1,1,0,1584921600000,01054,Nordfriesland,12,1,11,165507,79
DE-SH,24-03-2020,RKI,1,1,0,1585008000000,01054,Nordfriesland,13,1,12,165507,79
DE-SH,25-03-2020,RKI,1,1,0,1585094400000,01054,Nordfriesland,14,1,13,165507,79
DE-SH,26-03-2020,RKI,2,2,0,1585180800000,01054,Nordfriesland,16,1,15,165507,79
DE-SH,27-03-2020,RKI,4,4,0,1585267200000,01054,Nordfriesland,20,1,19,165507,79
DE-SH,28-03-2020,RKI,3,3,0,1585353600000,01054,Nordfriesland,23,1,22,165507,79
DE-SH,29-03-2020,RKI,2,2,0,1585440000000,01054,Nordfriesland,25,1,24,165507,79
DE-SH,30-03-2020,RKI,0,0,0,1585526400000,01054,Nordfriesland,25,1,24,165507,79
DE-SH,31-03-2020,RKI,0,0,0,1585612800000,01054,Nordfriesland,25,1,24,165507,79
DE-SH,01-04-2020,RKI,1,1,0,1585699200000,01054,Nordfriesland,26,1,25,165507,79
DE-SH,02-04-2020,RKI,2,2,0,1585785600000,01054,Nordfriesland,28,1,27,165507,79
DE-SH,04-04-2020,RKI,0,0,0,1585958400000,01054,Nordfriesland,28,1,27,165507,79
DE-SH,06-04-2020,RKI,2,2,0,1586131200000,01054,Nordfriesland,30,1,29,165507,79
DE-SH,08-04-2020,RKI,5,5,0,1586304000000,01054,Nordfriesland,35,1,34,165507,79
DE-SH,09-04-2020,RKI,5,5,0,1586390400000,01054,Nordfriesland,40,1,39,165507,79
DE-SH,10-04-2020,RKI,1,1,0,1586476800000,01054,Nordfriesland,41,1,40,165507,79
DE-SH,12-04-2020,RKI,0,0,0,1586649600000,01054,Nordfriesland,41,1,40,165507,79
DE-SH,13-04-2020,RKI,1,1,0,1586736000000,01054,Nordfriesland,42,1,41,165507,79
DE-SH,15-04-2020,RKI,0,0,0,1586908800000,01054,Nordfriesland,42,1,41,165507,79
DE-SH,17-04-2020,RKI,1,1,0,1587081600000,01054,Nordfriesland,43,1,42,165507,79
DE-SH,21-04-2020,RKI,0,0,0,1587427200000,01054,Nordfriesland,43,1,42,165507,79
DE-SH,23-04-2020,RKI,3,3,0,1587600000000,01054,Nordfriesland,46,1,45,165507,79
DE-SH,24-04-2020,RKI,0,0,0,1587686400000,01054,Nordfriesland,46,1,45,165507,79
DE-SH,25-04-2020,RKI,0,0,0,1587772800000,01054,Nordfriesland,46,1,45,165507,79
DE-SH,30-04-2020,RKI,0,0,0,1588204800000,01054,Nordfriesland,46,1,45,165507,79
DE-SH,01-05-2020,RKI,1,1,0,1588291200000,01054,Nordfriesland,47,1,46,165507,79
DE-SH,05-05-2020,RKI,0,0,0,1588636800000,01054,Nordfriesland,47,1,46,165507,79
DE-SH,13-05-2020,RKI,1,1,0,1589328000000,01054,Nordfriesland,48,1,47,165507,79
DE-SH,21-05-2020,RKI,0,0,0,1590019200000,01054,Nordfriesland,48,1,47,165507,79
DE-SH,31-05-2020,RKI,2,1,0,1590883200000,01054,Nordfriesland,50,1,48,165507,79
DE-SH,01-06-2020,RKI,0,0,0,1590969600000,01054,Nordfriesland,50,1,48,165507,79
DE-SH,15-03-2020,RKI,1,1,0,1584230400000,01055,Ostholstein,1,0,1,200581,144
DE-SH,16-03-2020,RKI,0,0,0,1584316800000,01055,Ostholstein,1,0,1,200581,144
DE-SH,18-03-2020,RKI,1,1,0,1584489600000,01055,Ostholstein,2,0,2,200581,144
DE-SH,19-03-2020,RKI,4,4,0,1584576000000,01055,Ostholstein,6,0,6,200581,144
DE-SH,21-03-2020,RKI,0,0,0,1584748800000,01055,Ostholstein,6,0,6,200581,144
DE-SH,23-03-2020,RKI,2,2,0,1584921600000,01055,Ostholstein,8,0,8,200581,144
DE-SH,24-03-2020,RKI,2,2,0,1585008000000,01055,Ostholstein,10,0,10,200581,144
DE-SH,25-03-2020,RKI,3,3,0,1585094400000,01055,Ostholstein,13,0,13,200581,144
DE-SH,26-03-2020,RKI,0,0,0,1585180800000,01055,Ostholstein,13,0,13,200581,144
DE-SH,28-03-2020,RKI,0,0,0,1585353600000,01055,Ostholstein,13,0,13,200581,144
DE-SH,29-03-2020,RKI,2,2,0,1585440000000,01055,Ostholstein,15,0,15,200581,144
DE-SH,30-03-2020,RKI,4,4,0,1585526400000,01055,Ostholstein,19,0,19,200581,144
DE-SH,31-03-2020,RKI,5,5,0,1585612800000,01055,Ostholstein,24,0,24,200581,144
DE-SH,01-04-2020,RKI,3,3,0,1585699200000,01055,Ostholstein,27,0,27,200581,144
DE-SH,02-04-2020,RKI,3,3,0,1585785600000,01055,Ostholstein,30,0,30,200581,144
DE-SH,03-04-2020,RKI,3,3,0,1585872000000,01055,Ostholstein,33,0,33,200581,144
DE-SH,05-04-2020,RKI,0,0,0,1586044800000,01055,Ostholstein,33,0,33,200581,144
DE-SH,08-04-2020,RKI,1,1,0,1586304000000,01055,Ostholstein,34,0,34,200581,144
DE-SH,09-04-2020,RKI,0,0,0,1586390400000,01055,Ostholstein,34,0,34,200581,144
DE-SH,10-04-2020,RKI,1,1,0,1586476800000,01055,Ostholstein,35,0,35,200581,144
DE-SH,11-04-2020,RKI,0,0,0,1586563200000,01055,Ostholstein,35,0,35,200581,144
DE-SH,16-04-2020,RKI,0,0,0,1586995200000,01055,Ostholstein,35,0,35,200581,144
DE-SH,22-04-2020,RKI,0,0,0,1587513600000,01055,Ostholstein,35,0,35,200581,144
DE-SH,23-04-2020,RKI,0,0,0,1587600000000,01055,Ostholstein,35,0,35,200581,144
DE-SH,24-04-2020,RKI,2,2,0,1587686400000,01055,Ostholstein,37,0,37,200581,144
DE-SH,25-04-2020,RKI,0,0,0,1587772800000,01055,Ostholstein,37,0,37,200581,144
DE-SH,28-04-2020,RKI,0,0,0,1588032000000,01055,Ostholstein,37,0,37,200581,144
DE-SH,29-04-2020,RKI,0,0,0,1588118400000,01055,Ostholstein,37,0,37,200581,144
DE-SH,30-04-2020,RKI,0,0,0,1588204800000,01055,Ostholstein,37,0,37,200581,144
DE-SH,21-05-2020,RKI,0,0,0,1590019200000,01055,Ostholstein,37,0,37,200581,144
DE-SH,06-03-2020,RKI,0,0,0,1583452800000,01056,Pinneberg,0,0,0,314391,473
DE-SH,09-03-2020,RKI,0,0,0,1583712000000,01056,Pinneberg,0,0,0,314391,473
DE-SH,10-03-2020,RKI,0,0,0,1583798400000,01056,Pinneberg,0,0,0,314391,473
DE-SH,11-03-2020,RKI,4,4,0,1583884800000,01056,Pinneberg,4,0,4,314391,473
DE-SH,12-03-2020,RKI,1,1,0,1583971200000,01056,Pinneberg,5,0,5,314391,473
DE-SH,13-03-2020,RKI,8,8,0,1584057600000,01056,Pinneberg,13,0,13,314391,473
DE-SH,14-03-2020,RKI,6,6,0,1584144000000,01056,Pinneberg,19,0,19,314391,473
DE-SH,15-03-2020,RKI,2,2,0,1584230400000,01056,Pinneberg,21,0,21,314391,473
DE-SH,16-03-2020,RKI,5,5,0,1584316800000,01056,Pinneberg,26,0,26,314391,473
DE-SH,17-03-2020,RKI,14,14,0,1584403200000,01056,Pinneberg,40,0,40,314391,473
DE-SH,18-03-2020,RKI,6,6,0,1584489600000,01056,Pinneberg,46,0,46,314391,473
DE-SH,19-03-2020,RKI,6,6,0,1584576000000,01056,Pinneberg,52,0,52,314391,473
DE-SH,20-03-2020,RKI,13,13,0,1584662400000,01056,Pinneberg,65,0,65,314391,473
DE-SH,21-03-2020,RKI,7,6,1,1584748800000,01056,Pinneberg,72,1,71,314391,473
DE-SH,22-03-2020,RKI,9,9,0,1584835200000,01056,Pinneberg,81,1,80,314391,473
DE-SH,23-03-2020,RKI,9,9,0,1584921600000,01056,Pinneberg,90,1,89,314391,473
DE-SH,24-03-2020,RKI,24,24,0,1585008000000,01056,Pinneberg,114,1,113,314391,473
DE-SH,25-03-2020,RKI,16,14,2,1585094400000,01056,Pinneberg,130,3,127,314391,473
DE-SH,26-03-2020,RKI,13,12,1,1585180800000,01056,Pinneberg,143,4,139,314391,473
DE-SH,27-03-2020,RKI,25,24,1,1585267200000,01056,Pinneberg,168,5,163,314391,473
DE-SH,28-03-2020,RKI,13,13,0,1585353600000,01056,Pinneberg,181,5,176,314391,473
DE-SH,29-03-2020,RKI,7,6,1,1585440000000,01056,Pinneberg,188,6,182,314391,473
DE-SH,30-03-2020,RKI,9,8,1,1585526400000,01056,Pinneberg,197,7,190,314391,473
DE-SH,31-03-2020,RKI,14,14,0,1585612800000,01056,Pinneberg,211,7,204,314391,473
DE-SH,01-04-2020,RKI,25,24,1,1585699200000,01056,Pinneberg,236,8,228,314391,473
DE-SH,02-04-2020,RKI,17,15,2,1585785600000,01056,Pinneberg,253,10,243,314391,473
DE-SH,03-04-2020,RKI,40,33,7,1585872000000,01056,Pinneberg,293,17,276,314391,473
DE-SH,04-04-2020,RKI,20,18,2,1585958400000,01056,Pinneberg,313,19,294,314391,473
DE-SH,05-04-2020,RKI,11,11,0,1586044800000,01056,Pinneberg,324,19,305,314391,473
DE-SH,06-04-2020,RKI,14,13,1,1586131200000,01056,Pinneberg,338,20,318,314391,473
DE-SH,07-04-2020,RKI,45,37,7,1586217600000,01056,Pinneberg,383,27,355,314391,473
DE-SH,08-04-2020,RKI,25,23,2,1586304000000,01056,Pinneberg,408,29,378,314391,473
DE-SH,09-04-2020,RKI,14,14,0,1586390400000,01056,Pinneberg,422,29,392,314391,473
DE-SH,10-04-2020,RKI,7,7,0,1586476800000,01056,Pinneberg,429,29,399,314391,473
DE-SH,11-04-2020,RKI,1,1,0,1586563200000,01056,Pinneberg,430,29,400,314391,473
DE-SH,12-04-2020,RKI,4,4,0,1586649600000,01056,Pinneberg,434,29,404,314391,473
DE-SH,13-04-2020,RKI,0,0,0,1586736000000,01056,Pinneberg,434,29,404,314391,473
DE-SH,14-04-2020,RKI,4,4,0,1586822400000,01056,Pinneberg,438,29,408,314391,473
DE-SH,15-04-2020,RKI,3,1,2,1586908800000,01056,Pinneberg,441,31,409,314391,473
DE-SH,16-04-2020,RKI,1,1,0,1586995200000,01056,Pinneberg,442,31,410,314391,473
DE-SH,17-04-2020,RKI,6,6,0,1587081600000,01056,Pinneberg,448,31,416,314391,473
DE-SH,18-04-2020,RKI,2,2,0,1587168000000,01056,Pinneberg,450,31,418,314391,473
DE-SH,21-04-2020,RKI,5,4,1,1587427200000,01056,Pinneberg,455,32,422,314391,473
DE-SH,22-04-2020,RKI,5,3,2,1587513600000,01056,Pinneberg,460,34,425,314391,473
DE-SH,23-04-2020,RKI,12,10,2,1587600000000,01056,Pinneberg,472,36,435,314391,473
DE-SH,24-04-2020,RKI,6,5,1,1587686400000,01056,Pinneberg,478,37,440,314391,473
DE-SH,25-04-2020,RKI,3,1,2,1587772800000,01056,Pinneberg,481,39,441,314391,473
DE-SH,26-04-2020,RKI,0,0,0,1587859200000,01056,Pinneberg,481,39,441,314391,473
DE-SH,27-04-2020,RKI,0,0,0,1587945600000,01056,Pinneberg,481,39,441,314391,473
DE-SH,28-04-2020,RKI,3,3,0,1588032000000,01056,Pinneberg,484,39,444,314391,473
DE-SH,29-04-2020,RKI,2,2,0,1588118400000,01056,Pinneberg,486,39,446,314391,473
DE-SH,30-04-2020,RKI,6,6,0,1588204800000,01056,Pinneberg,492,39,452,314391,473
DE-SH,01-05-2020,RKI,6,5,1,1588291200000,01056,Pinneberg,498,40,457,314391,473
DE-SH,02-05-2020,RKI,6,4,2,1588377600000,01056,Pinneberg,504,42,461,314391,473
DE-SH,04-05-2020,RKI,2,2,0,1588550400000,01056,Pinneberg,506,42,463,314391,473
DE-SH,05-05-2020,RKI,2,2,0,1588636800000,01056,Pinneberg,508,42,465,314391,473
DE-SH,07-05-2020,RKI,8,7,1,1588809600000,01056,Pinneberg,516,43,472,314391,473
DE-SH,08-05-2020,RKI,7,7,0,1588896000000,01056,Pinneberg,523,43,479,314391,473
DE-SH,09-05-2020,RKI,2,2,0,1588982400000,01056,Pinneberg,525,43,481,314391,473
DE-SH,10-05-2020,RKI,2,1,1,1589068800000,01056,Pinneberg,527,44,482,314391,473
DE-SH,12-05-2020,RKI,3,3,0,1589241600000,01056,Pinneberg,530,44,485,314391,473
DE-SH,13-05-2020,RKI,0,0,0,1589328000000,01056,Pinneberg,530,44,485,314391,473
DE-SH,14-05-2020,RKI,0,0,0,1589414400000,01056,Pinneberg,530,44,485,314391,473
DE-SH,15-05-2020,RKI,2,2,0,1589500800000,01056,Pinneberg,532,44,487,314391,473
DE-SH,16-05-2020,RKI,1,1,0,1589587200000,01056,Pinneberg,533,44,488,314391,473
DE-SH,19-05-2020,RKI,0,0,0,1589846400000,01056,Pinneberg,533,44,488,314391,473
DE-SH,14-03-2020,RKI,2,2,0,1584144000000,01057,Plön,3,0,3,128647,119
DE-SH,16-03-2020,RKI,1,1,0,1584316800000,01057,Plön,4,0,4,128647,119
DE-SH,17-03-2020,RKI,0,0,0,1584403200000,01057,Plön,4,0,4,128647,119
DE-SH,18-03-2020,RKI,1,1,0,1584489600000,01057,Plön,5,0,5,128647,119
DE-SH,19-03-2020,RKI,0,0,0,1584576000000,01057,Plön,5,0,5,128647,119
DE-SH,20-03-2020,RKI,0,0,0,1584662400000,01057,Plön,5,0,5,128647,119
DE-SH,21-03-2020,RKI,2,2,0,1584748800000,01057,Plön,7,0,7,128647,119
DE-SH,22-03-2020,RKI,3,3,0,1584835200000,01057,Plön,10,0,10,128647,119
DE-SH,23-03-2020,RKI,4,3,1,1584921600000,01057,Plön,14,1,13,128647,119
DE-SH,24-03-2020,RKI,6,6,0,1585008000000,01057,Plön,20,1,19,128647,119
DE-SH,25-03-2020,RKI,6,6,0,1585094400000,01057,Plön,26,1,25,128647,119
DE-SH,26-03-2020,RKI,6,5,1,1585180800000,01057,Plön,32,2,30,128647,119
DE-SH,27-03-2020,RKI,3,3,0,1585267200000,01057,Plön,35,2,33,128647,119
DE-SH,28-03-2020,RKI,3,2,1,1585353600000,01057,Plön,38,3,35,128647,119
DE-SH,30-03-2020,RKI,2,2,0,1585526400000,01057,Plön,40,3,37,128647,119
DE-SH,31-03-2020,RKI,1,1,0,1585612800000,01057,Plön,41,3,38,128647,119
DE-SH,01-04-2020,RKI,5,5,0,1585699200000,01057,Plön,46,3,43,128647,119
DE-SH,02-04-2020,RKI,4,4,0,1585785600000,01057,Plön,50,3,47,128647,119
DE-SH,03-04-2020,RKI,2,2,0,1585872000000,01057,Plön,52,3,49,128647,119
DE-SH,04-04-2020,RKI,0,0,0,1585958400000,01057,Plön,52,3,49,128647,119
DE-SH,05-04-2020,RKI,1,1,0,1586044800000,01057,Plön,53,3,50,128647,119
DE-SH,06-04-2020,RKI,4,2,2,1586131200000,01057,Plön,57,5,52,128647,119
DE-SH,07-04-2020,RKI,2,2,0,1586217600000,01057,Plön,59,5,54,128647,119
DE-SH,08-04-2020,RKI,5,4,1,1586304000000,01057,Plön,64,6,58,128647,119
DE-SH,09-04-2020,RKI,3,2,1,1586390400000,01057,Plön,67,7,60,128647,119
DE-SH,10-04-2020,RKI,0,0,0,1586476800000,01057,Plön,67,7,60,128647,119
DE-SH,11-04-2020,RKI,4,4,0,1586563200000,01057,Plön,71,7,64,128647,119
DE-SH,12-04-2020,RKI,0,0,0,1586649600000,01057,Plön,71,7,64,128647,119
DE-SH,16-04-2020,RKI,2,2,0,1586995200000,01057,Plön,73,7,66,128647,119
DE-SH,21-04-2020,RKI,2,2,0,1587427200000,01057,Plön,75,7,68,128647,119
DE-SH,22-04-2020,RKI,2,2,0,1587513600000,01057,Plön,77,7,70,128647,119
DE-SH,23-04-2020,RKI,1,1,0,1587600000000,01057,Plön,78,7,71,128647,119
DE-SH,24-04-2020,RKI,2,2,0,1587686400000,01057,Plön,80,7,73,128647,119
DE-SH,27-04-2020,RKI,0,0,0,1587945600000,01057,Plön,80,7,73,128647,119
DE-SH,28-04-2020,RKI,0,0,0,1588032000000,01057,Plön,80,7,73,128647,119
DE-SH,29-04-2020,RKI,0,0,0,1588118400000,01057,Plön,80,7,73,128647,119
DE-SH,30-04-2020,RKI,0,0,0,1588204800000,01057,Plön,80,7,73,128647,119
DE-SH,09-05-2020,RKI,0,0,0,1588982400000,01057,Plön,80,7,73,128647,119
DE-SH,12-03-2020,RKI,2,2,0,1583971200000,01058,Rendsburg-Eckernförde,3,0,3,272775,125
DE-SH,13-03-2020,RKI,3,3,0,1584057600000,01058,Rendsburg-Eckernförde,6,0,6,272775,125
DE-SH,14-03-2020,RKI,0,0,0,1584144000000,01058,Rendsburg-Eckernförde,6,0,6,272775,125
DE-SH,15-03-2020,RKI,3,3,0,1584230400000,01058,Rendsburg-Eckernförde,9,0,9,272775,125
DE-SH,16-03-2020,RKI,1,1,0,1584316800000,01058,Rendsburg-Eckernförde,10,0,10,272775,125
DE-SH,17-03-2020,RKI,3,2,1,1584403200000,01058,Rendsburg-Eckernförde,13,1,12,272775,125
DE-SH,18-03-2020,RKI,4,4,0,1584489600000,01058,Rendsburg-Eckernförde,17,1,16,272775,125
DE-SH,19-03-2020,RKI,1,1,0,1584576000000,01058,Rendsburg-Eckernförde,18,1,17,272775,125
DE-SH,20-03-2020,RKI,6,6,0,1584662400000,01058,Rendsburg-Eckernförde,24,1,23,272775,125
DE-SH,21-03-2020,RKI,2,0,2,1584748800000,01058,Rendsburg-Eckernförde,26,3,23,272775,125
DE-SH,22-03-2020,RKI,3,2,1,1584835200000,01058,Rendsburg-Eckernförde,29,4,25,272775,125
DE-SH,23-03-2020,RKI,8,8,0,1584921600000,01058,Rendsburg-Eckernförde,37,4,33,272775,125
DE-SH,24-03-2020,RKI,13,13,0,1585008000000,01058,Rendsburg-Eckernförde,50,4,46,272775,125
DE-SH,25-03-2020,RKI,13,11,2,1585094400000,01058,Rendsburg-Eckernförde,63,6,57,272775,125
DE-SH,26-03-2020,RKI,15,13,2,1585180800000,01058,Rendsburg-Eckernförde,78,8,70,272775,125
DE-SH,27-03-2020,RKI,9,8,1,1585267200000,01058,Rendsburg-Eckernförde,87,9,78,272775,125
DE-SH,28-03-2020,RKI,10,10,0,1585353600000,01058,Rendsburg-Eckernförde,97,9,88,272775,125
DE-SH,29-03-2020,RKI,0,0,0,1585440000000,01058,Rendsburg-Eckernförde,97,9,88,272775,125
DE-SH,30-03-2020,RKI,10,9,1,1585526400000,01058,Rendsburg-Eckernförde,107,10,97,272775,125
DE-SH,31-03-2020,RKI,1,1,0,1585612800000,01058,Rendsburg-Eckernförde,108,10,98,272775,125
DE-SH,01-04-2020,RKI,6,6,0,1585699200000,01058,Rendsburg-Eckernförde,114,10,104,272775,125
DE-SH,02-04-2020,RKI,9,9,0,1585785600000,01058,Rendsburg-Eckernförde,123,10,113,272775,125
DE-SH,03-04-2020,RKI,6,6,0,1585872000000,01058,Rendsburg-Eckernförde,129,10,119,272775,125
DE-SH,04-04-2020,RKI,8,8,0,1585958400000,01058,Rendsburg-Eckernförde,137,10,127,272775,125
DE-SH,06-04-2020,RKI,5,5,0,1586131200000,01058,Rendsburg-Eckernförde,142,10,132,272775,125
DE-SH,07-04-2020,RKI,5,4,1,1586217600000,01058,Rendsburg-Eckernförde,147,11,136,272775,125
DE-SH,08-04-2020,RKI,6,6,0,1586304000000,01058,Rendsburg-Eckernförde,153,11,142,272775,125
DE-SH,09-04-2020,RKI,4,4,0,1586390400000,01058,Rendsburg-Eckernförde,157,11,146,272775,125
DE-SH,10-04-2020,RKI,3,3,0,1586476800000,01058,Rendsburg-Eckernförde,160,11,149,272775,125
DE-SH,11-04-2020,RKI,2,2,0,1586563200000,01058,Rendsburg-Eckernförde,162,11,151,272775,125
DE-SH,12-04-2020,RKI,0,0,0,1586649600000,01058,Rendsburg-Eckernförde,162,11,151,272775,125
DE-SH,15-04-2020,RKI,2,2,0,1586908800000,01058,Rendsburg-Eckernförde,164,11,153,272775,125
DE-SH,16-04-2020,RKI,6,5,1,1586995200000,01058,Rendsburg-Eckernförde,170,12,158,272775,125
DE-SH,17-04-2020,RKI,3,3,0,1587081600000,01058,Rendsburg-Eckernförde,173,12,161,272775,125
DE-SH,18-04-2020,RKI,1,1,0,1587168000000,01058,Rendsburg-Eckernförde,174,12,162,272775,125
DE-SH,19-04-2020,RKI,1,1,0,1587254400000,01058,Rendsburg-Eckernförde,175,12,163,272775,125
DE-SH,20-04-2020,RKI,2,2,0,1587340800000,01058,Rendsburg-Eckernförde,177,12,165,272775,125
DE-SH,21-04-2020,RKI,0,0,0,1587427200000,01058,Rendsburg-Eckernförde,177,12,165,272775,125
DE-SH,22-04-2020,RKI,0,0,0,1587513600000,01058,Rendsburg-Eckernförde,177,12,165,272775,125
DE-SH,23-04-2020,RKI,2,2,0,1587600000000,01058,Rendsburg-Eckernförde,179,12,167,272775,125
DE-SH,24-04-2020,RKI,3,3,0,1587686400000,01058,Rendsburg-Eckernförde,182,12,170,272775,125
DE-SH,25-04-2020,RKI,0,0,0,1587772800000,01058,Rendsburg-Eckernförde,182,12,170,272775,125
DE-SH,26-04-2020,RKI,0,0,0,1587859200000,01058,Rendsburg-Eckernförde,182,12,170,272775,125
DE-SH,28-04-2020,RKI,1,1,0,1588032000000,01058,Rendsburg-Eckernförde,183,12,171,272775,125
DE-SH,29-04-2020,RKI,1,1,0,1588118400000,01058,Rendsburg-Eckernförde,184,12,172,272775,125
DE-SH,30-04-2020,RKI,0,0,0,1588204800000,01058,Rendsburg-Eckernförde,184,12,172,272775,125
DE-SH,05-05-2020,RKI,0,0,0,1588636800000,01058,Rendsburg-Eckernförde,184,12,172,272775,125
DE-SH,06-05-2020,RKI,2,2,0,1588723200000,01058,Rendsburg-Eckernförde,186,12,174,272775,125
DE-SH,07-05-2020,RKI,2,2,0,1588809600000,01058,Rendsburg-Eckernförde,188,12,176,272775,125
DE-SH,08-05-2020,RKI,1,1,0,1588896000000,01058,Rendsburg-Eckernförde,189,12,177,272775,125
DE-SH,09-05-2020,RKI,0,0,0,1588982400000,01058,Rendsburg-Eckernförde,189,12,177,272775,125
DE-SH,10-05-2020,RKI,2,2,0,1589068800000,01058,Rendsburg-Eckernförde,191,12,179,272775,125
DE-SH,12-05-2020,RKI,1,1,0,1589241600000,01058,Rendsburg-Eckernförde,192,12,180,272775,125
DE-SH,13-05-2020,RKI,0,0,0,1589328000000,01058,Rendsburg-Eckernförde,192,12,180,272775,125
DE-SH,14-05-2020,RKI,0,0,0,1589414400000,01058,Rendsburg-Eckernförde,192,12,180,272775,125
DE-SH,26-05-2020,RKI,0,0,0,1590451200000,01058,Rendsburg-Eckernförde,192,12,180,272775,125
DE-SH,28-05-2020,RKI,0,0,0,1590624000000,01058,Rendsburg-Eckernförde,192,12,180,272775,125
DE-SH,30-05-2020,RKI,0,0,0,1590796800000,01058,Rendsburg-Eckernförde,192,12,180,272775,125
DE-SH,12-03-2020,RKI,1,1,0,1583971200000,01059,Schleswig-Flensburg,1,0,1,200025,97
DE-SH,13-03-2020,RKI,2,2,0,1584057600000,01059,Schleswig-Flensburg,3,0,3,200025,97
DE-SH,14-03-2020,RKI,1,1,0,1584144000000,01059,Schleswig-Flensburg,4,0,4,200025,97
DE-SH,15-03-2020,RKI,4,4,0,1584230400000,01059,Schleswig-Flensburg,8,0,8,200025,97
DE-SH,16-03-2020,RKI,0,0,0,1584316800000,01059,Schleswig-Flensburg,8,0,8,200025,97
DE-SH,18-03-2020,RKI,2,2,0,1584489600000,01059,Schleswig-Flensburg,10,0,10,200025,97
DE-SH,19-03-2020,RKI,1,1,0,1584576000000,01059,Schleswig-Flensburg,11,0,11,200025,97
DE-SH,20-03-2020,RKI,0,0,0,1584662400000,01059,Schleswig-Flensburg,11,0,11,200025,97
DE-SH,22-03-2020,RKI,2,2,0,1584835200000,01059,Schleswig-Flensburg,13,0,13,200025,97
DE-SH,23-03-2020,RKI,0,0,0,1584921600000,01059,Schleswig-Flensburg,13,0,13,200025,97
DE-SH,24-03-2020,RKI,5,4,1,1585008000000,01059,Schleswig-Flensburg,18,1,17,200025,97
DE-SH,25-03-2020,RKI,1,1,0,1585094400000,01059,Schleswig-Flensburg,19,1,18,200025,97
DE-SH,26-03-2020,RKI,8,8,0,1585180800000,01059,Schleswig-Flensburg,27,1,26,200025,97
DE-SH,27-03-2020,RKI,9,9,0,1585267200000,01059,Schleswig-Flensburg,36,1,35,200025,97
DE-SH,28-03-2020,RKI,8,8,0,1585353600000,01059,Schleswig-Flensburg,44,1,43,200025,97
DE-SH,29-03-2020,RKI,0,0,0,1585440000000,01059,Schleswig-Flensburg,44,1,43,200025,97
DE-SH,30-03-2020,RKI,1,1,0,1585526400000,01059,Schleswig-Flensburg,45,1,44,200025,97
DE-SH,31-03-2020,RKI,10,9,1,1585612800000,01059,Schleswig-Flensburg,55,2,53,200025,97
DE-SH,01-04-2020,RKI,2,2,0,1585699200000,01059,Schleswig-Flensburg,57,2,55,200025,97
DE-SH,02-04-2020,RKI,7,7,0,1585785600000,01059,Schleswig-Flensburg,64,2,62,200025,97
DE-SH,03-04-2020,RKI,2,2,0,1585872000000,01059,Schleswig-Flensburg,66,2,64,200025,97
DE-SH,04-04-2020,RKI,1,1,0,1585958400000,01059,Schleswig-Flensburg,67,2,65,200025,97
DE-SH,07-04-2020,RKI,5,5,0,1586217600000,01059,Schleswig-Flensburg,72,2,70,200025,97
DE-SH,08-04-2020,RKI,2,2,0,1586304000000,01059,Schleswig-Flensburg,74,2,72,200025,97
DE-SH,09-04-2020,RKI,2,1,1,1586390400000,01059,Schleswig-Flensburg,76,3,73,200025,97
DE-SH,10-04-2020,RKI,0,0,0,1586476800000,01059,Schleswig-Flensburg,76,3,73,200025,97
DE-SH,11-04-2020,RKI,1,1,0,1586563200000,01059,Schleswig-Flensburg,77,3,74,200025,97
DE-SH,12-04-2020,RKI,1,1,0,1586649600000,01059,Schleswig-Flensburg,78,3,75,200025,97
DE-SH,15-04-2020,RKI,0,0,0,1586908800000,01059,Schleswig-Flensburg,78,3,75,200025,97
DE-SH,16-04-2020,RKI,1,1,0,1586995200000,01059,Schleswig-Flensburg,79,3,76,200025,97
DE-SH,17-04-2020,RKI,0,0,0,1587081600000,01059,Schleswig-Flensburg,79,3,76,200025,97
DE-SH,18-04-2020,RKI,0,0,0,1587168000000,01059,Schleswig-Flensburg,79,3,76,200025,97
DE-SH,21-04-2020,RKI,4,4,0,1587427200000,01059,Schleswig-Flensburg,83,3,80,200025,97
DE-SH,25-04-2020,RKI,0,0,0,1587772800000,01059,Schleswig-Flensburg,83,3,80,200025,97
DE-SH,26-04-2020,RKI,0,0,0,1587859200000,01059,Schleswig-Flensburg,83,3,80,200025,97
DE-SH,28-04-2020,RKI,1,1,0,1588032000000,01059,Schleswig-Flensburg,84,3,81,200025,97
DE-SH,05-05-2020,RKI,0,0,0,1588636800000,01059,Schleswig-Flensburg,84,3,81,200025,97
DE-SH,06-05-2020,RKI,0,0,0,1588723200000,01059,Schleswig-Flensburg,84,3,81,200025,97
DE-SH,07-05-2020,RKI,0,0,0,1588809600000,01059,Schleswig-Flensburg,84,3,81,200025,97
DE-SH,13-05-2020,RKI,0,0,0,1589328000000,01059,Schleswig-Flensburg,84,3,81,200025,97
DE-SH,19-05-2020,RKI,2,1,1,1589846400000,01059,Schleswig-Flensburg,86,4,82,200025,97
DE-SH,20-05-2020,RKI,1,1,0,1589932800000,01059,Schleswig-Flensburg,87,4,83,200025,97
DE-SH,21-05-2020,RKI,14,14,0,1590019200000,01059,Schleswig-Flensburg,101,4,97,200025,97
DE-SH,22-05-2020,RKI,4,2,0,1590105600000,01059,Schleswig-Flensburg,105,4,99,200025,97
DE-SH,29-05-2020,RKI,0,0,0,1590710400000,01059,Schleswig-Flensburg,105,4,99,200025,97
DE-SH,06-03-2020,RKI,0,0,0,1583452800000,01060,Segeberg,0,0,0,276032,205
DE-SH,12-03-2020,RKI,1,1,0,1583971200000,01060,Segeberg,1,0,1,276032,205
DE-SH,14-03-2020,RKI,1,1,0,1584144000000,01060,Segeberg,2,0,2,276032,205
DE-SH,16-03-2020,RKI,3,3,0,1584316800000,01060,Segeberg,5,0,5,276032,205
DE-SH,17-03-2020,RKI,3,3,0,1584403200000,01060,Segeberg,8,0,8,276032,205
DE-SH,18-03-2020,RKI,3,3,0,1584489600000,01060,Segeberg,11,0,11,276032,205
DE-SH,19-03-2020,RKI,3,3,0,1584576000000,01060,Segeberg,14,0,14,276032,205
DE-SH,20-03-2020,RKI,4,4,0,1584662400000,01060,Segeberg,18,0,18,276032,205
DE-SH,21-03-2020,RKI,1,1,0,1584748800000,01060,Segeberg,19,0,19,276032,205
DE-SH,22-03-2020,RKI,0,0,0,1584835200000,01060,Segeberg,19,0,19,276032,205
DE-SH,23-03-2020,RKI,3,3,0,1584921600000,01060,Segeberg,22,0,22,276032,205
DE-SH,24-03-2020,RKI,8,8,0,1585008000000,01060,Segeberg,30,0,30,276032,205
DE-SH,25-03-2020,RKI,4,4,0,1585094400000,01060,Segeberg,34,0,34,276032,205
DE-SH,26-03-2020,RKI,5,5,0,1585180800000,01060,Segeberg,39,0,39,276032,205
DE-SH,27-03-2020,RKI,7,7,0,1585267200000,01060,Segeberg,46,0,46,276032,205
DE-SH,28-03-2020,RKI,8,8,0,1585353600000,01060,Segeberg,54,0,54,276032,205
DE-SH,29-03-2020,RKI,6,6,0,1585440000000,01060,Segeberg,60,0,60,276032,205
DE-SH,30-03-2020,RKI,0,0,0,1585526400000,01060,Segeberg,60,0,60,276032,205
DE-SH,31-03-2020,RKI,12,12,0,1585612800000,01060,Segeberg,72,0,72,276032,205
DE-SH,01-04-2020,RKI,15,14,1,1585699200000,01060,Segeberg,87,1,86,276032,205
DE-SH,02-04-2020,RKI,8,8,0,1585785600000,01060,Segeberg,95,1,94,276032,205
DE-SH,03-04-2020,RKI,13,13,0,1585872000000,01060,Segeberg,108,1,107,276032,205
DE-SH,04-04-2020,RKI,7,6,1,1585958400000,01060,Segeberg,115,2,113,276032,205
DE-SH,05-04-2020,RKI,1,0,1,1586044800000,01060,Segeberg,116,3,113,276032,205
DE-SH,06-04-2020,RKI,8,8,0,1586131200000,01060,Segeberg,124,3,121,276032,205
DE-SH,07-04-2020,RKI,11,11,0,1586217600000,01060,Segeberg,135,3,132,276032,205
DE-SH,08-04-2020,RKI,6,6,0,1586304000000,01060,Segeberg,141,3,138,276032,205
DE-SH,09-04-2020,RKI,7,7,0,1586390400000,01060,Segeberg,148,3,145,276032,205
DE-SH,10-04-2020,RKI,3,3,0,1586476800000,01060,Segeberg,151,3,148,276032,205
DE-SH,11-04-2020,RKI,0,0,0,1586563200000,01060,Segeberg,151,3,148,276032,205
DE-SH,12-04-2020,RKI,1,1,0,1586649600000,01060,Segeberg,152,3,149,276032,205
DE-SH,13-04-2020,RKI,5,5,0,1586736000000,01060,Segeberg,157,3,154,276032,205
DE-SH,14-04-2020,RKI,2,2,0,1586822400000,01060,Segeberg,159,3,156,276032,205
DE-SH,15-04-2020,RKI,3,2,1,1586908800000,01060,Segeberg,162,4,158,276032,205
DE-SH,16-04-2020,RKI,2,2,0,1586995200000,01060,Segeberg,164,4,160,276032,205
DE-SH,17-04-2020,RKI,1,1,0,1587081600000,01060,Segeberg,165,4,161,276032,205
DE-SH,18-04-2020,RKI,2,2,0,1587168000000,01060,Segeberg,167,4,163,276032,205
DE-SH,20-04-2020,RKI,0,0,0,1587340800000,01060,Segeberg,167,4,163,276032,205
DE-SH,24-04-2020,RKI,4,4,0,1587686400000,01060,Segeberg,171,4,167,276032,205
DE-SH,25-04-2020,RKI,0,0,0,1587772800000,01060,Segeberg,171,4,167,276032,205
DE-SH,26-04-2020,RKI,0,0,0,1587859200000,01060,Segeberg,171,4,167,276032,205
DE-SH,27-04-2020,RKI,0,0,0,1587945600000,01060,Segeberg,171,4,167,276032,205
DE-SH,28-04-2020,RKI,1,1,0,1588032000000,01060,Segeberg,172,4,168,276032,205
DE-SH,29-04-2020,RKI,1,-1,0,1588118400000,01060,Segeberg,173,4,167,276032,205
DE-SH,30-04-2020,RKI,2,2,0,1588204800000,01060,Segeberg,175,4,169,276032,205
DE-SH,01-05-2020,RKI,1,1,0,1588291200000,01060,Segeberg,176,4,170,276032,205
DE-SH,02-05-2020,RKI,0,0,0,1588377600000,01060,Segeberg,176,4,170,276032,205
DE-SH,03-05-2020,RKI,0,0,0,1588464000000,01060,Segeberg,176,4,170,276032,205
DE-SH,04-05-2020,RKI,2,2,0,1588550400000,01060,Segeberg,178,4,172,276032,205
DE-SH,05-05-2020,RKI,4,4,0,1588636800000,01060,Segeberg,182,4,176,276032,205
DE-SH,06-05-2020,RKI,4,4,0,1588723200000,01060,Segeberg,186,4,180,276032,205
DE-SH,07-05-2020,RKI,17,15,0,1588809600000,01060,Segeberg,203,4,195,276032,205
DE-SH,08-05-2020,RKI,3,3,0,1588896000000,01060,Segeberg,206,4,198,276032,205
DE-SH,09-05-2020,RKI,10,10,0,1588982400000,01060,Segeberg,216,4,208,276032,205
DE-SH,10-05-2020,RKI,7,7,0,1589068800000,01060,Segeberg,223,4,215,276032,205
DE-SH,11-05-2020,RKI,1,1,0,1589155200000,01060,Segeberg,224,4,216,276032,205
DE-SH,12-05-2020,RKI,6,5,0,1589241600000,01060,Segeberg,230,4,221,276032,205
DE-SH,13-05-2020,RKI,0,0,0,1589328000000,01060,Segeberg,230,4,221,276032,205
DE-SH,14-05-2020,RKI,1,1,0,1589414400000,01060,Segeberg,231,4,222,276032,205
DE-SH,15-05-2020,RKI,2,2,0,1589500800000,01060,Segeberg,233,4,224,276032,205
DE-SH,19-05-2020,RKI,3,3,0,1589846400000,01060,Segeberg,236,4,227,276032,205
DE-SH,20-05-2020,RKI,3,3,0,1589932800000,01060,Segeberg,239,4,230,276032,205
DE-SH,21-05-2020,RKI,0,0,0,1590019200000,01060,Segeberg,239,4,230,276032,205
DE-SH,22-05-2020,RKI,8,6,0,1590105600000,01060,Segeberg,247,4,236,276032,205
DE-SH,28-05-2020,RKI,0,0,0,1590624000000,01060,Segeberg,247,4,236,276032,205
DE-SH,29-05-2020,RKI,7,0,1,1590710400000,01060,Segeberg,254,5,236,276032,205
DE-SH,30-05-2020,RKI,0,0,0,1590796800000,01060,Segeberg,254,5,236,276032,205
DE-SH,01-06-2020,RKI,3,0,0,1590969600000,01060,Segeberg,257,5,236,276032,205
DE-SH,05-06-2020,RKI,0,0,0,1591315200000,01060,Segeberg,257,5,236,276032,205
DE-SH,14-03-2020,RKI,0,0,0,1584144000000,01061,Steinburg,0,0,0,131347,124
DE-SH,19-03-2020,RKI,3,3,0,1584576000000,01061,Steinburg,3,0,3,131347,124
DE-SH,20-03-2020,RKI,4,4,0,1584662400000,01061,Steinburg,7,0,7,131347,124
DE-SH,23-03-2020,RKI,6,6,0,1584921600000,01061,Steinburg,13,0,13,131347,124
DE-SH,24-03-2020,RKI,0,0,0,1585008000000,01061,Steinburg,13,0,13,131347,124
DE-SH,25-03-2020,RKI,2,2,0,1585094400000,01061,Steinburg,15,0,15,131347,124
DE-SH,26-03-2020,RKI,4,4,0,1585180800000,01061,Steinburg,19,0,19,131347,124
DE-SH,27-03-2020,RKI,7,7,0,1585267200000,01061,Steinburg,26,0,26,131347,124
DE-SH,30-03-2020,RKI,3,2,1,1585526400000,01061,Steinburg,29,1,28,131347,124
DE-SH,31-03-2020,RKI,2,2,0,1585612800000,01061,Steinburg,31,1,30,131347,124
DE-SH,01-04-2020,RKI,6,5,1,1585699200000,01061,Steinburg,37,2,35,131347,124
DE-SH,02-04-2020,RKI,1,1,0,1585785600000,01061,Steinburg,38,2,36,131347,124
DE-SH,03-04-2020,RKI,0,0,0,1585872000000,01061,Steinburg,38,2,36,131347,124
DE-SH,04-04-2020,RKI,0,0,0,1585958400000,01061,Steinburg,38,2,36,131347,124
DE-SH,06-04-2020,RKI,5,5,0,1586131200000,01061,Steinburg,43,2,41,131347,124
DE-SH,07-04-2020,RKI,4,3,1,1586217600000,01061,Steinburg,47,3,44,131347,124
DE-SH,08-04-2020,RKI,3,3,0,1586304000000,01061,Steinburg,50,3,47,131347,124
DE-SH,09-04-2020,RKI,1,1,0,1586390400000,01061,Steinburg,51,3,48,131347,124
DE-SH,10-04-2020,RKI,1,1,0,1586476800000,01061,Steinburg,52,3,49,131347,124
DE-SH,15-04-2020,RKI,1,1,0,1586908800000,01061,Steinburg,53,3,50,131347,124
DE-SH,16-04-2020,RKI,0,0,0,1586995200000,01061,Steinburg,53,3,50,131347,124
DE-SH,17-04-2020,RKI,0,0,0,1587081600000,01061,Steinburg,53,3,50,131347,124
DE-SH,19-04-2020,RKI,1,1,0,1587254400000,01061,Steinburg,54,3,51,131347,124
DE-SH,22-04-2020,RKI,1,1,0,1587513600000,01061,Steinburg,55,3,52,131347,124
DE-SH,24-04-2020,RKI,0,0,0,1587686400000,01061,Steinburg,55,3,52,131347,124
DE-SH,30-04-2020,RKI,1,1,0,1588204800000,01061,Steinburg,56,3,53,131347,124
DE-SH,03-05-2020,RKI,47,47,0,1588464000000,01061,Steinburg,103,3,100,131347,124
DE-SH,05-05-2020,RKI,28,28,0,1588636800000,01061,Steinburg,131,3,128,131347,124
DE-SH,06-05-2020,RKI,0,0,0,1588723200000,01061,Steinburg,131,3,128,131347,124
DE-SH,10-05-2020,RKI,1,1,0,1589068800000,01061,Steinburg,132,3,129,131347,124
DE-SH,12-05-2020,RKI,0,0,0,1589241600000,01061,Steinburg,132,3,129,131347,124
DE-SH,13-05-2020,RKI,3,3,0,1589328000000,01061,Steinburg,135,3,132,131347,124
DE-SH,14-05-2020,RKI,0,0,0,1589414400000,01061,Steinburg,135,3,132,131347,124
DE-SH,20-05-2020,RKI,2,1,0,1589932800000,01061,Steinburg,137,3,133,131347,124
DE-SH,26-05-2020,RKI,0,0,0,1590451200000,01061,Steinburg,137,3,133,131347,124
DE-SH,28-05-2020,RKI,2,1,0,1590624000000,01061,Steinburg,139,3,134,131347,124
DE-SH,02-03-2020,RKI,0,0,0,1583107200000,01062,Stormarn,0,0,0,243196,317
DE-SH,12-03-2020,RKI,1,1,0,1583971200000,01062,Stormarn,1,0,1,243196,317
DE-SH,13-03-2020,RKI,2,2,0,1584057600000,01062,Stormarn,3,0,3,243196,317
DE-SH,14-03-2020,RKI,0,0,0,1584144000000,01062,Stormarn,3,0,3,243196,317
DE-SH,15-03-2020,RKI,0,0,0,1584230400000,01062,Stormarn,3,0,3,243196,317
DE-SH,16-03-2020,RKI,3,3,0,1584316800000,01062,Stormarn,6,0,6,243196,317
DE-SH,17-03-2020,RKI,5,4,1,1584403200000,01062,Stormarn,11,1,10,243196,317
DE-SH,18-03-2020,RKI,4,3,1,1584489600000,01062,Stormarn,15,2,13,243196,317
DE-SH,19-03-2020,RKI,9,9,0,1584576000000,01062,Stormarn,24,2,22,243196,317
DE-SH,20-03-2020,RKI,12,12,0,1584662400000,01062,Stormarn,36,2,34,243196,317
DE-SH,21-03-2020,RKI,10,10,0,1584748800000,01062,Stormarn,46,2,44,243196,317
DE-SH,22-03-2020,RKI,4,3,1,1584835200000,01062,Stormarn,50,3,47,243196,317
DE-SH,23-03-2020,RKI,7,6,1,1584921600000,01062,Stormarn,57,4,53,243196,317
DE-SH,24-03-2020,RKI,10,10,0,1585008000000,01062,Stormarn,67,4,63,243196,317
DE-SH,25-03-2020,RKI,8,8,0,1585094400000,01062,Stormarn,75,4,71,243196,317
DE-SH,26-03-2020,RKI,8,8,0,1585180800000,01062,Stormarn,83,4,79,243196,317
DE-SH,27-03-2020,RKI,13,13,0,1585267200000,01062,Stormarn,96,4,92,243196,317
DE-SH,28-03-2020,RKI,8,8,0,1585353600000,01062,Stormarn,104,4,100,243196,317
DE-SH,29-03-2020,RKI,4,4,0,1585440000000,01062,Stormarn,108,4,104,243196,317
DE-SH,30-03-2020,RKI,5,5,0,1585526400000,01062,Stormarn,113,4,109,243196,317
DE-SH,31-03-2020,RKI,14,12,2,1585612800000,01062,Stormarn,127,6,121,243196,317
DE-SH,01-04-2020,RKI,9,8,1,1585699200000,01062,Stormarn,136,7,129,243196,317
DE-SH,02-04-2020,RKI,13,13,0,1585785600000,01062,Stormarn,149,7,142,243196,317
DE-SH,03-04-2020,RKI,7,7,0,1585872000000,01062,Stormarn,156,7,149,243196,317
DE-SH,04-04-2020,RKI,11,11,0,1585958400000,01062,Stormarn,167,7,160,243196,317
DE-SH,05-04-2020,RKI,2,2,0,1586044800000,01062,Stormarn,169,7,162,243196,317
DE-SH,06-04-2020,RKI,2,2,0,1586131200000,01062,Stormarn,171,7,164,243196,317
DE-SH,07-04-2020,RKI,11,9,2,1586217600000,01062,Stormarn,182,9,173,243196,317
DE-SH,08-04-2020,RKI,11,10,1,1586304000000,01062,Stormarn,193,10,183,243196,317
DE-SH,09-04-2020,RKI,9,8,1,1586390400000,01062,Stormarn,202,11,191,243196,317
DE-SH,10-04-2020,RKI,0,0,0,1586476800000,01062,Stormarn,202,11,191,243196,317
DE-SH,11-04-2020,RKI,3,3,0,1586563200000,01062,Stormarn,205,11,194,243196,317
DE-SH,12-04-2020,RKI,0,0,0,1586649600000,01062,Stormarn,205,11,194,243196,317
DE-SH,13-04-2020,RKI,69,57,12,1586736000000,01062,Stormarn,274,23,251,243196,317
DE-SH,14-04-2020,RKI,2,1,1,1586822400000,01062,Stormarn,276,24,252,243196,317
DE-SH,15-04-2020,RKI,6,6,0,1586908800000,01062,Stormarn,282,24,258,243196,317
DE-SH,16-04-2020,RKI,8,6,2,1586995200000,01062,Stormarn,290,26,264,243196,317
DE-SH,17-04-2020,RKI,10,8,2,1587081600000,01062,Stormarn,300,28,272,243196,317
DE-SH,18-04-2020,RKI,8,7,1,1587168000000,01062,Stormarn,308,29,279,243196,317
DE-SH,19-04-2020,RKI,4,3,1,1587254400000,01062,Stormarn,312,30,282,243196,317
DE-SH,20-04-2020,RKI,4,4,0,1587340800000,01062,Stormarn,316,30,286,243196,317
DE-SH,21-04-2020,RKI,4,3,1,1587427200000,01062,Stormarn,320,31,289,243196,317
DE-SH,22-04-2020,RKI,5,5,0,1587513600000,01062,Stormarn,325,31,294,243196,317
DE-SH,23-04-2020,RKI,8,8,0,1587600000000,01062,Stormarn,333,31,302,243196,317
DE-SH,24-04-2020,RKI,4,4,0,1587686400000,01062,Stormarn,337,31,306,243196,317
DE-SH,25-04-2020,RKI,2,2,0,1587772800000,01062,Stormarn,339,31,308,243196,317
DE-SH,26-04-2020,RKI,0,0,0,1587859200000,01062,Stormarn,339,31,308,243196,317
DE-SH,27-04-2020,RKI,2,2,0,1587945600000,01062,Stormarn,341,31,310,243196,317
DE-SH,28-04-2020,RKI,0,0,0,1588032000000,01062,Stormarn,341,31,310,243196,317
DE-SH,29-04-2020,RKI,1,1,0,1588118400000,01062,Stormarn,342,31,311,243196,317
DE-SH,01-05-2020,RKI,1,1,0,1588291200000,01062,Stormarn,343,31,312,243196,317
DE-SH,02-05-2020,RKI,0,0,0,1588377600000,01062,Stormarn,343,31,312,243196,317
DE-SH,05-05-2020,RKI,0,0,0,1588636800000,01062,Stormarn,343,31,312,243196,317
DE-SH,06-05-2020,RKI,1,1,0,1588723200000,01062,Stormarn,344,31,313,243196,317
DE-SH,08-05-2020,RKI,1,1,0,1588896000000,01062,Stormarn,345,31,314,243196,317
DE-SH,09-05-2020,RKI,0,0,0,1588982400000,01062,Stormarn,345,31,314,243196,317
DE-SH,10-05-2020,RKI,1,0,0,1589068800000,01062,Stormarn,346,31,314,243196,317
DE-SH,11-05-2020,RKI,0,0,0,1589155200000,01062,Stormarn,346,31,314,243196,317
DE-SH,12-05-2020,RKI,0,0,0,1589241600000,01062,Stormarn,346,31,314,243196,317
DE-SH,19-05-2020,RKI,3,1,0,1589846400000,01062,Stormarn,349,31,315,243196,317
DE-SH,22-05-2020,RKI,0,0,0,1590105600000,01062,Stormarn,349,31,315,243196,317
DE-SH,26-05-2020,RKI,1,0,0,1590451200000,01062,Stormarn,350,31,315,243196,317
DE-SH,28-05-2020,RKI,0,0,0,1590624000000,01062,Stormarn,350,31,315,243196,317
DE-SH,29-05-2020,RKI,1,0,0,1590710400000,01062,Stormarn,351,31,315,243196,317
DE-TH,10-03-2020,RKI,0,0,0,1583798400000,16051,Erfurt,0,0,0,213699,792
DE-TH,13-03-2020,RKI,1,1,0,1584057600000,16051,Erfurt,1,0,1,213699,792
DE-TH,14-03-2020,RKI,5,5,0,1584144000000,16051,Erfurt,6,0,6,213699,792
DE-TH,16-03-2020,RKI,5,5,0,1584316800000,16051,Erfurt,11,0,11,213699,792
DE-TH,18-03-2020,RKI,0,0,0,1584489600000,16051,Erfurt,11,0,11,213699,792
DE-TH,19-03-2020,RKI,8,8,0,1584576000000,16051,Erfurt,19,0,19,213699,792
DE-TH,20-03-2020,RKI,1,1,0,1584662400000,16051,Erfurt,20,0,20,213699,792
DE-TH,21-03-2020,RKI,0,0,0,1584748800000,16051,Erfurt,20,0,20,213699,792
DE-TH,22-03-2020,RKI,0,0,0,1584835200000,16051,Erfurt,20,0,20,213699,792
DE-TH,23-03-2020,RKI,12,12,0,1584921600000,16051,Erfurt,32,0,32,213699,792
DE-TH,24-03-2020,RKI,9,9,0,1585008000000,16051,Erfurt,41,0,41,213699,792
DE-TH,25-03-2020,RKI,7,7,0,1585094400000,16051,Erfurt,48,0,48,213699,792
DE-TH,26-03-2020,RKI,5,5,0,1585180800000,16051,Erfurt,53,0,53,213699,792
DE-TH,27-03-2020,RKI,4,4,0,1585267200000,16051,Erfurt,57,0,57,213699,792
DE-TH,28-03-2020,RKI,2,2,0,1585353600000,16051,Erfurt,59,0,59,213699,792
DE-TH,29-03-2020,RKI,1,1,0,1585440000000,16051,Erfurt,60,0,60,213699,792
DE-TH,31-03-2020,RKI,4,4,0,1585612800000,16051,Erfurt,64,0,64,213699,792
DE-TH,01-04-2020,RKI,4,4,0,1585699200000,16051,Erfurt,68,0,68,213699,792
DE-TH,02-04-2020,RKI,1,1,0,1585785600000,16051,Erfurt,69,0,69,213699,792
DE-TH,03-04-2020,RKI,2,2,0,1585872000000,16051,Erfurt,71,0,71,213699,792
DE-TH,04-04-2020,RKI,1,0,1,1585958400000,16051,Erfurt,72,1,71,213699,792
DE-TH,05-04-2020,RKI,0,0,0,1586044800000,16051,Erfurt,72,1,71,213699,792
DE-TH,06-04-2020,RKI,1,1,0,1586131200000,16051,Erfurt,73,1,72,213699,792
DE-TH,07-04-2020,RKI,5,4,1,1586217600000,16051,Erfurt,78,2,76,213699,792
DE-TH,08-04-2020,RKI,3,3,0,1586304000000,16051,Erfurt,81,2,79,213699,792
DE-TH,09-04-2020,RKI,0,0,0,1586390400000,16051,Erfurt,81,2,79,213699,792
DE-TH,10-04-2020,RKI,1,1,0,1586476800000,16051,Erfurt,82,2,80,213699,792
DE-TH,12-04-2020,RKI,1,1,0,1586649600000,16051,Erfurt,83,2,81,213699,792
DE-TH,13-04-2020,RKI,0,0,0,1586736000000,16051,Erfurt,83,2,81,213699,792
DE-TH,14-04-2020,RKI,1,1,0,1586822400000,16051,Erfurt,84,2,82,213699,792
DE-TH,15-04-2020,RKI,1,1,0,1586908800000,16051,Erfurt,85,2,83,213699,792
DE-TH,16-04-2020,RKI,2,2,0,1586995200000,16051,Erfurt,87,2,85,213699,792
DE-TH,17-04-2020,RKI,0,0,0,1587081600000,16051,Erfurt,87,2,85,213699,792
DE-TH,19-04-2020,RKI,0,0,0,1587254400000,16051,Erfurt,87,2,85,213699,792
DE-TH,21-04-2020,RKI,2,2,0,1587427200000,16051,Erfurt,89,2,87,213699,792
DE-TH,22-04-2020,RKI,3,3,0,1587513600000,16051,Erfurt,92,2,90,213699,792
DE-TH,23-04-2020,RKI,0,0,0,1587600000000,16051,Erfurt,92,2,90,213699,792
DE-TH,25-04-2020,RKI,0,0,0,1587772800000,16051,Erfurt,92,2,90,213699,792
DE-TH,27-04-2020,RKI,0,0,0,1587945600000,16051,Erfurt,92,2,90,213699,792
DE-TH,02-05-2020,RKI,0,0,0,1588377600000,16051,Erfurt,92,2,90,213699,792
DE-TH,06-05-2020,RKI,0,0,0,1588723200000,16051,Erfurt,92,2,90,213699,792
DE-TH,15-05-2020,RKI,0,0,0,1589500800000,16051,Erfurt,92,2,90,213699,792
DE-TH,27-05-2020,RKI,0,0,0,1590537600000,16051,Erfurt,92,2,90,213699,792
DE-TH,02-06-2020,RKI,0,0,0,1591056000000,16051,Erfurt,92,2,90,213699,792
DE-TH,17-03-2020,RKI,0,0,0,1584403200000,16052,Gera,0,0,0,94152,619
DE-TH,18-03-2020,RKI,1,1,0,1584489600000,16052,Gera,1,0,1,94152,619
DE-TH,23-03-2020,RKI,1,1,0,1584921600000,16052,Gera,2,0,2,94152,619
DE-TH,24-03-2020,RKI,0,0,0,1585008000000,16052,Gera,2,0,2,94152,619
DE-TH,26-03-2020,RKI,0,0,0,1585180800000,16052,Gera,2,0,2,94152,619
DE-TH,27-03-2020,RKI,5,5,0,1585267200000,16052,Gera,7,0,7,94152,619
DE-TH,28-03-2020,RKI,4,4,0,1585353600000,16052,Gera,11,0,11,94152,619
DE-TH,01-04-2020,RKI,3,3,0,1585699200000,16052,Gera,14,0,14,94152,619
DE-TH,02-04-2020,RKI,7,7,0,1585785600000,16052,Gera,21,0,21,94152,619
DE-TH,03-04-2020,RKI,1,1,0,1585872000000,16052,Gera,22,0,22,94152,619
DE-TH,06-04-2020,RKI,0,0,0,1586131200000,16052,Gera,22,0,22,94152,619
DE-TH,07-04-2020,RKI,2,2,0,1586217600000,16052,Gera,24,0,24,94152,619
DE-TH,08-04-2020,RKI,1,1,0,1586304000000,16052,Gera,25,0,25,94152,619
DE-TH,09-04-2020,RKI,8,7,1,1586390400000,16052,Gera,33,1,32,94152,619
DE-TH,11-04-2020,RKI,1,1,0,1586563200000,16052,Gera,34,1,33,94152,619
DE-TH,12-04-2020,RKI,4,1,3,1586649600000,16052,Gera,38,4,34,94152,619
DE-TH,14-04-2020,RKI,10,7,3,1586822400000,16052,Gera,48,7,41,94152,619
DE-TH,15-04-2020,RKI,6,5,1,1586908800000,16052,Gera,54,8,46,94152,619
DE-TH,16-04-2020,RKI,4,4,0,1586995200000,16052,Gera,58,8,50,94152,619
DE-TH,17-04-2020,RKI,0,0,0,1587081600000,16052,Gera,58,8,50,94152,619
DE-TH,18-04-2020,RKI,7,7,0,1587168000000,16052,Gera,65,8,57,94152,619
DE-TH,19-04-2020,RKI,1,1,0,1587254400000,16052,Gera,66,8,58,94152,619
DE-TH,20-04-2020,RKI,2,1,1,1587340800000,16052,Gera,68,9,59,94152,619
DE-TH,21-04-2020,RKI,14,13,1,1587427200000,16052,Gera,82,10,72,94152,619
DE-TH,22-04-2020,RKI,5,5,0,1587513600000,16052,Gera,87,10,77,94152,619
DE-TH,23-04-2020,RKI,8,8,0,1587600000000,16052,Gera,95,10,85,94152,619
DE-TH,24-04-2020,RKI,8,8,0,1587686400000,16052,Gera,103,10,93,94152,619
DE-TH,25-04-2020,RKI,0,0,0,1587772800000,16052,Gera,103,10,93,94152,619
DE-TH,26-04-2020,RKI,2,2,0,1587859200000,16052,Gera,105,10,95,94152,619
DE-TH,27-04-2020,RKI,2,2,0,1587945600000,16052,Gera,107,10,97,94152,619
DE-TH,28-04-2020,RKI,7,7,0,1588032000000,16052,Gera,114,10,104,94152,619
DE-TH,29-04-2020,RKI,2,2,0,1588118400000,16052,Gera,116,10,106,94152,619
DE-TH,30-04-2020,RKI,6,6,0,1588204800000,16052,Gera,122,10,112,94152,619
DE-TH,01-05-2020,RKI,0,0,0,1588291200000,16052,Gera,122,10,112,94152,619
DE-TH,02-05-2020,RKI,3,3,0,1588377600000,16052,Gera,125,10,115,94152,619
DE-TH,04-05-2020,RKI,0,0,0,1588550400000,16052,Gera,125,10,115,94152,619
DE-TH,06-05-2020,RKI,5,5,0,1588723200000,16052,Gera,130,10,120,94152,619
DE-TH,07-05-2020,RKI,5,4,1,1588809600000,16052,Gera,135,11,124,94152,619
DE-TH,08-05-2020,RKI,2,2,0,1588896000000,16052,Gera,137,11,126,94152,619
DE-TH,09-05-2020,RKI,1,1,0,1588982400000,16052,Gera,138,11,127,94152,619
DE-TH,11-05-2020,RKI,1,1,0,1589155200000,16052,Gera,139,11,128,94152,619
DE-TH,12-05-2020,RKI,2,1,0,1589241600000,16052,Gera,141,11,129,94152,619
DE-TH,14-05-2020,RKI,3,1,1,1589414400000,16052,Gera,144,12,130,94152,619
DE-TH,15-05-2020,RKI,4,4,0,1589500800000,16052,Gera,148,12,134,94152,619
DE-TH,16-05-2020,RKI,0,0,0,1589587200000,16052,Gera,148,12,134,94152,619
DE-TH,18-05-2020,RKI,6,5,1,1589760000000,16052,Gera,154,13,139,94152,619
DE-TH,19-05-2020,RKI,0,0,0,1589846400000,16052,Gera,154,13,139,94152,619
DE-TH,20-05-2020,RKI,2,1,1,1589932800000,16052,Gera,156,14,140,94152,619
DE-TH,22-05-2020,RKI,6,3,1,1590105600000,16052,Gera,162,15,143,94152,619
DE-TH,23-05-2020,RKI,2,1,1,1590192000000,16052,Gera,164,16,144,94152,619
DE-TH,25-05-2020,RKI,8,3,1,1590364800000,16052,Gera,172,17,147,94152,619
DE-TH,26-05-2020,RKI,1,0,0,1590451200000,16052,Gera,173,17,147,94152,619
DE-TH,27-05-2020,RKI,0,0,0,1590537600000,16052,Gera,173,17,147,94152,619
DE-TH,28-05-2020,RKI,2,1,0,1590624000000,16052,Gera,175,17,148,94152,619
DE-TH,29-05-2020,RKI,2,0,0,1590710400000,16052,Gera,177,17,148,94152,619
DE-TH,30-05-2020,RKI,4,0,1,1590796800000,16052,Gera,181,18,148,94152,619
DE-TH,03-06-2020,RKI,4,0,0,1591142400000,16052,Gera,185,18,148,94152,619
DE-TH,04-06-2020,RKI,1,0,0,1591228800000,16052,Gera,186,18,148,94152,619
DE-TH,05-06-2020,RKI,3,0,0,1591315200000,16052,Gera,189,18,148,94152,619
DE-TH,16-03-2020,RKI,2,2,0,1584316800000,16053,Jena,9,0,9,111407,971
DE-TH,17-03-2020,RKI,10,10,0,1584403200000,16053,Jena,19,0,19,111407,971
DE-TH,18-03-2020,RKI,6,6,0,1584489600000,16053,Jena,25,0,25,111407,971
DE-TH,19-03-2020,RKI,8,8,0,1584576000000,16053,Jena,33,0,33,111407,971
DE-TH,20-03-2020,RKI,20,20,0,1584662400000,16053,Jena,53,0,53,111407,971
DE-TH,21-03-2020,RKI,10,9,1,1584748800000,16053,Jena,63,1,62,111407,971
DE-TH,22-03-2020,RKI,8,8,0,1584835200000,16053,Jena,71,1,70,111407,971
DE-TH,23-03-2020,RKI,4,4,0,1584921600000,16053,Jena,75,1,74,111407,971
DE-TH,24-03-2020,RKI,1,1,0,1585008000000,16053,Jena,76,1,75,111407,971
DE-TH,25-03-2020,RKI,3,3,0,1585094400000,16053,Jena,79,1,78,111407,971
DE-TH,26-03-2020,RKI,3,3,0,1585180800000,16053,Jena,82,1,81,111407,971
DE-TH,27-03-2020,RKI,2,2,0,1585267200000,16053,Jena,84,1,83,111407,971
DE-TH,28-03-2020,RKI,14,14,0,1585353600000,16053,Jena,98,1,97,111407,971
DE-TH,29-03-2020,RKI,1,1,0,1585440000000,16053,Jena,99,1,98,111407,971
DE-TH,30-03-2020,RKI,2,2,0,1585526400000,16053,Jena,101,1,100,111407,971
DE-TH,31-03-2020,RKI,2,2,0,1585612800000,16053,Jena,103,1,102,111407,971
DE-TH,01-04-2020,RKI,3,2,1,1585699200000,16053,Jena,106,2,104,111407,971
DE-TH,02-04-2020,RKI,4,3,1,1585785600000,16053,Jena,110,3,107,111407,971
DE-TH,03-04-2020,RKI,3,3,0,1585872000000,16053,Jena,113,3,110,111407,971
DE-TH,04-04-2020,RKI,3,3,0,1585958400000,16053,Jena,116,3,113,111407,971
DE-TH,05-04-2020,RKI,2,2,0,1586044800000,16053,Jena,118,3,115,111407,971
DE-TH,06-04-2020,RKI,0,0,0,1586131200000,16053,Jena,118,3,115,111407,971
DE-TH,07-04-2020,RKI,4,4,0,1586217600000,16053,Jena,122,3,119,111407,971
DE-TH,08-04-2020,RKI,3,3,0,1586304000000,16053,Jena,125,3,122,111407,971
DE-TH,09-04-2020,RKI,2,2,0,1586390400000,16053,Jena,127,3,124,111407,971
DE-TH,12-04-2020,RKI,0,0,0,1586649600000,16053,Jena,127,3,124,111407,971
DE-TH,23-04-2020,RKI,1,1,0,1587600000000,16053,Jena,128,3,125,111407,971
DE-TH,25-04-2020,RKI,0,0,0,1587772800000,16053,Jena,128,3,125,111407,971
DE-TH,12-05-2020,RKI,0,0,0,1589241600000,16053,Jena,128,3,125,111407,971
DE-TH,30-05-2020,RKI,0,0,0,1590796800000,16053,Jena,128,3,125,111407,971
DE-TH,20-03-2020,RKI,0,0,0,1584662400000,16054,Suhl,0,0,0,36955,261
DE-TH,21-03-2020,RKI,1,1,0,1584748800000,16054,Suhl,1,0,1,36955,261
DE-TH,24-03-2020,RKI,0,0,0,1585008000000,16054,Suhl,1,0,1,36955,261
DE-TH,28-03-2020,RKI,0,0,0,1585353600000,16054,Suhl,1,0,1,36955,261
DE-TH,30-03-2020,RKI,0,0,0,1585526400000,16054,Suhl,1,0,1,36955,261
DE-TH,02-04-2020,RKI,0,0,0,1585785600000,16054,Suhl,1,0,1,36955,261
DE-TH,03-04-2020,RKI,0,0,0,1585872000000,16054,Suhl,1,0,1,36955,261
DE-TH,04-04-2020,RKI,0,0,0,1585958400000,16054,Suhl,1,0,1,36955,261
DE-TH,06-04-2020,RKI,0,0,0,1586131200000,16054,Suhl,1,0,1,36955,261
DE-TH,15-04-2020,RKI,0,0,0,1586908800000,16054,Suhl,1,0,1,36955,261
DE-TH,17-04-2020,RKI,0,0,0,1587081600000,16054,Suhl,1,0,1,36955,261
DE-TH,14-05-2020,RKI,0,0,0,1589414400000,16054,Suhl,1,0,1,36955,261
DE-TH,15-05-2020,RKI,0,0,0,1589500800000,16054,Suhl,1,0,1,36955,261
DE-TH,19-05-2020,RKI,0,0,0,1589846400000,16054,Suhl,1,0,1,36955,261
DE-TH,23-05-2020,RKI,0,0,0,1590192000000,16054,Suhl,1,0,1,36955,261
DE-TH,25-05-2020,RKI,0,0,0,1590364800000,16054,Suhl,1,0,1,36955,261
DE-TH,27-05-2020,RKI,0,0,0,1590537600000,16054,Suhl,1,0,1,36955,261
DE-TH,16-03-2020,RKI,0,0,0,1584316800000,16055,Weimar,0,0,0,65090,770
DE-TH,17-03-2020,RKI,3,3,0,1584403200000,16055,Weimar,3,0,3,65090,770
DE-TH,18-03-2020,RKI,0,0,0,1584489600000,16055,Weimar,3,0,3,65090,770
DE-TH,20-03-2020,RKI,2,2,0,1584662400000,16055,Weimar,5,0,5,65090,770
DE-TH,23-03-2020,RKI,2,2,0,1584921600000,16055,Weimar,7,0,7,65090,770
DE-TH,24-03-2020,RKI,2,2,0,1585008000000,16055,Weimar,9,0,9,65090,770
DE-TH,25-03-2020,RKI,3,3,0,1585094400000,16055,Weimar,12,0,12,65090,770
DE-TH,26-03-2020,RKI,2,2,0,1585180800000,16055,Weimar,14,0,14,65090,770
DE-TH,27-03-2020,RKI,0,0,0,1585267200000,16055,Weimar,14,0,14,65090,770
DE-TH,28-03-2020,RKI,4,4,0,1585353600000,16055,Weimar,18,0,18,65090,770
DE-TH,01-04-2020,RKI,4,4,0,1585699200000,16055,Weimar,22,0,22,65090,770
DE-TH,02-04-2020,RKI,3,3,0,1585785600000,16055,Weimar,25,0,25,65090,770
DE-TH,03-04-2020,RKI,4,4,0,1585872000000,16055,Weimar,29,0,29,65090,770
DE-TH,05-04-2020,RKI,2,2,0,1586044800000,16055,Weimar,31,0,31,65090,770
DE-TH,06-04-2020,RKI,1,1,0,1586131200000,16055,Weimar,32,0,32,65090,770
DE-TH,07-04-2020,RKI,2,2,0,1586217600000,16055,Weimar,34,0,34,65090,770
DE-TH,08-04-2020,RKI,0,0,0,1586304000000,16055,Weimar,34,0,34,65090,770
DE-TH,09-04-2020,RKI,2,2,0,1586390400000,16055,Weimar,36,0,36,65090,770
DE-TH,12-04-2020,RKI,2,2,0,1586649600000,16055,Weimar,38,0,38,65090,770
DE-TH,21-04-2020,RKI,0,0,0,1587427200000,16055,Weimar,38,0,38,65090,770
DE-TH,23-04-2020,RKI,0,0,0,1587600000000,16055,Weimar,38,0,38,65090,770
DE-TH,25-04-2020,RKI,0,0,0,1587772800000,16055,Weimar,38,0,38,65090,770
DE-TH,30-04-2020,RKI,1,1,0,1588204800000,16055,Weimar,39,0,39,65090,770
DE-TH,06-05-2020,RKI,0,0,0,1588723200000,16055,Weimar,39,0,39,65090,770
DE-TH,07-05-2020,RKI,0,0,0,1588809600000,16055,Weimar,39,0,39,65090,770
DE-TH,19-05-2020,RKI,2,2,0,1589846400000,16055,Weimar,41,0,41,65090,770
DE-TH,24-03-2020,RKI,0,0,0,1585008000000,16056,Eisenach,0,0,0,42370,407
DE-TH,25-03-2020,RKI,0,0,0,1585094400000,16056,Eisenach,0,0,0,42370,407
DE-TH,26-03-2020,RKI,0,0,0,1585180800000,16056,Eisenach,0,0,0,42370,407
DE-TH,31-03-2020,RKI,1,1,0,1585612800000,16056,Eisenach,1,0,1,42370,407
DE-TH,02-04-2020,RKI,0,0,0,1585785600000,16056,Eisenach,1,0,1,42370,407
DE-TH,03-04-2020,RKI,0,0,0,1585872000000,16056,Eisenach,1,0,1,42370,407
DE-TH,06-04-2020,RKI,0,0,0,1586131200000,16056,Eisenach,1,0,1,42370,407
DE-TH,08-04-2020,RKI,0,0,0,1586304000000,16056,Eisenach,1,0,1,42370,407
DE-TH,09-04-2020,RKI,1,1,0,1586390400000,16056,Eisenach,2,0,2,42370,407
DE-TH,14-04-2020,RKI,0,0,0,1586822400000,16056,Eisenach,2,0,2,42370,407
DE-TH,19-04-2020,RKI,0,0,0,1587254400000,16056,Eisenach,2,0,2,42370,407
DE-TH,22-04-2020,RKI,0,0,0,1587513600000,16056,Eisenach,2,0,2,42370,407
DE-TH,23-04-2020,RKI,0,0,0,1587600000000,16056,Eisenach,2,0,2,42370,407
DE-TH,28-04-2020,RKI,3,2,1,1588032000000,16056,Eisenach,5,1,4,42370,407
DE-TH,29-04-2020,RKI,0,0,0,1588118400000,16056,Eisenach,5,1,4,42370,407
DE-TH,02-05-2020,RKI,0,0,0,1588377600000,16056,Eisenach,5,1,4,42370,407
DE-TH,06-05-2020,RKI,1,1,0,1588723200000,16056,Eisenach,6,1,5,42370,407
DE-TH,07-05-2020,RKI,0,0,0,1588809600000,16056,Eisenach,6,1,5,42370,407
DE-TH,08-05-2020,RKI,0,0,0,1588896000000,16056,Eisenach,6,1,5,42370,407
DE-TH,14-05-2020,RKI,0,0,0,1589414400000,16056,Eisenach,6,1,5,42370,407
DE-TH,16-05-2020,RKI,0,0,0,1589587200000,16056,Eisenach,6,1,5,42370,407
DE-TH,14-03-2020,RKI,0,0,0,1584144000000,16061,Eichsfeld,0,0,0,100380,106
DE-TH,15-03-2020,RKI,0,0,0,1584230400000,16061,Eichsfeld,0,0,0,100380,106
DE-TH,19-03-2020,RKI,0,0,0,1584576000000,16061,Eichsfeld,0,0,0,100380,106
DE-TH,20-03-2020,RKI,3,3,0,1584662400000,16061,Eichsfeld,3,0,3,100380,106
DE-TH,21-03-2020,RKI,9,8,1,1584748800000,16061,Eichsfeld,12,1,11,100380,106
DE-TH,22-03-2020,RKI,0,0,0,1584835200000,16061,Eichsfeld,12,1,11,100380,106
DE-TH,23-03-2020,RKI,0,0,0,1584921600000,16061,Eichsfeld,12,1,11,100380,106
DE-TH,24-03-2020,RKI,9,9,0,1585008000000,16061,Eichsfeld,21,1,20,100380,106
DE-TH,25-03-2020,RKI,6,6,0,1585094400000,16061,Eichsfeld,27,1,26,100380,106
DE-TH,26-03-2020,RKI,2,2,0,1585180800000,16061,Eichsfeld,29,1,28,100380,106
DE-TH,27-03-2020,RKI,3,3,0,1585267200000,16061,Eichsfeld,32,1,31,100380,106
DE-TH,28-03-2020,RKI,4,4,0,1585353600000,16061,Eichsfeld,36,1,35,100380,106
DE-TH,29-03-2020,RKI,1,1,0,1585440000000,16061,Eichsfeld,37,1,36,100380,106
DE-TH,30-03-2020,RKI,0,0,0,1585526400000,16061,Eichsfeld,37,1,36,100380,106
DE-TH,31-03-2020,RKI,4,4,0,1585612800000,16061,Eichsfeld,41,1,40,100380,106
DE-TH,01-04-2020,RKI,3,3,0,1585699200000,16061,Eichsfeld,44,1,43,100380,106
DE-TH,02-04-2020,RKI,2,2,0,1585785600000,16061,Eichsfeld,46,1,45,100380,106
DE-TH,03-04-2020,RKI,1,1,0,1585872000000,16061,Eichsfeld,47,1,46,100380,106
DE-TH,04-04-2020,RKI,3,3,0,1585958400000,16061,Eichsfeld,50,1,49,100380,106
DE-TH,06-04-2020,RKI,0,0,0,1586131200000,16061,Eichsfeld,50,1,49,100380,106
DE-TH,07-04-2020,RKI,3,0,3,1586217600000,16061,Eichsfeld,53,4,49,100380,106
DE-TH,08-04-2020,RKI,3,3,0,1586304000000,16061,Eichsfeld,56,4,52,100380,106
DE-TH,09-04-2020,RKI,5,5,0,1586390400000,16061,Eichsfeld,61,4,57,100380,106
DE-TH,10-04-2020,RKI,3,2,1,1586476800000,16061,Eichsfeld,64,5,59,100380,106
DE-TH,13-04-2020,RKI,2,2,0,1586736000000,16061,Eichsfeld,66,5,61,100380,106
DE-TH,14-04-2020,RKI,2,2,0,1586822400000,16061,Eichsfeld,68,5,63,100380,106
DE-TH,15-04-2020,RKI,2,2,0,1586908800000,16061,Eichsfeld,70,5,65,100380,106
DE-TH,16-04-2020,RKI,4,4,0,1586995200000,16061,Eichsfeld,74,5,69,100380,106
DE-TH,17-04-2020,RKI,1,1,0,1587081600000,16061,Eichsfeld,75,5,70,100380,106
DE-TH,18-04-2020,RKI,1,1,0,1587168000000,16061,Eichsfeld,76,5,71,100380,106
DE-TH,22-04-2020,RKI,3,3,0,1587513600000,16061,Eichsfeld,79,5,74,100380,106
DE-TH,23-04-2020,RKI,1,1,0,1587600000000,16061,Eichsfeld,80,5,75,100380,106
DE-TH,25-04-2020,RKI,0,0,0,1587772800000,16061,Eichsfeld,80,5,75,100380,106
DE-TH,26-04-2020,RKI,0,0,0,1587859200000,16061,Eichsfeld,80,5,75,100380,106
DE-TH,28-04-2020,RKI,9,5,4,1588032000000,16061,Eichsfeld,89,9,80,100380,106
DE-TH,29-04-2020,RKI,2,2,0,1588118400000,16061,Eichsfeld,91,9,82,100380,106
DE-TH,01-05-2020,RKI,1,1,0,1588291200000,16061,Eichsfeld,92,9,83,100380,106
DE-TH,02-05-2020,RKI,2,2,0,1588377600000,16061,Eichsfeld,94,9,85,100380,106
DE-TH,04-05-2020,RKI,0,0,0,1588550400000,16061,Eichsfeld,94,9,85,100380,106
DE-TH,07-05-2020,RKI,0,0,0,1588809600000,16061,Eichsfeld,94,9,85,100380,106
DE-TH,08-05-2020,RKI,0,0,0,1588896000000,16061,Eichsfeld,94,9,85,100380,106
DE-TH,12-05-2020,RKI,1,1,0,1589241600000,16061,Eichsfeld,95,9,86,100380,106
DE-TH,16-05-2020,RKI,0,0,0,1589587200000,16061,Eichsfeld,95,9,86,100380,106
DE-TH,19-05-2020,RKI,3,2,0,1589846400000,16061,Eichsfeld,98,9,88,100380,106
DE-TH,20-05-2020,RKI,1,1,0,1589932800000,16061,Eichsfeld,99,9,89,100380,106
DE-TH,21-05-2020,RKI,5,5,0,1590019200000,16061,Eichsfeld,104,9,94,100380,106
DE-TH,26-05-2020,RKI,0,0,0,1590451200000,16061,Eichsfeld,104,9,94,100380,106
DE-TH,27-05-2020,RKI,0,0,0,1590537600000,16061,Eichsfeld,104,9,94,100380,106
DE-TH,29-05-2020,RKI,1,1,0,1590710400000,16061,Eichsfeld,105,9,95,100380,106
DE-TH,30-05-2020,RKI,1,0,0,1590796800000,16061,Eichsfeld,106,9,95,100380,106
DE-TH,05-06-2020,RKI,0,0,0,1591315200000,16061,Eichsfeld,106,9,95,100380,106
DE-TH,20-03-2020,RKI,0,0,0,1584662400000,16062,Nordhausen,1,0,1,83822,117
DE-TH,23-03-2020,RKI,2,2,0,1584921600000,16062,Nordhausen,3,0,3,83822,117
DE-TH,25-03-2020,RKI,0,0,0,1585094400000,16062,Nordhausen,3,0,3,83822,117
DE-TH,26-03-2020,RKI,1,1,0,1585180800000,16062,Nordhausen,4,0,4,83822,117
DE-TH,27-03-2020,RKI,1,0,1,1585267200000,16062,Nordhausen,5,1,4,83822,117
DE-TH,28-03-2020,RKI,0,0,0,1585353600000,16062,Nordhausen,5,1,4,83822,117
DE-TH,29-03-2020,RKI,0,0,0,1585440000000,16062,Nordhausen,5,1,4,83822,117
DE-TH,30-03-2020,RKI,1,1,0,1585526400000,16062,Nordhausen,6,1,5,83822,117
DE-TH,01-04-2020,RKI,0,0,0,1585699200000,16062,Nordhausen,6,1,5,83822,117
DE-TH,02-04-2020,RKI,3,3,0,1585785600000,16062,Nordhausen,9,1,8,83822,117
DE-TH,04-04-2020,RKI,0,0,0,1585958400000,16062,Nordhausen,9,1,8,83822,117
DE-TH,07-04-2020,RKI,4,4,0,1586217600000,16062,Nordhausen,13,1,12,83822,117
DE-TH,08-04-2020,RKI,0,0,0,1586304000000,16062,Nordhausen,13,1,12,83822,117
DE-TH,09-04-2020,RKI,1,1,0,1586390400000,16062,Nordhausen,14,1,13,83822,117
DE-TH,10-04-2020,RKI,0,0,0,1586476800000,16062,Nordhausen,14,1,13,83822,117
DE-TH,11-04-2020,RKI,2,2,0,1586563200000,16062,Nordhausen,16,1,15,83822,117
DE-TH,12-04-2020,RKI,3,3,0,1586649600000,16062,Nordhausen,19,1,18,83822,117
DE-TH,14-04-2020,RKI,0,0,0,1586822400000,16062,Nordhausen,19,1,18,83822,117
DE-TH,15-04-2020,RKI,3,3,0,1586908800000,16062,Nordhausen,22,1,21,83822,117
DE-TH,16-04-2020,RKI,0,0,0,1586995200000,16062,Nordhausen,22,1,21,83822,117
DE-TH,17-04-2020,RKI,1,1,0,1587081600000,16062,Nordhausen,23,1,22,83822,117
DE-TH,18-04-2020,RKI,4,4,0,1587168000000,16062,Nordhausen,27,1,26,83822,117
DE-TH,19-04-2020,RKI,0,0,0,1587254400000,16062,Nordhausen,27,1,26,83822,117
DE-TH,20-04-2020,RKI,0,0,0,1587340800000,16062,Nordhausen,27,1,26,83822,117
DE-TH,23-04-2020,RKI,2,2,0,1587600000000,16062,Nordhausen,29,1,28,83822,117
DE-TH,25-04-2020,RKI,0,0,0,1587772800000,16062,Nordhausen,29,1,28,83822,117
DE-TH,27-04-2020,RKI,0,0,0,1587945600000,16062,Nordhausen,29,1,28,83822,117
DE-TH,29-04-2020,RKI,0,0,0,1588118400000,16062,Nordhausen,29,1,28,83822,117
DE-TH,07-05-2020,RKI,1,1,0,1588809600000,16062,Nordhausen,30,1,29,83822,117
DE-TH,14-05-2020,RKI,0,0,0,1589414400000,16062,Nordhausen,30,1,29,83822,117
DE-TH,03-06-2020,RKI,0,0,0,1591142400000,16062,Nordhausen,30,1,29,83822,117
DE-TH,04-06-2020,RKI,0,0,0,1591228800000,16062,Nordhausen,30,1,29,83822,117
DE-TH,05-06-2020,RKI,0,0,0,1591315200000,16062,Nordhausen,30,1,29,83822,117
DE-TH,16-03-2020,RKI,1,1,0,1584316800000,16063,Wartburgkreis,1,0,1,119726,94
DE-TH,17-03-2020,RKI,1,1,0,1584403200000,16063,Wartburgkreis,2,0,2,119726,94
DE-TH,19-03-2020,RKI,2,2,0,1584576000000,16063,Wartburgkreis,4,0,4,119726,94
DE-TH,20-03-2020,RKI,2,2,0,1584662400000,16063,Wartburgkreis,6,0,6,119726,94
DE-TH,22-03-2020,RKI,0,0,0,1584835200000,16063,Wartburgkreis,6,0,6,119726,94
DE-TH,23-03-2020,RKI,0,0,0,1584921600000,16063,Wartburgkreis,6,0,6,119726,94
DE-TH,24-03-2020,RKI,0,0,0,1585008000000,16063,Wartburgkreis,6,0,6,119726,94
DE-TH,28-03-2020,RKI,1,1,0,1585353600000,16063,Wartburgkreis,7,0,7,119726,94
DE-TH,30-03-2020,RKI,0,0,0,1585526400000,16063,Wartburgkreis,7,0,7,119726,94
DE-TH,31-03-2020,RKI,6,6,0,1585612800000,16063,Wartburgkreis,13,0,13,119726,94
DE-TH,02-04-2020,RKI,1,1,0,1585785600000,16063,Wartburgkreis,14,0,14,119726,94
DE-TH,07-04-2020,RKI,2,2,0,1586217600000,16063,Wartburgkreis,16,0,16,119726,94
DE-TH,09-04-2020,RKI,0,0,0,1586390400000,16063,Wartburgkreis,16,0,16,119726,94
DE-TH,10-04-2020,RKI,0,0,0,1586476800000,16063,Wartburgkreis,16,0,16,119726,94
DE-TH,14-04-2020,RKI,0,0,0,1586822400000,16063,Wartburgkreis,16,0,16,119726,94
DE-TH,17-04-2020,RKI,1,1,0,1587081600000,16063,Wartburgkreis,17,0,17,119726,94
DE-TH,20-04-2020,RKI,0,0,0,1587340800000,16063,Wartburgkreis,17,0,17,119726,94
DE-TH,24-04-2020,RKI,0,0,0,1587686400000,16063,Wartburgkreis,17,0,17,119726,94
DE-TH,25-04-2020,RKI,0,0,0,1587772800000,16063,Wartburgkreis,17,0,17,119726,94
DE-TH,27-04-2020,RKI,0,0,0,1587945600000,16063,Wartburgkreis,17,0,17,119726,94
DE-TH,29-04-2020,RKI,1,1,0,1588118400000,16063,Wartburgkreis,18,0,18,119726,94
DE-TH,01-05-2020,RKI,0,0,0,1588291200000,16063,Wartburgkreis,18,0,18,119726,94
DE-TH,02-05-2020,RKI,1,1,0,1588377600000,16063,Wartburgkreis,19,0,19,119726,94
DE-TH,06-05-2020,RKI,0,0,0,1588723200000,16063,Wartburgkreis,19,0,19,119726,94
DE-TH,08-05-2020,RKI,1,1,0,1588896000000,16063,Wartburgkreis,20,0,20,119726,94
DE-TH,09-05-2020,RKI,1,1,0,1588982400000,16063,Wartburgkreis,21,0,21,119726,94
DE-TH,11-05-2020,RKI,2,2,0,1589155200000,16063,Wartburgkreis,23,0,23,119726,94
DE-TH,13-05-2020,RKI,0,0,0,1589328000000,16063,Wartburgkreis,23,0,23,119726,94
DE-TH,14-05-2020,RKI,3,3,0,1589414400000,16063,Wartburgkreis,26,0,26,119726,94
DE-TH,16-05-2020,RKI,1,1,0,1589587200000,16063,Wartburgkreis,27,0,27,119726,94
DE-TH,20-05-2020,RKI,4,4,0,1589932800000,16063,Wartburgkreis,31,0,31,119726,94
DE-TH,22-05-2020,RKI,1,1,0,1590105600000,16063,Wartburgkreis,32,0,32,119726,94
DE-TH,23-05-2020,RKI,0,0,0,1590192000000,16063,Wartburgkreis,32,0,32,119726,94
DE-TH,26-05-2020,RKI,3,0,0,1590451200000,16063,Wartburgkreis,35,0,32,119726,94
DE-TH,27-05-2020,RKI,0,0,0,1590537600000,16063,Wartburgkreis,35,0,32,119726,94
DE-TH,03-06-2020,RKI,0,0,0,1591142400000,16063,Wartburgkreis,35,0,32,119726,94
DE-TH,04-06-2020,RKI,0,0,0,1591228800000,16063,Wartburgkreis,35,0,32,119726,94
DE-TH,17-03-2020,RKI,0,0,0,1584403200000,16064,Unstrut-Hainich-Kreis,0,0,0,102912,105
DE-TH,19-03-2020,RKI,2,2,0,1584576000000,16064,Unstrut-Hainich-Kreis,2,0,2,102912,105
DE-TH,23-03-2020,RKI,0,0,0,1584921600000,16064,Unstrut-Hainich-Kreis,2,0,2,102912,105
DE-TH,24-03-2020,RKI,0,0,0,1585008000000,16064,Unstrut-Hainich-Kreis,2,0,2,102912,105
DE-TH,25-03-2020,RKI,0,0,0,1585094400000,16064,Unstrut-Hainich-Kreis,2,0,2,102912,105
DE-TH,26-03-2020,RKI,1,1,0,1585180800000,16064,Unstrut-Hainich-Kreis,3,0,3,102912,105
DE-TH,29-03-2020,RKI,0,0,0,1585440000000,16064,Unstrut-Hainich-Kreis,3,0,3,102912,105
DE-TH,30-03-2020,RKI,4,4,0,1585526400000,16064,Unstrut-Hainich-Kreis,7,0,7,102912,105
DE-TH,31-03-2020,RKI,2,2,0,1585612800000,16064,Unstrut-Hainich-Kreis,9,0,9,102912,105
DE-TH,01-04-2020,RKI,1,1,0,1585699200000,16064,Unstrut-Hainich-Kreis,10,0,10,102912,105
DE-TH,02-04-2020,RKI,4,3,1,1585785600000,16064,Unstrut-Hainich-Kreis,14,1,13,102912,105
DE-TH,03-04-2020,RKI,4,4,0,1585872000000,16064,Unstrut-Hainich-Kreis,18,1,17,102912,105
DE-TH,04-04-2020,RKI,3,3,0,1585958400000,16064,Unstrut-Hainich-Kreis,21,1,20,102912,105
DE-TH,07-04-2020,RKI,5,5,0,1586217600000,16064,Unstrut-Hainich-Kreis,26,1,25,102912,105
DE-TH,08-04-2020,RKI,1,1,0,1586304000000,16064,Unstrut-Hainich-Kreis,27,1,26,102912,105
DE-TH,09-04-2020,RKI,3,2,1,1586390400000,16064,Unstrut-Hainich-Kreis,30,2,28,102912,105
DE-TH,11-04-2020,RKI,4,4,0,1586563200000,16064,Unstrut-Hainich-Kreis,34,2,32,102912,105
DE-TH,14-04-2020,RKI,2,2,0,1586822400000,16064,Unstrut-Hainich-Kreis,36,2,34,102912,105
DE-TH,15-04-2020,RKI,1,1,0,1586908800000,16064,Unstrut-Hainich-Kreis,37,2,35,102912,105
DE-TH,16-04-2020,RKI,3,3,0,1586995200000,16064,Unstrut-Hainich-Kreis,40,2,38,102912,105
DE-TH,18-04-2020,RKI,0,0,0,1587168000000,16064,Unstrut-Hainich-Kreis,40,2,38,102912,105
DE-TH,20-04-2020,RKI,1,1,0,1587340800000,16064,Unstrut-Hainich-Kreis,41,2,39,102912,105
DE-TH,21-04-2020,RKI,0,0,0,1587427200000,16064,Unstrut-Hainich-Kreis,41,2,39,102912,105
DE-TH,22-04-2020,RKI,2,1,1,1587513600000,16064,Unstrut-Hainich-Kreis,43,3,40,102912,105
DE-TH,24-04-2020,RKI,1,1,0,1587686400000,16064,Unstrut-Hainich-Kreis,44,3,41,102912,105
DE-TH,28-04-2020,RKI,3,3,0,1588032000000,16064,Unstrut-Hainich-Kreis,47,3,44,102912,105
DE-TH,29-04-2020,RKI,0,0,0,1588118400000,16064,Unstrut-Hainich-Kreis,47,3,44,102912,105
DE-TH,30-04-2020,RKI,0,0,0,1588204800000,16064,Unstrut-Hainich-Kreis,47,3,44,102912,105
DE-TH,02-05-2020,RKI,0,0,0,1588377600000,16064,Unstrut-Hainich-Kreis,47,3,44,102912,105
DE-TH,26-05-2020,RKI,0,0,0,1590451200000,16064,Unstrut-Hainich-Kreis,47,3,44,102912,105
DE-TH,28-05-2020,RKI,0,0,0,1590624000000,16064,Unstrut-Hainich-Kreis,47,3,44,102912,105
DE-TH,30-05-2020,RKI,1,0,0,1590796800000,16064,Unstrut-Hainich-Kreis,48,3,44,102912,105
DE-TH,03-06-2020,RKI,0,0,0,1591142400000,16064,Unstrut-Hainich-Kreis,48,3,44,102912,105
DE-TH,05-06-2020,RKI,0,0,0,1591315200000,16064,Unstrut-Hainich-Kreis,48,3,44,102912,105
DE-TH,12-03-2020,RKI,2,2,0,1583971200000,16065,Kyffhäuserkreis,3,0,3,75009,72
DE-TH,13-03-2020,RKI,0,0,0,1584057600000,16065,Kyffhäuserkreis,3,0,3,75009,72
DE-TH,16-03-2020,RKI,0,0,0,1584316800000,16065,Kyffhäuserkreis,3,0,3,75009,72
DE-TH,18-03-2020,RKI,0,0,0,1584489600000,16065,Kyffhäuserkreis,3,0,3,75009,72
DE-TH,19-03-2020,RKI,1,1,0,1584576000000,16065,Kyffhäuserkreis,4,0,4,75009,72
DE-TH,20-03-2020,RKI,1,1,0,1584662400000,16065,Kyffhäuserkreis,5,0,5,75009,72
DE-TH,24-03-2020,RKI,2,2,0,1585008000000,16065,Kyffhäuserkreis,7,0,7,75009,72
DE-TH,25-03-2020,RKI,1,1,0,1585094400000,16065,Kyffhäuserkreis,8,0,8,75009,72
DE-TH,27-03-2020,RKI,1,1,0,1585267200000,16065,Kyffhäuserkreis,9,0,9,75009,72
DE-TH,31-03-2020,RKI,3,3,0,1585612800000,16065,Kyffhäuserkreis,12,0,12,75009,72
DE-TH,02-04-2020,RKI,1,1,0,1585785600000,16065,Kyffhäuserkreis,13,0,13,75009,72
DE-TH,03-04-2020,RKI,1,1,0,1585872000000,16065,Kyffhäuserkreis,14,0,14,75009,72
DE-TH,07-04-2020,RKI,0,0,0,1586217600000,16065,Kyffhäuserkreis,14,0,14,75009,72
DE-TH,08-04-2020,RKI,5,5,0,1586304000000,16065,Kyffhäuserkreis,19,0,19,75009,72
DE-TH,09-04-2020,RKI,0,0,0,1586390400000,16065,Kyffhäuserkreis,19,0,19,75009,72
DE-TH,20-04-2020,RKI,0,0,0,1587340800000,16065,Kyffhäuserkreis,19,0,19,75009,72
DE-TH,22-04-2020,RKI,0,0,0,1587513600000,16065,Kyffhäuserkreis,19,0,19,75009,72
DE-TH,28-04-2020,RKI,0,0,0,1588032000000,16065,Kyffhäuserkreis,19,0,19,75009,72
DE-TH,29-04-2020,RKI,0,0,0,1588118400000,16065,Kyffhäuserkreis,19,0,19,75009,72
DE-TH,01-05-2020,RKI,1,1,0,1588291200000,16065,Kyffhäuserkreis,20,0,20,75009,72
DE-TH,11-05-2020,RKI,1,1,0,1589155200000,16065,Kyffhäuserkreis,21,0,21,75009,72
DE-TH,13-05-2020,RKI,0,0,0,1589328000000,16065,Kyffhäuserkreis,21,0,21,75009,72
DE-TH,16-05-2020,RKI,0,0,0,1589587200000,16065,Kyffhäuserkreis,21,0,21,75009,72
DE-TH,13-03-2020,RKI,0,0,0,1584057600000,16066,Schmalkalden-Meiningen,0,0,0,125646,100
DE-TH,17-03-2020,RKI,2,2,0,1584403200000,16066,Schmalkalden-Meiningen,2,0,2,125646,100
DE-TH,18-03-2020,RKI,2,2,0,1584489600000,16066,Schmalkalden-Meiningen,4,0,4,125646,100
DE-TH,19-03-2020,RKI,2,2,0,1584576000000,16066,Schmalkalden-Meiningen,6,0,6,125646,100
DE-TH,20-03-2020,RKI,3,3,0,1584662400000,16066,Schmalkalden-Meiningen,9,0,9,125646,100
DE-TH,23-03-2020,RKI,1,1,0,1584921600000,16066,Schmalkalden-Meiningen,10,0,10,125646,100
DE-TH,24-03-2020,RKI,3,3,0,1585008000000,16066,Schmalkalden-Meiningen,13,0,13,125646,100
DE-TH,25-03-2020,RKI,1,1,0,1585094400000,16066,Schmalkalden-Meiningen,14,0,14,125646,100
DE-TH,26-03-2020,RKI,3,3,0,1585180800000,16066,Schmalkalden-Meiningen,17,0,17,125646,100
DE-TH,27-03-2020,RKI,2,2,0,1585267200000,16066,Schmalkalden-Meiningen,19,0,19,125646,100
DE-TH,28-03-2020,RKI,0,0,0,1585353600000,16066,Schmalkalden-Meiningen,19,0,19,125646,100
DE-TH,31-03-2020,RKI,1,1,0,1585612800000,16066,Schmalkalden-Meiningen,20,0,20,125646,100
DE-TH,02-04-2020,RKI,0,0,0,1585785600000,16066,Schmalkalden-Meiningen,20,0,20,125646,100
DE-TH,03-04-2020,RKI,0,0,0,1585872000000,16066,Schmalkalden-Meiningen,20,0,20,125646,100
DE-TH,04-04-2020,RKI,1,1,0,1585958400000,16066,Schmalkalden-Meiningen,21,0,21,125646,100
DE-TH,07-04-2020,RKI,5,5,0,1586217600000,16066,Schmalkalden-Meiningen,26,0,26,125646,100
DE-TH,08-04-2020,RKI,5,5,0,1586304000000,16066,Schmalkalden-Meiningen,31,0,31,125646,100
DE-TH,09-04-2020,RKI,3,3,0,1586390400000,16066,Schmalkalden-Meiningen,34,0,34,125646,100
DE-TH,10-04-2020,RKI,1,0,1,1586476800000,16066,Schmalkalden-Meiningen,35,1,34,125646,100
DE-TH,13-04-2020,RKI,1,1,0,1586736000000,16066,Schmalkalden-Meiningen,36,1,35,125646,100
DE-TH,14-04-2020,RKI,3,3,0,1586822400000,16066,Schmalkalden-Meiningen,39,1,38,125646,100
DE-TH,15-04-2020,RKI,3,3,0,1586908800000,16066,Schmalkalden-Meiningen,42,1,41,125646,100
DE-TH,16-04-2020,RKI,3,3,0,1586995200000,16066,Schmalkalden-Meiningen,45,1,44,125646,100
DE-TH,17-04-2020,RKI,0,0,0,1587081600000,16066,Schmalkalden-Meiningen,45,1,44,125646,100
DE-TH,18-04-2020,RKI,1,1,0,1587168000000,16066,Schmalkalden-Meiningen,46,1,45,125646,100
DE-TH,20-04-2020,RKI,1,1,0,1587340800000,16066,Schmalkalden-Meiningen,47,1,46,125646,100
DE-TH,21-04-2020,RKI,0,0,0,1587427200000,16066,Schmalkalden-Meiningen,47,1,46,125646,100
DE-TH,22-04-2020,RKI,5,5,0,1587513600000,16066,Schmalkalden-Meiningen,52,1,51,125646,100
DE-TH,23-04-2020,RKI,5,5,0,1587600000000,16066,Schmalkalden-Meiningen,57,1,56,125646,100
DE-TH,24-04-2020,RKI,1,1,0,1587686400000,16066,Schmalkalden-Meiningen,58,1,57,125646,100
DE-TH,27-04-2020,RKI,1,1,0,1587945600000,16066,Schmalkalden-Meiningen,59,1,58,125646,100
DE-TH,28-04-2020,RKI,1,1,0,1588032000000,16066,Schmalkalden-Meiningen,60,1,59,125646,100
DE-TH,29-04-2020,RKI,1,1,0,1588118400000,16066,Schmalkalden-Meiningen,61,1,60,125646,100
DE-TH,30-04-2020,RKI,2,2,0,1588204800000,16066,Schmalkalden-Meiningen,63,1,62,125646,100
DE-TH,05-05-2020,RKI,3,3,0,1588636800000,16066,Schmalkalden-Meiningen,66,1,65,125646,100
DE-TH,06-05-2020,RKI,1,1,0,1588723200000,16066,Schmalkalden-Meiningen,67,1,66,125646,100
DE-TH,07-05-2020,RKI,1,1,0,1588809600000,16066,Schmalkalden-Meiningen,68,1,67,125646,100
DE-TH,08-05-2020,RKI,2,2,0,1588896000000,16066,Schmalkalden-Meiningen,70,1,69,125646,100
DE-TH,09-05-2020,RKI,1,1,0,1588982400000,16066,Schmalkalden-Meiningen,71,1,70,125646,100
DE-TH,11-05-2020,RKI,0,0,0,1589155200000,16066,Schmalkalden-Meiningen,71,1,70,125646,100
DE-TH,12-05-2020,RKI,0,0,0,1589241600000,16066,Schmalkalden-Meiningen,71,1,70,125646,100
DE-TH,14-05-2020,RKI,2,1,0,1589414400000,16066,Schmalkalden-Meiningen,73,1,71,125646,100
DE-TH,15-05-2020,RKI,0,0,0,1589500800000,16066,Schmalkalden-Meiningen,73,1,71,125646,100
DE-TH,17-05-2020,RKI,0,0,0,1589673600000,16066,Schmalkalden-Meiningen,73,1,71,125646,100
DE-TH,19-05-2020,RKI,0,0,0,1589846400000,16066,Schmalkalden-Meiningen,73,1,71,125646,100
DE-TH,20-05-2020,RKI,0,0,0,1589932800000,16066,Schmalkalden-Meiningen,73,1,71,125646,100
DE-TH,23-05-2020,RKI,1,0,0,1590192000000,16066,Schmalkalden-Meiningen,74,1,71,125646,100
DE-TH,25-05-2020,RKI,0,0,0,1590364800000,16066,Schmalkalden-Meiningen,74,1,71,125646,100
DE-TH,26-05-2020,RKI,3,2,0,1590451200000,16066,Schmalkalden-Meiningen,77,1,73,125646,100
DE-TH,27-05-2020,RKI,0,0,0,1590537600000,16066,Schmalkalden-Meiningen,77,1,73,125646,100
DE-TH,28-05-2020,RKI,0,0,0,1590624000000,16066,Schmalkalden-Meiningen,77,1,73,125646,100
DE-TH,29-05-2020,RKI,0,0,0,1590710400000,16066,Schmalkalden-Meiningen,77,1,73,125646,100
DE-TH,30-05-2020,RKI,0,0,0,1590796800000,16066,Schmalkalden-Meiningen,77,1,73,125646,100
DE-TH,31-05-2020,RKI,0,0,0,1590883200000,16066,Schmalkalden-Meiningen,77,1,73,125646,100
DE-TH,02-06-2020,RKI,0,0,0,1591056000000,16066,Schmalkalden-Meiningen,77,1,73,125646,100
DE-TH,04-06-2020,RKI,1,0,0,1591228800000,16066,Schmalkalden-Meiningen,78,1,73,125646,100
DE-TH,05-06-2020,RKI,0,0,0,1591315200000,16066,Schmalkalden-Meiningen,78,1,73,125646,100
DE-TH,19-03-2020,RKI,2,2,0,1584576000000,16067,Gotha,2,0,2,135452,145
DE-TH,20-03-2020,RKI,4,4,0,1584662400000,16067,Gotha,6,0,6,135452,145
DE-TH,23-03-2020,RKI,5,5,0,1584921600000,16067,Gotha,11,0,11,135452,145
DE-TH,24-03-2020,RKI,1,1,0,1585008000000,16067,Gotha,12,0,12,135452,145
DE-TH,26-03-2020,RKI,2,2,0,1585180800000,16067,Gotha,14,0,14,135452,145
DE-TH,27-03-2020,RKI,0,0,0,1585267200000,16067,Gotha,14,0,14,135452,145
DE-TH,29-03-2020,RKI,0,0,0,1585440000000,16067,Gotha,14,0,14,135452,145
DE-TH,30-03-2020,RKI,0,0,0,1585526400000,16067,Gotha,14,0,14,135452,145
DE-TH,31-03-2020,RKI,3,3,0,1585612800000,16067,Gotha,17,0,17,135452,145
DE-TH,01-04-2020,RKI,0,0,0,1585699200000,16067,Gotha,17,0,17,135452,145
DE-TH,02-04-2020,RKI,5,4,1,1585785600000,16067,Gotha,22,1,21,135452,145
DE-TH,03-04-2020,RKI,0,0,0,1585872000000,16067,Gotha,22,1,21,135452,145
DE-TH,04-04-2020,RKI,0,0,0,1585958400000,16067,Gotha,22,1,21,135452,145
DE-TH,06-04-2020,RKI,3,3,0,1586131200000,16067,Gotha,25,1,24,135452,145
DE-TH,07-04-2020,RKI,6,5,1,1586217600000,16067,Gotha,31,2,29,135452,145
DE-TH,08-04-2020,RKI,7,7,0,1586304000000,16067,Gotha,38,2,36,135452,145
DE-TH,09-04-2020,RKI,2,2,0,1586390400000,16067,Gotha,40,2,38,135452,145
DE-TH,10-04-2020,RKI,4,2,2,1586476800000,16067,Gotha,44,4,40,135452,145
DE-TH,11-04-2020,RKI,7,6,1,1586563200000,16067,Gotha,51,5,46,135452,145
DE-TH,12-04-2020,RKI,2,2,0,1586649600000,16067,Gotha,53,5,48,135452,145
DE-TH,13-04-2020,RKI,9,8,1,1586736000000,16067,Gotha,62,6,56,135452,145
DE-TH,14-04-2020,RKI,4,3,1,1586822400000,16067,Gotha,66,7,59,135452,145
DE-TH,15-04-2020,RKI,8,7,1,1586908800000,16067,Gotha,74,8,66,135452,145
DE-TH,16-04-2020,RKI,9,9,0,1586995200000,16067,Gotha,83,8,75,135452,145
DE-TH,17-04-2020,RKI,7,6,1,1587081600000,16067,Gotha,90,9,81,135452,145
DE-TH,18-04-2020,RKI,10,9,1,1587168000000,16067,Gotha,100,10,90,135452,145
DE-TH,19-04-2020,RKI,0,0,0,1587254400000,16067,Gotha,100,10,90,135452,145
DE-TH,20-04-2020,RKI,3,1,2,1587340800000,16067,Gotha,103,12,91,135452,145
DE-TH,21-04-2020,RKI,15,14,1,1587427200000,16067,Gotha,118,13,105,135452,145
DE-TH,22-04-2020,RKI,13,12,1,1587513600000,16067,Gotha,131,14,117,135452,145
DE-TH,23-04-2020,RKI,6,6,0,1587600000000,16067,Gotha,137,14,123,135452,145
DE-TH,24-04-2020,RKI,11,11,0,1587686400000,16067,Gotha,148,14,134,135452,145
DE-TH,25-04-2020,RKI,1,1,0,1587772800000,16067,Gotha,149,14,135,135452,145
DE-TH,26-04-2020,RKI,6,5,1,1587859200000,16067,Gotha,155,15,140,135452,145
DE-TH,27-04-2020,RKI,5,3,2,1587945600000,16067,Gotha,160,17,143,135452,145
DE-TH,28-04-2020,RKI,18,15,2,1588032000000,16067,Gotha,178,19,158,135452,145
DE-TH,29-04-2020,RKI,10,9,1,1588118400000,16067,Gotha,188,20,167,135452,145
DE-TH,30-04-2020,RKI,13,10,3,1588204800000,16067,Gotha,201,23,177,135452,145
DE-TH,01-05-2020,RKI,0,0,0,1588291200000,16067,Gotha,201,23,177,135452,145
DE-TH,05-05-2020,RKI,2,1,1,1588636800000,16067,Gotha,203,24,178,135452,145
DE-TH,06-05-2020,RKI,4,3,1,1588723200000,16067,Gotha,207,25,181,135452,145
DE-TH,07-05-2020,RKI,7,7,0,1588809600000,16067,Gotha,214,25,188,135452,145
DE-TH,08-05-2020,RKI,2,2,0,1588896000000,16067,Gotha,216,25,190,135452,145
DE-TH,09-05-2020,RKI,3,2,1,1588982400000,16067,Gotha,219,26,192,135452,145
DE-TH,10-05-2020,RKI,3,2,1,1589068800000,16067,Gotha,222,27,194,135452,145
DE-TH,11-05-2020,RKI,0,0,0,1589155200000,16067,Gotha,222,27,194,135452,145
DE-TH,12-05-2020,RKI,0,0,0,1589241600000,16067,Gotha,222,27,194,135452,145
DE-TH,13-05-2020,RKI,0,0,0,1589328000000,16067,Gotha,222,27,194,135452,145
DE-TH,14-05-2020,RKI,0,0,0,1589414400000,16067,Gotha,222,27,194,135452,145
DE-TH,15-05-2020,RKI,2,1,1,1589500800000,16067,Gotha,224,28,195,135452,145
DE-TH,18-05-2020,RKI,0,0,0,1589760000000,16067,Gotha,224,28,195,135452,145
DE-TH,20-05-2020,RKI,1,1,0,1589932800000,16067,Gotha,225,28,196,135452,145
DE-TH,22-05-2020,RKI,1,1,0,1590105600000,16067,Gotha,226,28,197,135452,145
DE-TH,23-05-2020,RKI,0,0,0,1590192000000,16067,Gotha,226,28,197,135452,145
DE-TH,26-05-2020,RKI,4,1,0,1590451200000,16067,Gotha,230,28,198,135452,145
DE-TH,27-05-2020,RKI,5,2,0,1590537600000,16067,Gotha,235,28,200,135452,145
DE-TH,28-05-2020,RKI,4,1,0,1590624000000,16067,Gotha,239,28,201,135452,145
DE-TH,03-06-2020,RKI,0,0,0,1591142400000,16067,Gotha,239,28,201,135452,145
DE-TH,04-06-2020,RKI,0,0,0,1591228800000,16067,Gotha,239,28,201,135452,145
DE-TH,05-06-2020,RKI,1,0,0,1591315200000,16067,Gotha,240,28,201,135452,145
DE-TH,20-03-2020,RKI,0,0,0,1584662400000,16068,Sömmerda,1,0,1,69655,86
DE-TH,21-03-2020,RKI,0,0,0,1584748800000,16068,Sömmerda,1,0,1,69655,86
DE-TH,22-03-2020,RKI,1,1,0,1584835200000,16068,Sömmerda,2,0,2,69655,86
DE-TH,23-03-2020,RKI,1,1,0,1584921600000,16068,Sömmerda,3,0,3,69655,86
DE-TH,24-03-2020,RKI,0,0,0,1585008000000,16068,Sömmerda,3,0,3,69655,86
DE-TH,25-03-2020,RKI,3,3,0,1585094400000,16068,Sömmerda,6,0,6,69655,86
DE-TH,26-03-2020,RKI,5,5,0,1585180800000,16068,Sömmerda,11,0,11,69655,86
DE-TH,27-03-2020,RKI,2,2,0,1585267200000,16068,Sömmerda,13,0,13,69655,86
DE-TH,31-03-2020,RKI,0,0,0,1585612800000,16068,Sömmerda,13,0,13,69655,86
DE-TH,01-04-2020,RKI,2,2,0,1585699200000,16068,Sömmerda,15,0,15,69655,86
DE-TH,02-04-2020,RKI,1,1,0,1585785600000,16068,Sömmerda,16,0,16,69655,86
DE-TH,05-04-2020,RKI,0,0,0,1586044800000,16068,Sömmerda,16,0,16,69655,86
DE-TH,07-04-2020,RKI,0,0,0,1586217600000,16068,Sömmerda,16,0,16,69655,86
DE-TH,08-04-2020,RKI,0,0,0,1586304000000,16068,Sömmerda,16,0,16,69655,86
DE-TH,09-04-2020,RKI,0,0,0,1586390400000,16068,Sömmerda,16,0,16,69655,86
DE-TH,16-04-2020,RKI,0,0,0,1586995200000,16068,Sömmerda,16,0,16,69655,86
DE-TH,21-04-2020,RKI,2,2,0,1587427200000,16068,Sömmerda,18,0,18,69655,86
DE-TH,01-05-2020,RKI,0,0,0,1588291200000,16068,Sömmerda,18,0,18,69655,86
DE-TH,24-03-2020,RKI,0,0,0,1585008000000,16069,Hildburghausen,0,0,0,63553,68
DE-TH,25-03-2020,RKI,0,0,0,1585094400000,16069,Hildburghausen,0,0,0,63553,68
DE-TH,26-03-2020,RKI,2,2,0,1585180800000,16069,Hildburghausen,2,0,2,63553,68
DE-TH,27-03-2020,RKI,0,0,0,1585267200000,16069,Hildburghausen,2,0,2,63553,68
DE-TH,30-03-2020,RKI,1,1,0,1585526400000,16069,Hildburghausen,3,0,3,63553,68
DE-TH,31-03-2020,RKI,0,0,0,1585612800000,16069,Hildburghausen,3,0,3,63553,68
DE-TH,03-04-2020,RKI,0,0,0,1585872000000,16069,Hildburghausen,3,0,3,63553,68
DE-TH,08-04-2020,RKI,0,0,0,1586304000000,16069,Hildburghausen,3,0,3,63553,68
DE-TH,09-04-2020,RKI,0,0,0,1586390400000,16069,Hildburghausen,3,0,3,63553,68
DE-TH,11-04-2020,RKI,0,0,0,1586563200000,16069,Hildburghausen,3,0,3,63553,68
DE-TH,12-04-2020,RKI,0,0,0,1586649600000,16069,Hildburghausen,3,0,3,63553,68
DE-TH,16-04-2020,RKI,0,0,0,1586995200000,16069,Hildburghausen,3,0,3,63553,68
DE-TH,17-04-2020,RKI,1,1,0,1587081600000,16069,Hildburghausen,4,0,4,63553,68
DE-TH,23-04-2020,RKI,0,0,0,1587600000000,16069,Hildburghausen,4,0,4,63553,68
DE-TH,24-04-2020,RKI,0,0,0,1587686400000,16069,Hildburghausen,4,0,4,63553,68
DE-TH,29-04-2020,RKI,1,1,0,1588118400000,16069,Hildburghausen,5,0,5,63553,68
DE-TH,30-04-2020,RKI,0,0,0,1588204800000,16069,Hildburghausen,5,0,5,63553,68
DE-TH,04-05-2020,RKI,0,0,0,1588550400000,16069,Hildburghausen,5,0,5,63553,68
DE-TH,06-05-2020,RKI,2,2,0,1588723200000,16069,Hildburghausen,7,0,7,63553,68
DE-TH,07-05-2020,RKI,0,0,0,1588809600000,16069,Hildburghausen,7,0,7,63553,68
DE-TH,08-05-2020,RKI,2,2,0,1588896000000,16069,Hildburghausen,9,0,9,63553,68
DE-TH,12-05-2020,RKI,0,0,0,1589241600000,16069,Hildburghausen,9,0,9,63553,68
DE-TH,19-05-2020,RKI,0,0,0,1589846400000,16069,Hildburghausen,9,0,9,63553,68
DE-TH,20-05-2020,RKI,1,0,0,1589932800000,16069,Hildburghausen,10,0,9,63553,68
DE-TH,23-05-2020,RKI,1,1,0,1590192000000,16069,Hildburghausen,11,0,10,63553,68
DE-TH,24-05-2020,RKI,1,0,0,1590278400000,16069,Hildburghausen,12,0,10,63553,68
DE-TH,29-05-2020,RKI,2,0,0,1590710400000,16069,Hildburghausen,14,0,10,63553,68
DE-TH,01-06-2020,RKI,0,0,0,1590969600000,16069,Hildburghausen,14,0,10,63553,68
DE-TH,03-06-2020,RKI,8,0,0,1591142400000,16069,Hildburghausen,22,0,10,63553,68
DE-TH,05-06-2020,RKI,0,0,0,1591315200000,16069,Hildburghausen,22,0,10,63553,68
DE-TH,17-03-2020,RKI,0,0,0,1584403200000,16070,Ilm-Kreis,0,0,0,106622,132
DE-TH,18-03-2020,RKI,0,0,0,1584489600000,16070,Ilm-Kreis,0,0,0,106622,132
DE-TH,19-03-2020,RKI,0,0,0,1584576000000,16070,Ilm-Kreis,0,0,0,106622,132
DE-TH,20-03-2020,RKI,3,3,0,1584662400000,16070,Ilm-Kreis,3,0,3,106622,132
DE-TH,21-03-2020,RKI,1,1,0,1584748800000,16070,Ilm-Kreis,4,0,4,106622,132
DE-TH,22-03-2020,RKI,0,0,0,1584835200000,16070,Ilm-Kreis,4,0,4,106622,132
DE-TH,23-03-2020,RKI,0,0,0,1584921600000,16070,Ilm-Kreis,4,0,4,106622,132
DE-TH,24-03-2020,RKI,7,7,0,1585008000000,16070,Ilm-Kreis,11,0,11,106622,132
DE-TH,25-03-2020,RKI,8,8,0,1585094400000,16070,Ilm-Kreis,19,0,19,106622,132
DE-TH,26-03-2020,RKI,8,8,0,1585180800000,16070,Ilm-Kreis,27,0,27,106622,132
DE-TH,27-03-2020,RKI,11,11,0,1585267200000,16070,Ilm-Kreis,38,0,38,106622,132
DE-TH,28-03-2020,RKI,3,3,0,1585353600000,16070,Ilm-Kreis,41,0,41,106622,132
DE-TH,30-03-2020,RKI,2,2,0,1585526400000,16070,Ilm-Kreis,43,0,43,106622,132
DE-TH,31-03-2020,RKI,6,5,1,1585612800000,16070,Ilm-Kreis,49,1,48,106622,132
DE-TH,02-04-2020,RKI,8,8,0,1585785600000,16070,Ilm-Kreis,57,1,56,106622,132
DE-TH,03-04-2020,RKI,5,5,0,1585872000000,16070,Ilm-Kreis,62,1,61,106622,132
DE-TH,04-04-2020,RKI,11,11,0,1585958400000,16070,Ilm-Kreis,73,1,72,106622,132
DE-TH,06-04-2020,RKI,3,2,1,1586131200000,16070,Ilm-Kreis,76,2,74,106622,132
DE-TH,07-04-2020,RKI,0,0,0,1586217600000,16070,Ilm-Kreis,76,2,74,106622,132
DE-TH,08-04-2020,RKI,1,0,1,1586304000000,16070,Ilm-Kreis,77,3,74,106622,132
DE-TH,09-04-2020,RKI,1,0,1,1586390400000,16070,Ilm-Kreis,78,4,74,106622,132
DE-TH,13-04-2020,RKI,0,0,0,1586736000000,16070,Ilm-Kreis,78,4,74,106622,132
DE-TH,15-04-2020,RKI,0,0,0,1586908800000,16070,Ilm-Kreis,78,4,74,106622,132
DE-TH,16-04-2020,RKI,2,2,0,1586995200000,16070,Ilm-Kreis,80,4,76,106622,132
DE-TH,17-04-2020,RKI,2,2,0,1587081600000,16070,Ilm-Kreis,82,4,78,106622,132
DE-TH,18-04-2020,RKI,1,1,0,1587168000000,16070,Ilm-Kreis,83,4,79,106622,132
DE-TH,20-04-2020,RKI,0,0,0,1587340800000,16070,Ilm-Kreis,83,4,79,106622,132
DE-TH,21-04-2020,RKI,5,5,0,1587427200000,16070,Ilm-Kreis,88,4,84,106622,132
DE-TH,22-04-2020,RKI,0,0,0,1587513600000,16070,Ilm-Kreis,88,4,84,106622,132
DE-TH,24-04-2020,RKI,0,0,0,1587686400000,16070,Ilm-Kreis,88,4,84,106622,132
DE-TH,01-05-2020,RKI,0,0,0,1588291200000,16070,Ilm-Kreis,88,4,84,106622,132
DE-TH,02-05-2020,RKI,0,0,0,1588377600000,16070,Ilm-Kreis,88,4,84,106622,132
DE-TH,05-05-2020,RKI,1,1,0,1588636800000,16070,Ilm-Kreis,89,4,85,106622,132
DE-TH,06-05-2020,RKI,1,1,0,1588723200000,16070,Ilm-Kreis,90,4,86,106622,132
DE-TH,09-05-2020,RKI,1,1,0,1588982400000,16070,Ilm-Kreis,91,4,87,106622,132
DE-TH,20-05-2020,RKI,0,0,0,1589932800000,16070,Ilm-Kreis,91,4,87,106622,132
DE-TH,26-05-2020,RKI,2,0,1,1590451200000,16070,Ilm-Kreis,93,5,87,106622,132
DE-TH,27-05-2020,RKI,1,0,0,1590537600000,16070,Ilm-Kreis,94,5,87,106622,132
DE-TH,28-05-2020,RKI,0,0,0,1590624000000,16070,Ilm-Kreis,94,5,87,106622,132
DE-TH,17-03-2020,RKI,0,0,0,1584403200000,16071,Weimarer Land,0,0,0,81947,102
DE-TH,18-03-2020,RKI,2,2,0,1584489600000,16071,Weimarer Land,2,0,2,81947,102
DE-TH,19-03-2020,RKI,0,0,0,1584576000000,16071,Weimarer Land,2,0,2,81947,102
DE-TH,20-03-2020,RKI,3,3,0,1584662400000,16071,Weimarer Land,5,0,5,81947,102
DE-TH,22-03-2020,RKI,0,0,0,1584835200000,16071,Weimarer Land,5,0,5,81947,102
DE-TH,23-03-2020,RKI,1,1,0,1584921600000,16071,Weimarer Land,6,0,6,81947,102
DE-TH,24-03-2020,RKI,0,0,0,1585008000000,16071,Weimarer Land,6,0,6,81947,102
DE-TH,25-03-2020,RKI,0,0,0,1585094400000,16071,Weimarer Land,6,0,6,81947,102
DE-TH,26-03-2020,RKI,1,1,0,1585180800000,16071,Weimarer Land,7,0,7,81947,102
DE-TH,27-03-2020,RKI,0,0,0,1585267200000,16071,Weimarer Land,7,0,7,81947,102
DE-TH,28-03-2020,RKI,2,2,0,1585353600000,16071,Weimarer Land,9,0,9,81947,102
DE-TH,30-03-2020,RKI,2,2,0,1585526400000,16071,Weimarer Land,11,0,11,81947,102
DE-TH,31-03-2020,RKI,1,1,0,1585612800000,16071,Weimarer Land,12,0,12,81947,102
DE-TH,01-04-2020,RKI,2,2,0,1585699200000,16071,Weimarer Land,14,0,14,81947,102
DE-TH,02-04-2020,RKI,0,0,0,1585785600000,16071,Weimarer Land,14,0,14,81947,102
DE-TH,03-04-2020,RKI,5,5,0,1585872000000,16071,Weimarer Land,19,0,19,81947,102
DE-TH,04-04-2020,RKI,4,3,1,1585958400000,16071,Weimarer Land,23,1,22,81947,102
DE-TH,05-04-2020,RKI,11,8,3,1586044800000,16071,Weimarer Land,34,4,30,81947,102
DE-TH,06-04-2020,RKI,0,0,0,1586131200000,16071,Weimarer Land,34,4,30,81947,102
DE-TH,09-04-2020,RKI,2,2,0,1586390400000,16071,Weimarer Land,36,4,32,81947,102
DE-TH,10-04-2020,RKI,0,0,0,1586476800000,16071,Weimarer Land,36,4,32,81947,102
DE-TH,14-04-2020,RKI,0,0,0,1586822400000,16071,Weimarer Land,36,4,32,81947,102
DE-TH,16-04-2020,RKI,4,4,0,1586995200000,16071,Weimarer Land,40,4,36,81947,102
DE-TH,17-04-2020,RKI,0,0,0,1587081600000,16071,Weimarer Land,40,4,36,81947,102
DE-TH,19-04-2020,RKI,0,0,0,1587254400000,16071,Weimarer Land,40,4,36,81947,102
DE-TH,21-04-2020,RKI,0,0,0,1587427200000,16071,Weimarer Land,40,4,36,81947,102
DE-TH,28-04-2020,RKI,0,0,0,1588032000000,16071,Weimarer Land,40,4,36,81947,102
DE-TH,30-04-2020,RKI,0,0,0,1588204800000,16071,Weimarer Land,40,4,36,81947,102
DE-TH,05-05-2020,RKI,0,0,0,1588636800000,16071,Weimarer Land,40,4,36,81947,102
DE-TH,06-05-2020,RKI,0,0,0,1588723200000,16071,Weimarer Land,40,4,36,81947,102
DE-TH,07-05-2020,RKI,0,0,0,1588809600000,16071,Weimarer Land,40,4,36,81947,102
DE-TH,09-05-2020,RKI,0,0,0,1588982400000,16071,Weimarer Land,40,4,36,81947,102
DE-TH,22-03-2020,RKI,0,0,0,1584835200000,16072,Sonneberg,4,0,4,58410,135
DE-TH,24-03-2020,RKI,2,2,0,1585008000000,16072,Sonneberg,6,0,6,58410,135
DE-TH,25-03-2020,RKI,1,1,0,1585094400000,16072,Sonneberg,7,0,7,58410,135
DE-TH,26-03-2020,RKI,2,2,0,1585180800000,16072,Sonneberg,9,0,9,58410,135
DE-TH,27-03-2020,RKI,1,1,0,1585267200000,16072,Sonneberg,10,0,10,58410,135
DE-TH,28-03-2020,RKI,3,3,0,1585353600000,16072,Sonneberg,13,0,13,58410,135
DE-TH,30-03-2020,RKI,1,1,0,1585526400000,16072,Sonneberg,14,0,14,58410,135
DE-TH,31-03-2020,RKI,7,7,0,1585612800000,16072,Sonneberg,21,0,21,58410,135
DE-TH,01-04-2020,RKI,1,0,1,1585699200000,16072,Sonneberg,22,1,21,58410,135
DE-TH,02-04-2020,RKI,0,0,0,1585785600000,16072,Sonneberg,22,1,21,58410,135
DE-TH,03-04-2020,RKI,1,1,0,1585872000000,16072,Sonneberg,23,1,22,58410,135
DE-TH,04-04-2020,RKI,0,0,0,1585958400000,16072,Sonneberg,23,1,22,58410,135
DE-TH,06-04-2020,RKI,0,0,0,1586131200000,16072,Sonneberg,23,1,22,58410,135
DE-TH,07-04-2020,RKI,1,1,0,1586217600000,16072,Sonneberg,24,1,23,58410,135
DE-TH,08-04-2020,RKI,4,3,1,1586304000000,16072,Sonneberg,28,2,26,58410,135
DE-TH,09-04-2020,RKI,2,2,0,1586390400000,16072,Sonneberg,30,2,28,58410,135
DE-TH,11-04-2020,RKI,1,1,0,1586563200000,16072,Sonneberg,31,2,29,58410,135
DE-TH,12-04-2020,RKI,0,0,0,1586649600000,16072,Sonneberg,31,2,29,58410,135
DE-TH,13-04-2020,RKI,0,0,0,1586736000000,16072,Sonneberg,31,2,29,58410,135
DE-TH,14-04-2020,RKI,1,0,1,1586822400000,16072,Sonneberg,32,3,29,58410,135
DE-TH,15-04-2020,RKI,0,0,0,1586908800000,16072,Sonneberg,32,3,29,58410,135
DE-TH,16-04-2020,RKI,2,2,0,1586995200000,16072,Sonneberg,34,3,31,58410,135
DE-TH,17-04-2020,RKI,1,0,1,1587081600000,16072,Sonneberg,35,4,31,58410,135
DE-TH,18-04-2020,RKI,1,1,0,1587168000000,16072,Sonneberg,36,4,32,58410,135
DE-TH,20-04-2020,RKI,10,8,2,1587340800000,16072,Sonneberg,46,6,40,58410,135
DE-TH,21-04-2020,RKI,1,1,0,1587427200000,16072,Sonneberg,47,6,41,58410,135
DE-TH,22-04-2020,RKI,2,2,0,1587513600000,16072,Sonneberg,49,6,43,58410,135
DE-TH,23-04-2020,RKI,4,4,0,1587600000000,16072,Sonneberg,53,6,47,58410,135
DE-TH,24-04-2020,RKI,3,2,1,1587686400000,16072,Sonneberg,56,7,49,58410,135
DE-TH,25-04-2020,RKI,2,2,0,1587772800000,16072,Sonneberg,58,7,51,58410,135
DE-TH,26-04-2020,RKI,0,0,0,1587859200000,16072,Sonneberg,58,7,51,58410,135
DE-TH,27-04-2020,RKI,3,3,0,1587945600000,16072,Sonneberg,61,7,54,58410,135
DE-TH,28-04-2020,RKI,9,9,0,1588032000000,16072,Sonneberg,70,7,63,58410,135
DE-TH,29-04-2020,RKI,2,2,0,1588118400000,16072,Sonneberg,72,7,65,58410,135
DE-TH,30-04-2020,RKI,4,3,1,1588204800000,16072,Sonneberg,76,8,68,58410,135
DE-TH,01-05-2020,RKI,0,0,0,1588291200000,16072,Sonneberg,76,8,68,58410,135
DE-TH,02-05-2020,RKI,0,0,0,1588377600000,16072,Sonneberg,76,8,68,58410,135
DE-TH,04-05-2020,RKI,5,3,2,1588550400000,16072,Sonneberg,81,10,71,58410,135
DE-TH,05-05-2020,RKI,1,1,0,1588636800000,16072,Sonneberg,82,10,72,58410,135
DE-TH,06-05-2020,RKI,3,2,1,1588723200000,16072,Sonneberg,85,11,74,58410,135
DE-TH,07-05-2020,RKI,13,12,1,1588809600000,16072,Sonneberg,98,12,86,58410,135
DE-TH,08-05-2020,RKI,5,5,0,1588896000000,16072,Sonneberg,103,12,91,58410,135
DE-TH,09-05-2020,RKI,6,6,0,1588982400000,16072,Sonneberg,109,12,97,58410,135
DE-TH,10-05-2020,RKI,1,1,0,1589068800000,16072,Sonneberg,110,12,98,58410,135
DE-TH,11-05-2020,RKI,6,6,0,1589155200000,16072,Sonneberg,116,12,104,58410,135
DE-TH,12-05-2020,RKI,2,2,0,1589241600000,16072,Sonneberg,118,12,106,58410,135
DE-TH,13-05-2020,RKI,2,1,1,1589328000000,16072,Sonneberg,120,13,107,58410,135
DE-TH,14-05-2020,RKI,2,2,0,1589414400000,16072,Sonneberg,122,13,109,58410,135
DE-TH,15-05-2020,RKI,3,2,1,1589500800000,16072,Sonneberg,125,14,111,58410,135
DE-TH,16-05-2020,RKI,8,6,1,1589587200000,16072,Sonneberg,133,15,117,58410,135
DE-TH,17-05-2020,RKI,1,0,0,1589673600000,16072,Sonneberg,134,15,117,58410,135
DE-TH,18-05-2020,RKI,0,0,0,1589760000000,16072,Sonneberg,134,15,117,58410,135
DE-TH,19-05-2020,RKI,8,8,0,1589846400000,16072,Sonneberg,142,15,125,58410,135
DE-TH,20-05-2020,RKI,1,1,0,1589932800000,16072,Sonneberg,143,15,126,58410,135
DE-TH,21-05-2020,RKI,4,4,0,1590019200000,16072,Sonneberg,147,15,130,58410,135
DE-TH,22-05-2020,RKI,1,1,0,1590105600000,16072,Sonneberg,148,15,131,58410,135
DE-TH,24-05-2020,RKI,1,1,0,1590278400000,16072,Sonneberg,149,15,132,58410,135
DE-TH,25-05-2020,RKI,4,4,0,1590364800000,16072,Sonneberg,153,15,136,58410,135
DE-TH,26-05-2020,RKI,6,2,0,1590451200000,16072,Sonneberg,159,15,138,58410,135
DE-TH,27-05-2020,RKI,2,2,0,1590537600000,16072,Sonneberg,161,15,140,58410,135
DE-TH,28-05-2020,RKI,16,1,0,1590624000000,16072,Sonneberg,177,15,141,58410,135
DE-TH,29-05-2020,RKI,2,0,0,1590710400000,16072,Sonneberg,179,15,141,58410,135
DE-TH,31-05-2020,RKI,1,0,0,1590883200000,16072,Sonneberg,180,15,141,58410,135
DE-TH,04-06-2020,RKI,2,0,0,1591228800000,16072,Sonneberg,182,15,141,58410,135
DE-TH,18-03-2020,RKI,5,5,0,1584489600000,16073,Saalfeld-Rudolstadt,9,0,9,104142,101
DE-TH,19-03-2020,RKI,0,0,0,1584576000000,16073,Saalfeld-Rudolstadt,9,0,9,104142,101
DE-TH,20-03-2020,RKI,4,4,0,1584662400000,16073,Saalfeld-Rudolstadt,13,0,13,104142,101
DE-TH,23-03-2020,RKI,0,0,0,1584921600000,16073,Saalfeld-Rudolstadt,13,0,13,104142,101
DE-TH,24-03-2020,RKI,2,2,0,1585008000000,16073,Saalfeld-Rudolstadt,15,0,15,104142,101
DE-TH,25-03-2020,RKI,6,6,0,1585094400000,16073,Saalfeld-Rudolstadt,21,0,21,104142,101
DE-TH,26-03-2020,RKI,3,3,0,1585180800000,16073,Saalfeld-Rudolstadt,24,0,24,104142,101
DE-TH,28-03-2020,RKI,2,2,0,1585353600000,16073,Saalfeld-Rudolstadt,26,0,26,104142,101
DE-TH,29-03-2020,RKI,1,1,0,1585440000000,16073,Saalfeld-Rudolstadt,27,0,27,104142,101
DE-TH,30-03-2020,RKI,0,0,0,1585526400000,16073,Saalfeld-Rudolstadt,27,0,27,104142,101
DE-TH,31-03-2020,RKI,3,3,0,1585612800000,16073,Saalfeld-Rudolstadt,30,0,30,104142,101
DE-TH,01-04-2020,RKI,3,3,0,1585699200000,16073,Saalfeld-Rudolstadt,33,0,33,104142,101
DE-TH,02-04-2020,RKI,0,0,0,1585785600000,16073,Saalfeld-Rudolstadt,33,0,33,104142,101
DE-TH,03-04-2020,RKI,1,1,0,1585872000000,16073,Saalfeld-Rudolstadt,34,0,34,104142,101
DE-TH,04-04-2020,RKI,0,0,0,1585958400000,16073,Saalfeld-Rudolstadt,34,0,34,104142,101
DE-TH,07-04-2020,RKI,0,0,0,1586217600000,16073,Saalfeld-Rudolstadt,34,0,34,104142,101
DE-TH,08-04-2020,RKI,1,1,0,1586304000000,16073,Saalfeld-Rudolstadt,35,0,35,104142,101
DE-TH,21-04-2020,RKI,1,1,0,1587427200000,16073,Saalfeld-Rudolstadt,36,0,36,104142,101
DE-TH,23-04-2020,RKI,0,0,0,1587600000000,16073,Saalfeld-Rudolstadt,36,0,36,104142,101
DE-TH,24-04-2020,RKI,0,0,0,1587686400000,16073,Saalfeld-Rudolstadt,36,0,36,104142,101
DE-TH,27-04-2020,RKI,0,0,0,1587945600000,16073,Saalfeld-Rudolstadt,36,0,36,104142,101
DE-TH,28-04-2020,RKI,3,3,0,1588032000000,16073,Saalfeld-Rudolstadt,39,0,39,104142,101
DE-TH,05-05-2020,RKI,0,0,0,1588636800000,16073,Saalfeld-Rudolstadt,39,0,39,104142,101
DE-TH,07-05-2020,RKI,0,0,0,1588809600000,16073,Saalfeld-Rudolstadt,39,0,39,104142,101
DE-TH,12-05-2020,RKI,0,0,0,1589241600000,16073,Saalfeld-Rudolstadt,39,0,39,104142,101
DE-TH,15-05-2020,RKI,0,0,0,1589500800000,16073,Saalfeld-Rudolstadt,39,0,39,104142,101
DE-TH,16-05-2020,RKI,0,0,0,1589587200000,16073,Saalfeld-Rudolstadt,39,0,39,104142,101
DE-TH,27-05-2020,RKI,0,0,0,1590537600000,16073,Saalfeld-Rudolstadt,39,0,39,104142,101
DE-TH,28-05-2020,RKI,0,0,0,1590624000000,16073,Saalfeld-Rudolstadt,39,0,39,104142,101
DE-TH,12-03-2020,RKI,1,1,0,1583971200000,16074,Saale-Holzland-Kreis,1,0,1,83051,102
DE-TH,17-03-2020,RKI,0,0,0,1584403200000,16074,Saale-Holzland-Kreis,1,0,1,83051,102
DE-TH,18-03-2020,RKI,2,2,0,1584489600000,16074,Saale-Holzland-Kreis,3,0,3,83051,102
DE-TH,19-03-2020,RKI,4,4,0,1584576000000,16074,Saale-Holzland-Kreis,7,0,7,83051,102
DE-TH,20-03-2020,RKI,0,0,0,1584662400000,16074,Saale-Holzland-Kreis,7,0,7,83051,102
DE-TH,21-03-2020,RKI,2,2,0,1584748800000,16074,Saale-Holzland-Kreis,9,0,9,83051,102
DE-TH,25-03-2020,RKI,1,1,0,1585094400000,16074,Saale-Holzland-Kreis,10,0,10,83051,102
DE-TH,26-03-2020,RKI,0,0,0,1585180800000,16074,Saale-Holzland-Kreis,10,0,10,83051,102
DE-TH,27-03-2020,RKI,0,0,0,1585267200000,16074,Saale-Holzland-Kreis,10,0,10,83051,102
DE-TH,28-03-2020,RKI,4,4,0,1585353600000,16074,Saale-Holzland-Kreis,14,0,14,83051,102
DE-TH,30-03-2020,RKI,0,0,0,1585526400000,16074,Saale-Holzland-Kreis,14,0,14,83051,102
DE-TH,31-03-2020,RKI,1,1,0,1585612800000,16074,Saale-Holzland-Kreis,15,0,15,83051,102
DE-TH,01-04-2020,RKI,0,0,0,1585699200000,16074,Saale-Holzland-Kreis,15,0,15,83051,102
DE-TH,02-04-2020,RKI,3,3,0,1585785600000,16074,Saale-Holzland-Kreis,18,0,18,83051,102
DE-TH,03-04-2020,RKI,4,4,0,1585872000000,16074,Saale-Holzland-Kreis,22,0,22,83051,102
DE-TH,05-04-2020,RKI,3,3,0,1586044800000,16074,Saale-Holzland-Kreis,25,0,25,83051,102
DE-TH,06-04-2020,RKI,0,0,0,1586131200000,16074,Saale-Holzland-Kreis,25,0,25,83051,102
DE-TH,07-04-2020,RKI,0,0,0,1586217600000,16074,Saale-Holzland-Kreis,25,0,25,83051,102
DE-TH,08-04-2020,RKI,0,0,0,1586304000000,16074,Saale-Holzland-Kreis,25,0,25,83051,102
DE-TH,09-04-2020,RKI,0,0,0,1586390400000,16074,Saale-Holzland-Kreis,25,0,25,83051,102
DE-TH,10-04-2020,RKI,0,0,0,1586476800000,16074,Saale-Holzland-Kreis,25,0,25,83051,102
DE-TH,21-04-2020,RKI,0,0,0,1587427200000,16074,Saale-Holzland-Kreis,25,0,25,83051,102
DE-TH,22-04-2020,RKI,1,1,0,1587513600000,16074,Saale-Holzland-Kreis,26,0,26,83051,102
DE-TH,23-04-2020,RKI,1,1,0,1587600000000,16074,Saale-Holzland-Kreis,27,0,27,83051,102
DE-TH,27-04-2020,RKI,0,0,0,1587945600000,16074,Saale-Holzland-Kreis,27,0,27,83051,102
DE-TH,30-04-2020,RKI,1,1,0,1588204800000,16074,Saale-Holzland-Kreis,28,0,28,83051,102
DE-TH,02-05-2020,RKI,0,0,0,1588377600000,16074,Saale-Holzland-Kreis,28,0,28,83051,102
DE-TH,05-05-2020,RKI,0,0,0,1588636800000,16074,Saale-Holzland-Kreis,28,0,28,83051,102
DE-TH,06-05-2020,RKI,1,1,0,1588723200000,16074,Saale-Holzland-Kreis,29,0,29,83051,102
DE-TH,09-05-2020,RKI,2,2,0,1588982400000,16074,Saale-Holzland-Kreis,31,0,31,83051,102
DE-TH,13-05-2020,RKI,0,0,0,1589328000000,16074,Saale-Holzland-Kreis,31,0,31,83051,102
DE-TH,16-05-2020,RKI,0,0,0,1589587200000,16074,Saale-Holzland-Kreis,31,0,31,83051,102
DE-TH,21-05-2020,RKI,0,0,0,1590019200000,16074,Saale-Holzland-Kreis,31,0,31,83051,102
DE-TH,26-05-2020,RKI,0,0,0,1590451200000,16074,Saale-Holzland-Kreis,31,0,31,83051,102
DE-TH,27-05-2020,RKI,0,0,0,1590537600000,16074,Saale-Holzland-Kreis,31,0,31,83051,102
DE-TH,04-06-2020,RKI,0,0,0,1591228800000,16074,Saale-Holzland-Kreis,31,0,31,83051,102
DE-TH,10-03-2020,RKI,1,1,0,1583798400000,16075,Saale-Orla-Kreis,1,0,1,80868,70
DE-TH,18-03-2020,RKI,0,0,0,1584489600000,16075,Saale-Orla-Kreis,1,0,1,80868,70
DE-TH,19-03-2020,RKI,1,1,0,1584576000000,16075,Saale-Orla-Kreis,2,0,2,80868,70
DE-TH,20-03-2020,RKI,0,0,0,1584662400000,16075,Saale-Orla-Kreis,2,0,2,80868,70
DE-TH,23-03-2020,RKI,0,0,0,1584921600000,16075,Saale-Orla-Kreis,2,0,2,80868,70
DE-TH,25-03-2020,RKI,1,1,0,1585094400000,16075,Saale-Orla-Kreis,3,0,3,80868,70
DE-TH,26-03-2020,RKI,0,0,0,1585180800000,16075,Saale-Orla-Kreis,3,0,3,80868,70
DE-TH,27-03-2020,RKI,15,12,3,1585267200000,16075,Saale-Orla-Kreis,18,3,15,80868,70
DE-TH,30-03-2020,RKI,6,6,0,1585526400000,16075,Saale-Orla-Kreis,24,3,21,80868,70
DE-TH,31-03-2020,RKI,2,2,0,1585612800000,16075,Saale-Orla-Kreis,26,3,23,80868,70
DE-TH,01-04-2020,RKI,3,3,0,1585699200000,16075,Saale-Orla-Kreis,29,3,26,80868,70
DE-TH,02-04-2020,RKI,8,8,0,1585785600000,16075,Saale-Orla-Kreis,37,3,34,80868,70
DE-TH,03-04-2020,RKI,10,7,3,1585872000000,16075,Saale-Orla-Kreis,47,6,41,80868,70
DE-TH,04-04-2020,RKI,3,3,0,1585958400000,16075,Saale-Orla-Kreis,50,6,44,80868,70
DE-TH,05-04-2020,RKI,1,0,1,1586044800000,16075,Saale-Orla-Kreis,51,7,44,80868,70
DE-TH,07-04-2020,RKI,3,3,0,1586217600000,16075,Saale-Orla-Kreis,54,7,47,80868,70
DE-TH,08-04-2020,RKI,6,5,1,1586304000000,16075,Saale-Orla-Kreis,60,8,52,80868,70
DE-TH,09-04-2020,RKI,5,4,1,1586390400000,16075,Saale-Orla-Kreis,65,9,56,80868,70
DE-TH,10-04-2020,RKI,2,2,0,1586476800000,16075,Saale-Orla-Kreis,67,9,58,80868,70
DE-TH,11-04-2020,RKI,2,2,0,1586563200000,16075,Saale-Orla-Kreis,69,9,60,80868,70
DE-TH,12-04-2020,RKI,2,1,1,1586649600000,16075,Saale-Orla-Kreis,71,10,61,80868,70
DE-TH,13-04-2020,RKI,0,0,0,1586736000000,16075,Saale-Orla-Kreis,71,10,61,80868,70
DE-TH,14-04-2020,RKI,0,0,0,1586822400000,16075,Saale-Orla-Kreis,71,10,61,80868,70
DE-TH,15-04-2020,RKI,2,1,1,1586908800000,16075,Saale-Orla-Kreis,73,11,62,80868,70
DE-TH,16-04-2020,RKI,0,0,0,1586995200000,16075,Saale-Orla-Kreis,73,11,62,80868,70
DE-TH,17-04-2020,RKI,2,2,0,1587081600000,16075,Saale-Orla-Kreis,75,11,64,80868,70
DE-TH,18-04-2020,RKI,3,3,0,1587168000000,16075,Saale-Orla-Kreis,78,11,67,80868,70
DE-TH,20-04-2020,RKI,2,1,1,1587340800000,16075,Saale-Orla-Kreis,80,12,68,80868,70
DE-TH,21-04-2020,RKI,2,2,0,1587427200000,16075,Saale-Orla-Kreis,82,12,70,80868,70
DE-TH,22-04-2020,RKI,1,1,0,1587513600000,16075,Saale-Orla-Kreis,83,12,71,80868,70
DE-TH,23-04-2020,RKI,1,1,0,1587600000000,16075,Saale-Orla-Kreis,84,12,72,80868,70
DE-TH,25-04-2020,RKI,0,0,0,1587772800000,16075,Saale-Orla-Kreis,84,12,72,80868,70
DE-TH,26-04-2020,RKI,1,1,0,1587859200000,16075,Saale-Orla-Kreis,85,12,73,80868,70
DE-TH,28-04-2020,RKI,0,0,0,1588032000000,16075,Saale-Orla-Kreis,85,12,73,80868,70
DE-TH,29-04-2020,RKI,1,1,0,1588118400000,16075,Saale-Orla-Kreis,86,12,74,80868,70
DE-TH,30-04-2020,RKI,2,2,0,1588204800000,16075,Saale-Orla-Kreis,88,12,76,80868,70
DE-TH,05-05-2020,RKI,2,2,0,1588636800000,16075,Saale-Orla-Kreis,90,12,78,80868,70
DE-TH,06-05-2020,RKI,1,1,0,1588723200000,16075,Saale-Orla-Kreis,91,12,79,80868,70
DE-TH,08-05-2020,RKI,0,0,0,1588896000000,16075,Saale-Orla-Kreis,91,12,79,80868,70
DE-TH,10-05-2020,RKI,0,0,0,1589068800000,16075,Saale-Orla-Kreis,91,12,79,80868,70
DE-TH,11-05-2020,RKI,1,1,0,1589155200000,16075,Saale-Orla-Kreis,92,12,80,80868,70
DE-TH,13-05-2020,RKI,0,0,0,1589328000000,16075,Saale-Orla-Kreis,92,12,80,80868,70
DE-TH,14-05-2020,RKI,0,0,0,1589414400000,16075,Saale-Orla-Kreis,92,12,80,80868,70
DE-TH,15-05-2020,RKI,0,0,0,1589500800000,16075,Saale-Orla-Kreis,92,12,80,80868,70
DE-TH,16-05-2020,RKI,1,1,0,1589587200000,16075,Saale-Orla-Kreis,93,12,81,80868,70
DE-TH,19-05-2020,RKI,2,2,0,1589846400000,16075,Saale-Orla-Kreis,95,12,83,80868,70
DE-TH,22-05-2020,RKI,0,0,0,1590105600000,16075,Saale-Orla-Kreis,95,12,83,80868,70
DE-TH,26-05-2020,RKI,1,0,0,1590451200000,16075,Saale-Orla-Kreis,96,12,83,80868,70
DE-TH,28-05-2020,RKI,0,0,0,1590624000000,16075,Saale-Orla-Kreis,96,12,83,80868,70
DE-TH,02-06-2020,RKI,1,0,0,1591056000000,16075,Saale-Orla-Kreis,97,12,83,80868,70
DE-TH,16-03-2020,RKI,1,1,0,1584316800000,16076,Greiz,1,0,1,98159,116
DE-TH,17-03-2020,RKI,3,3,0,1584403200000,16076,Greiz,4,0,4,98159,116
DE-TH,18-03-2020,RKI,7,7,0,1584489600000,16076,Greiz,11,0,11,98159,116
DE-TH,19-03-2020,RKI,6,6,0,1584576000000,16076,Greiz,17,0,17,98159,116
DE-TH,20-03-2020,RKI,7,7,0,1584662400000,16076,Greiz,24,0,24,98159,116
DE-TH,21-03-2020,RKI,5,5,0,1584748800000,16076,Greiz,29,0,29,98159,116
DE-TH,22-03-2020,RKI,8,8,0,1584835200000,16076,Greiz,37,0,37,98159,116
DE-TH,23-03-2020,RKI,5,4,1,1584921600000,16076,Greiz,42,1,41,98159,116
DE-TH,24-03-2020,RKI,6,6,0,1585008000000,16076,Greiz,48,1,47,98159,116
DE-TH,25-03-2020,RKI,18,15,3,1585094400000,16076,Greiz,66,4,62,98159,116
DE-TH,26-03-2020,RKI,16,15,1,1585180800000,16076,Greiz,82,5,77,98159,116
DE-TH,27-03-2020,RKI,7,7,0,1585267200000,16076,Greiz,89,5,84,98159,116
DE-TH,28-03-2020,RKI,9,9,0,1585353600000,16076,Greiz,98,5,93,98159,116
DE-TH,29-03-2020,RKI,8,7,1,1585440000000,16076,Greiz,106,6,100,98159,116
DE-TH,30-03-2020,RKI,1,1,0,1585526400000,16076,Greiz,107,6,101,98159,116
DE-TH,31-03-2020,RKI,10,9,1,1585612800000,16076,Greiz,117,7,110,98159,116
DE-TH,01-04-2020,RKI,10,10,0,1585699200000,16076,Greiz,127,7,120,98159,116
DE-TH,02-04-2020,RKI,11,10,1,1585785600000,16076,Greiz,138,8,130,98159,116
DE-TH,03-04-2020,RKI,8,7,1,1585872000000,16076,Greiz,146,9,137,98159,116
DE-TH,04-04-2020,RKI,6,5,1,1585958400000,16076,Greiz,152,10,142,98159,116
DE-TH,05-04-2020,RKI,11,11,0,1586044800000,16076,Greiz,163,10,153,98159,116
DE-TH,06-04-2020,RKI,6,5,1,1586131200000,16076,Greiz,169,11,158,98159,116
DE-TH,07-04-2020,RKI,12,10,2,1586217600000,16076,Greiz,181,13,168,98159,116
DE-TH,08-04-2020,RKI,6,6,0,1586304000000,16076,Greiz,187,13,174,98159,116
DE-TH,09-04-2020,RKI,12,12,0,1586390400000,16076,Greiz,199,13,186,98159,116
DE-TH,10-04-2020,RKI,4,3,1,1586476800000,16076,Greiz,203,14,189,98159,116
DE-TH,11-04-2020,RKI,2,0,2,1586563200000,16076,Greiz,205,16,189,98159,116
DE-TH,12-04-2020,RKI,8,7,1,1586649600000,16076,Greiz,213,17,196,98159,116
DE-TH,13-04-2020,RKI,0,0,0,1586736000000,16076,Greiz,213,17,196,98159,116
DE-TH,14-04-2020,RKI,7,6,1,1586822400000,16076,Greiz,220,18,202,98159,116
DE-TH,15-04-2020,RKI,1,0,1,1586908800000,16076,Greiz,221,19,202,98159,116
DE-TH,16-04-2020,RKI,31,30,1,1586995200000,16076,Greiz,252,20,232,98159,116
DE-TH,17-04-2020,RKI,6,6,0,1587081600000,16076,Greiz,258,20,238,98159,116
DE-TH,18-04-2020,RKI,9,6,3,1587168000000,16076,Greiz,267,23,244,98159,116
DE-TH,19-04-2020,RKI,7,7,0,1587254400000,16076,Greiz,274,23,251,98159,116
DE-TH,20-04-2020,RKI,5,5,0,1587340800000,16076,Greiz,279,23,256,98159,116
DE-TH,21-04-2020,RKI,18,16,2,1587427200000,16076,Greiz,297,25,272,98159,116
DE-TH,22-04-2020,RKI,7,6,1,1587513600000,16076,Greiz,304,26,278,98159,116
DE-TH,23-04-2020,RKI,19,18,1,1587600000000,16076,Greiz,323,27,296,98159,116
DE-TH,24-04-2020,RKI,12,11,1,1587686400000,16076,Greiz,335,28,307,98159,116
DE-TH,25-04-2020,RKI,11,8,3,1587772800000,16076,Greiz,346,31,315,98159,116
DE-TH,26-04-2020,RKI,6,6,0,1587859200000,16076,Greiz,352,31,321,98159,116
DE-TH,27-04-2020,RKI,6,5,1,1587945600000,16076,Greiz,358,32,326,98159,116
DE-TH,28-04-2020,RKI,10,9,1,1588032000000,16076,Greiz,368,33,335,98159,116
DE-TH,29-04-2020,RKI,9,7,2,1588118400000,16076,Greiz,377,35,342,98159,116
DE-TH,30-04-2020,RKI,20,17,3,1588204800000,16076,Greiz,397,38,359,98159,116
DE-TH,01-05-2020,RKI,3,3,0,1588291200000,16076,Greiz,400,38,362,98159,116
DE-TH,02-05-2020,RKI,5,4,1,1588377600000,16076,Greiz,405,39,366,98159,116
DE-TH,03-05-2020,RKI,0,0,0,1588464000000,16076,Greiz,405,39,366,98159,116
DE-TH,04-05-2020,RKI,20,20,0,1588550400000,16076,Greiz,425,39,386,98159,116
DE-TH,05-05-2020,RKI,21,21,0,1588636800000,16076,Greiz,446,39,407,98159,116
DE-TH,06-05-2020,RKI,10,9,1,1588723200000,16076,Greiz,456,40,416,98159,116
DE-TH,07-05-2020,RKI,8,8,0,1588809600000,16076,Greiz,464,40,424,98159,116
DE-TH,08-05-2020,RKI,2,2,0,1588896000000,16076,Greiz,466,40,426,98159,116
DE-TH,09-05-2020,RKI,6,6,0,1588982400000,16076,Greiz,472,40,432,98159,116
DE-TH,10-05-2020,RKI,0,0,0,1589068800000,16076,Greiz,472,40,432,98159,116
DE-TH,11-05-2020,RKI,7,5,1,1589155200000,16076,Greiz,479,41,437,98159,116
DE-TH,12-05-2020,RKI,14,14,0,1589241600000,16076,Greiz,493,41,451,98159,116
DE-TH,13-05-2020,RKI,7,6,0,1589328000000,16076,Greiz,500,41,457,98159,116
DE-TH,14-05-2020,RKI,5,4,0,1589414400000,16076,Greiz,505,41,461,98159,116
DE-TH,15-05-2020,RKI,3,2,0,1589500800000,16076,Greiz,508,41,463,98159,116
DE-TH,16-05-2020,RKI,3,3,0,1589587200000,16076,Greiz,511,41,466,98159,116
DE-TH,17-05-2020,RKI,5,5,0,1589673600000,16076,Greiz,516,41,471,98159,116
DE-TH,19-05-2020,RKI,6,4,0,1589846400000,16076,Greiz,522,41,475,98159,116
DE-TH,20-05-2020,RKI,1,1,0,1589932800000,16076,Greiz,523,41,476,98159,116
DE-TH,21-05-2020,RKI,6,5,0,1590019200000,16076,Greiz,529,41,481,98159,116
DE-TH,22-05-2020,RKI,3,1,0,1590105600000,16076,Greiz,532,41,482,98159,116
DE-TH,23-05-2020,RKI,2,1,0,1590192000000,16076,Greiz,534,41,483,98159,116
DE-TH,24-05-2020,RKI,4,3,0,1590278400000,16076,Greiz,538,41,486,98159,116
DE-TH,25-05-2020,RKI,0,0,0,1590364800000,16076,Greiz,538,41,486,98159,116
DE-TH,26-05-2020,RKI,4,1,0,1590451200000,16076,Greiz,542,41,487,98159,116
DE-TH,27-05-2020,RKI,3,1,0,1590537600000,16076,Greiz,545,41,488,98159,116
DE-TH,28-05-2020,RKI,0,0,0,1590624000000,16076,Greiz,545,41,488,98159,116
DE-TH,29-05-2020,RKI,1,1,0,1590710400000,16076,Greiz,546,41,489,98159,116
DE-TH,31-05-2020,RKI,0,0,0,1590883200000,16076,Greiz,546,41,489,98159,116
DE-TH,01-06-2020,RKI,0,0,0,1590969600000,16076,Greiz,546,41,489,98159,116
DE-TH,16-03-2020,RKI,0,0,0,1584316800000,16077,Altenburger Land,1,0,1,90118,158
DE-TH,17-03-2020,RKI,1,1,0,1584403200000,16077,Altenburger Land,2,0,2,90118,158
DE-TH,21-03-2020,RKI,1,1,0,1584748800000,16077,Altenburger Land,3,0,3,90118,158
DE-TH,22-03-2020,RKI,0,0,0,1584835200000,16077,Altenburger Land,3,0,3,90118,158
DE-TH,24-03-2020,RKI,7,6,1,1585008000000,16077,Altenburger Land,10,1,9,90118,158
DE-TH,25-03-2020,RKI,0,0,0,1585094400000,16077,Altenburger Land,10,1,9,90118,158
DE-TH,27-03-2020,RKI,1,1,0,1585267200000,16077,Altenburger Land,11,1,10,90118,158
DE-TH,28-03-2020,RKI,0,0,0,1585353600000,16077,Altenburger Land,11,1,10,90118,158
DE-TH,31-03-2020,RKI,3,3,0,1585612800000,16077,Altenburger Land,14,1,13,90118,158
DE-TH,01-04-2020,RKI,3,3,0,1585699200000,16077,Altenburger Land,17,1,16,90118,158
DE-TH,02-04-2020,RKI,1,1,0,1585785600000,16077,Altenburger Land,18,1,17,90118,158
DE-TH,05-04-2020,RKI,0,0,0,1586044800000,16077,Altenburger Land,18,1,17,90118,158
DE-TH,07-04-2020,RKI,1,0,1,1586217600000,16077,Altenburger Land,19,2,17,90118,158
DE-TH,09-04-2020,RKI,0,0,0,1586390400000,16077,Altenburger Land,19,2,17,90118,158
DE-TH,10-04-2020,RKI,1,1,0,1586476800000,16077,Altenburger Land,20,2,18,90118,158
DE-TH,14-04-2020,RKI,0,0,0,1586822400000,16077,Altenburger Land,20,2,18,90118,158
DE-TH,15-04-2020,RKI,0,0,0,1586908800000,16077,Altenburger Land,20,2,18,90118,158
DE-TH,16-04-2020,RKI,2,2,0,1586995200000,16077,Altenburger Land,22,2,20,90118,158
DE-TH,20-04-2020,RKI,2,2,0,1587340800000,16077,Altenburger Land,24,2,22,90118,158
DE-TH,21-04-2020,RKI,0,0,0,1587427200000,16077,Altenburger Land,24,2,22,90118,158
DE-TH,22-04-2020,RKI,0,0,0,1587513600000,16077,Altenburger Land,24,2,22,90118,158
DE-TH,23-04-2020,RKI,0,0,0,1587600000000,16077,Altenburger Land,24,2,22,90118,158
DE-TH,27-04-2020,RKI,0,0,0,1587945600000,16077,Altenburger Land,24,2,22,90118,158
DE-TH,28-04-2020,RKI,1,1,0,1588032000000,16077,Altenburger Land,25,2,23,90118,158
DE-TH,29-04-2020,RKI,0,0,0,1588118400000,16077,Altenburger Land,25,2,23,90118,158
DE-TH,30-04-2020,RKI,0,0,0,1588204800000,16077,Altenburger Land,25,2,23,90118,158
DE-TH,06-05-2020,RKI,0,0,0,1588723200000,16077,Altenburger Land,25,2,23,90118,158
DE-TH,07-05-2020,RKI,0,0,0,1588809600000,16077,Altenburger Land,25,2,23,90118,158
DE-TH,11-05-2020,RKI,4,4,0,1589155200000,16077,Altenburger Land,29,2,27,90118,158
DE-TH,18-05-2020,RKI,0,0,0,1589760000000,16077,Altenburger Land,29,2,27,90118,158
DE-TH,19-05-2020,RKI,0,0,0,1589846400000,16077,Altenburger Land,29,2,27,90118,158
DE-TH,20-05-2020,RKI,0,0,0,1589932800000,16077,Altenburger Land,29,2,27,90118,158
DE-TH,21-05-2020,RKI,0,0,0,1590019200000,16077,Altenburger Land,29,2,27,90118,158
DE-TH,25-05-2020,RKI,0,0,0,1590364800000,16077,Altenburger Land,29,2,27,90118,158
DE-TH,26-05-2020,RKI,0,0,0,1590451200000,16077,Altenburger Land,29,2,27,90118,158
DE-TH,27-05-2020,RKI,0,0,0,1590537600000,16077,Altenburger Land,29,2,27,90118,158
DE-TH,28-05-2020,RKI,3,0,0,1590624000000,16077,Altenburger Land,32,2,27,90118,158
DE-TH,29-05-2020,RKI,0,0,0,1590710400000,16077,Altenburger Land,32,2,27,90118,158
