reportDate,ags,cases,deaths,recovered,source,stateCode,community_name,population_number,population_density
2020-03-05,8111,0.0,0.0,0.0,RKI,DE-BW,Stuttgart,634830.0,3062.0
2020-03-06,8111,1.0,0.0,1.0,RKI,DE-BW,Stuttgart,634830.0,3062.0
2020-03-07,8111,5.0,0.0,5.0,RKI,DE-BW,Stuttgart,634830.0,3062.0
2020-03-09,8111,12.0,0.0,12.0,RKI,DE-BW,Stuttgart,634830.0,3062.0
2020-03-10,8111,23.0,0.0,23.0,RKI,DE-BW,Stuttgart,634830.0,3062.0
2020-03-11,8111,28.0,0.0,28.0,RKI,DE-BW,Stuttgart,634830.0,3062.0
2020-03-12,8111,37.0,0.0,37.0,RKI,DE-BW,Stuttgart,634830.0,3062.0
2020-03-13,8111,74.0,0.0,74.0,RKI,DE-BW,Stuttgart,634830.0,3062.0
2020-03-14,8111,106.0,0.0,106.0,RKI,DE-BW,Stuttgart,634830.0,3062.0
2020-03-15,8111,125.0,0.0,125.0,RKI,DE-BW,Stuttgart,634830.0,3062.0
2020-03-16,8111,194.0,1.0,193.0,RKI,DE-BW,Stuttgart,634830.0,3062.0
2020-03-17,8111,220.0,1.0,219.0,RKI,DE-BW,Stuttgart,634830.0,3062.0
2020-03-18,8111,286.0,4.0,282.0,RKI,DE-BW,Stuttgart,634830.0,3062.0
2020-03-19,8111,319.0,6.0,313.0,RKI,DE-BW,Stuttgart,634830.0,3062.0
2020-03-20,8111,380.0,7.0,373.0,RKI,DE-BW,Stuttgart,634830.0,3062.0
2020-03-21,8111,424.0,7.0,417.0,RKI,DE-BW,Stuttgart,634830.0,3062.0
2020-03-22,8111,438.0,8.0,430.0,RKI,DE-BW,Stuttgart,634830.0,3062.0
2020-03-23,8111,462.0,9.0,453.0,RKI,DE-BW,Stuttgart,634830.0,3062.0
2020-03-24,8111,497.0,12.0,485.0,RKI,DE-BW,Stuttgart,634830.0,3062.0
2020-03-25,8111,532.0,13.0,519.0,RKI,DE-BW,Stuttgart,634830.0,3062.0
2020-03-26,8111,595.0,20.0,575.0,RKI,DE-BW,Stuttgart,634830.0,3062.0
2020-03-27,8111,650.0,21.0,629.0,RKI,DE-BW,Stuttgart,634830.0,3062.0
2020-03-28,8111,686.0,22.0,664.0,RKI,DE-BW,Stuttgart,634830.0,3062.0
2020-03-29,8111,728.0,23.0,705.0,RKI,DE-BW,Stuttgart,634830.0,3062.0
2020-03-30,8111,708.0,7.0,250.0,Tagesspiegel,DE-BW,Stuttgart,634830.0,3062.0
2020-03-31,8111,788.0,7.0,250.0,Tagesspiegel,DE-BW,Stuttgart,634830.0,3062.0
2020-04-01,8111,864.0,8.0,250.0,Tagesspiegel,DE-BW,Stuttgart,634830.0,3062.0
2020-04-02,8111,908.0,9.0,250.0,Tagesspiegel,DE-BW,Stuttgart,634830.0,3062.0
2020-04-03,8111,940.0,11.0,432.0,Tagesspiegel,DE-BW,Stuttgart,634830.0,3062.0
2020-04-04,8111,983.0,12.0,432.0,Tagesspiegel,DE-BW,Stuttgart,634830.0,3062.0
2020-04-05,8111,1006.0,12.0,470.0,Tagesspiegel,DE-BW,Stuttgart,634830.0,3062.0
2020-04-06,8111,1024.0,12.0,470.0,Tagesspiegel,DE-BW,Stuttgart,634830.0,3062.0
2020-04-07,8111,1024.0,15.0,470.0,Tagesspiegel,DE-BW,Stuttgart,634830.0,3062.0
2020-04-08,8111,1075.0,16.0,470.0,Tagesspiegel,DE-BW,Stuttgart,634830.0,3062.0
2020-04-09,8111,1113.0,17.0,623.0,Tagesspiegel,DE-BW,Stuttgart,634830.0,3062.0
2020-04-10,8111,1159.0,18.0,623.0,Tagesspiegel,DE-BW,Stuttgart,634830.0,3062.0
2020-04-11,8111,1172.0,19.0,623.0,Tagesspiegel,DE-BW,Stuttgart,634830.0,3062.0
2020-04-12,8111,1189.0,20.0,623.0,Tagesspiegel,DE-BW,Stuttgart,634830.0,3062.0
2020-04-13,8111,1213.0,23.0,623.0,Tagesspiegel,DE-BW,Stuttgart,634830.0,3062.0
2020-04-14,8111,1249.0,26.0,623.0,Tagesspiegel,DE-BW,Stuttgart,634830.0,3062.0
2020-04-15,8111,1257.0,29.0,623.0,Tagesspiegel,DE-BW,Stuttgart,634830.0,3062.0
2020-04-16,8111,1280.0,32.0,623.0,Tagesspiegel,DE-BW,Stuttgart,634830.0,3062.0
2020-04-17,8111,1303.0,33.0,623.0,Tagesspiegel,DE-BW,Stuttgart,634830.0,3062.0
2020-04-18,8111,1310.0,36.0,623.0,Tagesspiegel,DE-BW,Stuttgart,634830.0,3062.0
2020-04-19,8111,1326.0,36.0,623.0,Tagesspiegel,DE-BW,Stuttgart,634830.0,3062.0
2020-04-20,8111,1326.0,39.0,623.0,Tagesspiegel,DE-BW,Stuttgart,634830.0,3062.0
2020-04-21,8111,1349.0,44.0,623.0,Tagesspiegel,DE-BW,Stuttgart,634830.0,3062.0
2020-04-22,8111,1352.0,45.0,623.0,Tagesspiegel,DE-BW,Stuttgart,634830.0,3062.0
2020-04-23,8111,1365.0,45.0,623.0,Tagesspiegel,DE-BW,Stuttgart,634830.0,3062.0
2020-04-24,8111,1389.0,45.0,623.0,Tagesspiegel,DE-BW,Stuttgart,634830.0,3062.0
2020-04-25,8111,1389.0,45.0,623.0,Tagesspiegel,DE-BW,Stuttgart,634830.0,3062.0
2020-04-26,8111,1393.0,45.0,623.0,Tagesspiegel,DE-BW,Stuttgart,634830.0,3062.0
2020-04-27,8111,1410.0,46.0,623.0,Tagesspiegel,DE-BW,Stuttgart,634830.0,3062.0
2020-04-28,8111,1413.0,46.0,1050.0,Tagesspiegel,DE-BW,Stuttgart,634830.0,3062.0
2020-04-29,8111,1413.0,50.0,1050.0,Tagesspiegel,DE-BW,Stuttgart,634830.0,3062.0
2020-04-30,8111,1420.0,52.0,1155.0,Tagesspiegel,DE-BW,Stuttgart,634830.0,3062.0
2020-05-02,8111,1439.0,54.0,1177.0,Tagesspiegel,DE-BW,Stuttgart,634830.0,3062.0
2020-05-04,8111,1453.0,54.0,1201.0,Tagesspiegel,DE-BW,Stuttgart,634830.0,3062.0
2020-05-05,8111,1452.0,54.0,1201.0,Tagesspiegel,DE-BW,Stuttgart,634830.0,3062.0
2020-05-06,8111,1454.0,54.0,1217.0,Tagesspiegel,DE-BW,Stuttgart,634830.0,3062.0
2020-05-07,8111,1456.0,55.0,1240.0,Tagesspiegel,DE-BW,Stuttgart,634830.0,3062.0
2020-05-08,8111,1465.0,55.0,1258.0,Tagesspiegel,DE-BW,Stuttgart,634830.0,3062.0
2020-05-09,8111,1467.0,55.0,1258.0,Tagesspiegel,DE-BW,Stuttgart,634830.0,3062.0
2020-05-10,8111,1474.0,55.0,1258.0,Tagesspiegel,DE-BW,Stuttgart,634830.0,3062.0
2020-05-11,8111,1474.0,55.0,1258.0,Tagesspiegel,DE-BW,Stuttgart,634830.0,3062.0
2020-05-12,8111,1480.0,57.0,1286.0,Tagesspiegel,DE-BW,Stuttgart,634830.0,3062.0
2020-05-13,8111,1491.0,57.0,1286.0,Tagesspiegel,DE-BW,Stuttgart,634830.0,3062.0
2020-05-14,8111,1511.0,57.0,1300.0,Tagesspiegel,DE-BW,Stuttgart,634830.0,3062.0
2020-05-15,8111,1516.0,57.0,1300.0,Tagesspiegel,DE-BW,Stuttgart,634830.0,3062.0
2020-05-16,8111,1522.0,57.0,1304.0,Tagesspiegel,DE-BW,Stuttgart,634830.0,3062.0
2020-05-17,8111,1531.0,57.0,1307.0,Tagesspiegel,DE-BW,Stuttgart,634830.0,3062.0
2020-05-18,8111,1533.0,57.0,1319.0,Tagesspiegel,DE-BW,Stuttgart,634830.0,3062.0
2020-05-19,8111,1534.0,57.0,1331.0,Tagesspiegel,DE-BW,Stuttgart,634830.0,3062.0
2020-05-20,8111,1539.0,58.0,1340.0,Tagesspiegel,DE-BW,Stuttgart,634830.0,3062.0
2020-05-22,8111,1554.0,61.0,1355.0,Tagesspiegel,DE-BW,Stuttgart,634830.0,3062.0
2020-05-23,8111,1557.0,61.0,1360.0,Tagesspiegel,DE-BW,Stuttgart,634830.0,3062.0
2020-05-24,8111,1563.0,62.0,1362.0,Tagesspiegel,DE-BW,Stuttgart,634830.0,3062.0
2020-05-25,8111,1565.0,62.0,1362.0,Tagesspiegel,DE-BW,Stuttgart,634830.0,3062.0
2020-05-26,8111,1568.0,63.0,1481.0,Tagesspiegel,DE-BW,Stuttgart,634830.0,3062.0
2020-05-27,8111,1575.0,63.0,1489.0,Tagesspiegel,DE-BW,Stuttgart,634830.0,3062.0
2020-05-28,8111,1580.0,63.0,1489.0,Tagesspiegel,DE-BW,Stuttgart,634830.0,3062.0
2020-05-29,8111,1580.0,63.0,1501.0,Tagesspiegel,DE-BW,Stuttgart,634830.0,3062.0
2020-05-31,8111,1587.0,63.0,1508.0,Tagesspiegel,DE-BW,Stuttgart,634830.0,3062.0
2020-06-03,8111,1587.0,64.0,1508.0,Tagesspiegel,DE-BW,Stuttgart,634830.0,3062.0
2020-06-04,8111,1589.0,64.0,1490.0,Tagesspiegel,DE-BW,Stuttgart,634830.0,3062.0
2020-06-05,8111,1590.0,64.0,1493.0,Tagesspiegel,DE-BW,Stuttgart,634830.0,3062.0
2020-06-06,8111,1593.0,64.0,1493.0,Tagesspiegel,DE-BW,Stuttgart,634830.0,3062.0
2020-06-07,8111,1593.0,64.0,1493.0,Tagesspiegel,DE-BW,Stuttgart,634830.0,3062.0
2020-06-08,8111,1593.0,65.0,1503.0,Tagesspiegel,DE-BW,Stuttgart,634830.0,3062.0
2020-06-09,8111,1603.0,65.0,1510.0,Tagesspiegel,DE-BW,Stuttgart,634830.0,3062.0
2020-06-10,8111,1607.0,65.0,1515.0,Tagesspiegel,DE-BW,Stuttgart,634830.0,3062.0
2020-06-12,8111,1608.0,65.0,1521.0,Tagesspiegel,DE-BW,Stuttgart,634830.0,3062.0
2020-06-14,8111,1609.0,65.0,1521.0,Tagesspiegel,DE-BW,Stuttgart,634830.0,3062.0
2020-06-15,8111,1609.0,65.0,1523.0,Tagesspiegel,DE-BW,Stuttgart,634830.0,3062.0
2020-06-16,8111,1612.0,65.0,1523.0,Tagesspiegel,DE-BW,Stuttgart,634830.0,3062.0
2020-06-17,8111,1617.0,65.0,1524.0,Tagesspiegel,DE-BW,Stuttgart,634830.0,3062.0
2020-06-18,8111,1621.0,65.0,1525.0,Tagesspiegel,DE-BW,Stuttgart,634830.0,3062.0
2020-06-19,8111,1625.0,65.0,1528.0,Tagesspiegel,DE-BW,Stuttgart,634830.0,3062.0
2020-06-20,8111,1625.0,65.0,1528.0,Tagesspiegel,DE-BW,Stuttgart,634830.0,3062.0
2020-06-23,8111,1634.0,65.0,1542.0,Tagesspiegel,DE-BW,Stuttgart,634830.0,3062.0
2020-06-25,8111,1636.0,65.0,1543.0,Tagesspiegel,DE-BW,Stuttgart,634830.0,3062.0
2020-06-26,8111,1637.0,66.0,1544.0,Tagesspiegel,DE-BW,Stuttgart,634830.0,3062.0
2020-06-27,8111,1643.0,66.0,1544.0,Tagesspiegel,DE-BW,Stuttgart,634830.0,3062.0
2020-06-30,8111,1648.0,66.0,1551.0,Tagesspiegel,DE-BW,Stuttgart,634830.0,3062.0
2020-07-01,8111,1649.0,66.0,1555.0,Tagesspiegel,DE-BW,Stuttgart,634830.0,3062.0
2020-07-03,8111,1654.0,66.0,1566.0,Tagesspiegel,DE-BW,Stuttgart,634830.0,3062.0
2020-07-06,8111,1656.0,66.0,1568.0,Tagesspiegel,DE-BW,Stuttgart,634830.0,3062.0
2020-07-08,8111,1665.0,66.0,1570.0,Tagesspiegel,DE-BW,Stuttgart,634830.0,3062.0
2020-07-09,8111,1666.0,66.0,1574.0,Tagesspiegel,DE-BW,Stuttgart,634830.0,3062.0
2020-07-10,8111,1675.0,66.0,1579.0,Tagesspiegel,DE-BW,Stuttgart,634830.0,3062.0
2020-07-12,8111,1676.0,66.0,1579.0,Tagesspiegel,DE-BW,Stuttgart,634830.0,3062.0
2020-07-13,8111,1676.0,66.0,1582.0,Tagesspiegel,DE-BW,Stuttgart,634830.0,3062.0
2020-07-14,8111,1695.0,66.0,1583.0,Tagesspiegel,DE-BW,Stuttgart,634830.0,3062.0
2020-07-15,8111,1700.0,66.0,1583.0,Tagesspiegel,DE-BW,Stuttgart,634830.0,3062.0
2020-07-16,8111,1707.0,66.0,1588.0,Tagesspiegel,DE-BW,Stuttgart,634830.0,3062.0
2020-03-05,8115,1.0,0.0,1.0,RKI,DE-BW,Böblingen,391640.0,634.0
2020-03-09,8115,1.0,0.0,1.0,RKI,DE-BW,Böblingen,391640.0,634.0
2020-03-11,8115,2.0,0.0,2.0,RKI,DE-BW,Böblingen,391640.0,634.0
2020-03-12,8115,6.0,0.0,6.0,RKI,DE-BW,Böblingen,391640.0,634.0
2020-03-13,8115,17.0,0.0,17.0,RKI,DE-BW,Böblingen,391640.0,634.0
2020-03-14,8115,22.0,0.0,22.0,RKI,DE-BW,Böblingen,391640.0,634.0
2020-03-15,8115,34.0,2.0,32.0,RKI,DE-BW,Böblingen,391640.0,634.0
2020-03-16,8115,42.0,2.0,40.0,RKI,DE-BW,Böblingen,391640.0,634.0
2020-03-17,8115,64.0,4.0,60.0,RKI,DE-BW,Böblingen,391640.0,634.0
2020-03-18,8115,107.0,4.0,103.0,RKI,DE-BW,Böblingen,391640.0,634.0
2020-03-19,8115,142.0,5.0,137.0,RKI,DE-BW,Böblingen,391640.0,634.0
2020-03-20,8115,203.0,8.0,195.0,RKI,DE-BW,Böblingen,391640.0,634.0
2020-03-21,8115,241.0,9.0,232.0,RKI,DE-BW,Böblingen,391640.0,634.0
2020-03-22,8115,269.0,9.0,260.0,RKI,DE-BW,Böblingen,391640.0,634.0
2020-03-23,8115,321.0,13.0,308.0,RKI,DE-BW,Böblingen,391640.0,634.0
2020-03-24,8115,370.0,15.0,355.0,RKI,DE-BW,Böblingen,391640.0,634.0
2020-03-25,8115,404.0,15.0,389.0,RKI,DE-BW,Böblingen,391640.0,634.0
2020-03-26,8115,460.0,16.0,444.0,RKI,DE-BW,Böblingen,391640.0,634.0
2020-03-27,8115,521.0,17.0,504.0,RKI,DE-BW,Böblingen,391640.0,634.0
2020-03-28,8115,571.0,17.0,554.0,RKI,DE-BW,Böblingen,391640.0,634.0
2020-03-29,8115,614.0,17.0,597.0,RKI,DE-BW,Böblingen,391640.0,634.0
2020-03-30,8115,473.0,8.0,33.0,Tagesspiegel,DE-BW,Böblingen,391640.0,634.0
2020-03-31,8115,596.0,10.0,33.0,Tagesspiegel,DE-BW,Böblingen,391640.0,634.0
2020-04-01,8115,613.0,10.0,36.0,Tagesspiegel,DE-BW,Böblingen,391640.0,634.0
2020-04-02,8115,664.0,11.0,44.0,Tagesspiegel,DE-BW,Böblingen,391640.0,634.0
2020-04-03,8115,695.0,13.0,44.0,Tagesspiegel,DE-BW,Böblingen,391640.0,634.0
2020-04-04,8115,798.0,15.0,83.0,Tagesspiegel,DE-BW,Böblingen,391640.0,634.0
2020-04-05,8115,821.0,15.0,251.0,Tagesspiegel,DE-BW,Böblingen,391640.0,634.0
2020-04-06,8115,1001.0,18.0,251.0,Tagesspiegel,DE-BW,Böblingen,391640.0,634.0
2020-04-07,8115,1028.0,19.0,302.0,Tagesspiegel,DE-BW,Böblingen,391640.0,634.0
2020-04-08,8115,1013.0,22.0,310.0,Tagesspiegel,DE-BW,Böblingen,391640.0,634.0
2020-04-09,8115,1042.0,23.0,310.0,Tagesspiegel,DE-BW,Böblingen,391640.0,634.0
2020-04-10,8115,1094.0,23.0,310.0,Tagesspiegel,DE-BW,Böblingen,391640.0,634.0
2020-04-11,8115,1100.0,27.0,361.0,Tagesspiegel,DE-BW,Böblingen,391640.0,634.0
2020-04-12,8115,1168.0,27.0,361.0,Tagesspiegel,DE-BW,Böblingen,391640.0,634.0
2020-04-13,8115,1168.0,27.0,361.0,Tagesspiegel,DE-BW,Böblingen,391640.0,634.0
2020-04-14,8115,1168.0,29.0,434.0,Tagesspiegel,DE-BW,Böblingen,391640.0,634.0
2020-04-15,8115,1251.0,31.0,436.0,Tagesspiegel,DE-BW,Böblingen,391640.0,634.0
2020-04-16,8115,1256.0,33.0,480.0,Tagesspiegel,DE-BW,Böblingen,391640.0,634.0
2020-04-17,8115,1275.0,34.0,481.0,Tagesspiegel,DE-BW,Böblingen,391640.0,634.0
2020-04-18,8115,1292.0,34.0,481.0,Tagesspiegel,DE-BW,Böblingen,391640.0,634.0
2020-04-19,8115,1292.0,34.0,481.0,Tagesspiegel,DE-BW,Böblingen,391640.0,634.0
2020-04-20,8115,1292.0,34.0,520.0,Tagesspiegel,DE-BW,Böblingen,391640.0,634.0
2020-04-21,8115,1315.0,34.0,520.0,Tagesspiegel,DE-BW,Böblingen,391640.0,634.0
2020-04-22,8115,1323.0,36.0,534.0,Tagesspiegel,DE-BW,Böblingen,391640.0,634.0
2020-04-23,8115,1323.0,37.0,559.0,Tagesspiegel,DE-BW,Böblingen,391640.0,634.0
2020-04-24,8115,1342.0,37.0,578.0,Tagesspiegel,DE-BW,Böblingen,391640.0,634.0
2020-04-25,8115,1352.0,38.0,578.0,Tagesspiegel,DE-BW,Böblingen,391640.0,634.0
2020-04-26,8115,1352.0,38.0,578.0,Tagesspiegel,DE-BW,Böblingen,391640.0,634.0
2020-04-27,8115,1352.0,40.0,629.0,Tagesspiegel,DE-BW,Böblingen,391640.0,634.0
2020-04-28,8115,1361.0,40.0,887.0,Tagesspiegel,DE-BW,Böblingen,391640.0,634.0
2020-04-29,8115,1367.0,42.0,888.0,Tagesspiegel,DE-BW,Böblingen,391640.0,634.0
2020-04-30,8115,1366.0,43.0,901.0,Tagesspiegel,DE-BW,Böblingen,391640.0,634.0
2020-05-04,8115,1367.0,46.0,901.0,Tagesspiegel,DE-BW,Böblingen,391640.0,634.0
2020-05-06,8115,1377.0,47.0,927.0,Tagesspiegel,DE-BW,Böblingen,391640.0,634.0
2020-05-07,8115,1377.0,47.0,963.0,Tagesspiegel,DE-BW,Böblingen,391640.0,634.0
2020-05-08,8115,1377.0,47.0,989.0,Tagesspiegel,DE-BW,Böblingen,391640.0,634.0
2020-05-11,8115,1378.0,47.0,992.0,Tagesspiegel,DE-BW,Böblingen,391640.0,634.0
2020-05-12,8115,1379.0,47.0,994.0,Tagesspiegel,DE-BW,Böblingen,391640.0,634.0
2020-05-14,8115,1379.0,48.0,1036.0,Tagesspiegel,DE-BW,Böblingen,391640.0,634.0
2020-05-15,8115,1379.0,48.0,1043.0,Tagesspiegel,DE-BW,Böblingen,391640.0,634.0
2020-05-16,8115,1383.0,48.0,1043.0,Tagesspiegel,DE-BW,Böblingen,391640.0,634.0
2020-05-20,8115,1385.0,48.0,1092.0,Tagesspiegel,DE-BW,Böblingen,391640.0,634.0
2020-05-21,8115,1384.0,48.0,1092.0,Tagesspiegel,DE-BW,Böblingen,391640.0,634.0
2020-05-23,8115,1378.0,48.0,1189.0,Tagesspiegel,DE-BW,Böblingen,391640.0,634.0
2020-05-25,8115,1378.0,48.0,1189.0,Tagesspiegel,DE-BW,Böblingen,391640.0,634.0
2020-05-26,8115,1380.0,48.0,1220.0,Tagesspiegel,DE-BW,Böblingen,391640.0,634.0
2020-05-28,8115,1383.0,48.0,1246.0,Tagesspiegel,DE-BW,Böblingen,391640.0,634.0
2020-05-30,8115,1388.0,48.0,1247.0,Tagesspiegel,DE-BW,Böblingen,391640.0,634.0
2020-06-04,8115,1387.0,48.0,1310.0,Tagesspiegel,DE-BW,Böblingen,391640.0,634.0
2020-06-05,8115,1385.0,48.0,1311.0,Tagesspiegel,DE-BW,Böblingen,391640.0,634.0
2020-06-06,8115,1385.0,48.0,1311.0,Tagesspiegel,DE-BW,Böblingen,391640.0,634.0
2020-06-10,8115,1389.0,48.0,1322.0,Tagesspiegel,DE-BW,Böblingen,391640.0,634.0
2020-06-12,8115,1389.0,48.0,1322.0,Tagesspiegel,DE-BW,Böblingen,391640.0,634.0
2020-06-16,8115,1392.0,49.0,1324.0,Tagesspiegel,DE-BW,Böblingen,391640.0,634.0
2020-06-17,8115,1392.0,49.0,1324.0,Tagesspiegel,DE-BW,Böblingen,391640.0,634.0
2020-06-18,8115,1395.0,49.0,1324.0,Tagesspiegel,DE-BW,Böblingen,391640.0,634.0
2020-06-19,8115,1397.0,49.0,1324.0,Tagesspiegel,DE-BW,Böblingen,391640.0,634.0
2020-06-22,8115,1398.0,49.0,1333.0,Tagesspiegel,DE-BW,Böblingen,391640.0,634.0
2020-06-23,8115,1402.0,49.0,1335.0,Tagesspiegel,DE-BW,Böblingen,391640.0,634.0
2020-06-24,8115,1402.0,49.0,1339.0,Tagesspiegel,DE-BW,Böblingen,391640.0,634.0
2020-06-25,8115,1407.0,49.0,1341.0,Tagesspiegel,DE-BW,Böblingen,391640.0,634.0
2020-06-26,8115,1408.0,49.0,1342.0,Tagesspiegel,DE-BW,Böblingen,391640.0,634.0
2020-06-27,8115,1412.0,49.0,1342.0,Tagesspiegel,DE-BW,Böblingen,391640.0,634.0
2020-06-30,8115,1415.0,49.0,1348.0,Tagesspiegel,DE-BW,Böblingen,391640.0,634.0
2020-07-02,8115,1419.0,49.0,1349.0,Tagesspiegel,DE-BW,Böblingen,391640.0,634.0
2020-07-03,8115,1419.0,49.0,1349.0,Tagesspiegel,DE-BW,Böblingen,391640.0,634.0
2020-07-04,8115,1419.0,49.0,1349.0,Tagesspiegel,DE-BW,Böblingen,391640.0,634.0
2020-07-06,8115,1419.0,49.0,1352.0,Tagesspiegel,DE-BW,Böblingen,391640.0,634.0
2020-07-07,8115,1420.0,49.0,1352.0,Tagesspiegel,DE-BW,Böblingen,391640.0,634.0
2020-07-08,8115,1423.0,49.0,1357.0,Tagesspiegel,DE-BW,Böblingen,391640.0,634.0
2020-07-09,8115,1426.0,49.0,1360.0,Tagesspiegel,DE-BW,Böblingen,391640.0,634.0
2020-07-10,8115,1431.0,49.0,1362.0,Tagesspiegel,DE-BW,Böblingen,391640.0,634.0
2020-07-12,8115,1434.0,49.0,1362.0,Tagesspiegel,DE-BW,Böblingen,391640.0,634.0
2020-07-14,8115,1434.0,49.0,1364.0,Tagesspiegel,DE-BW,Böblingen,391640.0,634.0
2020-07-16,8115,1438.0,49.0,1366.0,Tagesspiegel,DE-BW,Böblingen,391640.0,634.0
2020-03-04,8116,8.0,0.0,8.0,RKI,DE-BW,Esslingen,533859.0,832.0
2020-03-05,8116,12.0,0.0,12.0,RKI,DE-BW,Esslingen,533859.0,832.0
2020-03-06,8116,14.0,0.0,14.0,RKI,DE-BW,Esslingen,533859.0,832.0
2020-03-07,8116,15.0,0.0,15.0,RKI,DE-BW,Esslingen,533859.0,832.0
2020-03-08,8116,15.0,0.0,15.0,RKI,DE-BW,Esslingen,533859.0,832.0
2020-03-10,8116,30.0,0.0,30.0,RKI,DE-BW,Esslingen,533859.0,832.0
2020-03-11,8116,42.0,0.0,42.0,RKI,DE-BW,Esslingen,533859.0,832.0
2020-03-12,8116,57.0,3.0,54.0,RKI,DE-BW,Esslingen,533859.0,832.0
2020-03-13,8116,72.0,3.0,69.0,RKI,DE-BW,Esslingen,533859.0,832.0
2020-03-14,8116,109.0,6.0,103.0,RKI,DE-BW,Esslingen,533859.0,832.0
2020-03-15,8116,113.0,6.0,107.0,RKI,DE-BW,Esslingen,533859.0,832.0
2020-03-16,8116,189.0,7.0,182.0,RKI,DE-BW,Esslingen,533859.0,832.0
2020-03-17,8116,238.0,8.0,230.0,RKI,DE-BW,Esslingen,533859.0,832.0
2020-03-18,8116,287.0,9.0,278.0,RKI,DE-BW,Esslingen,533859.0,832.0
2020-03-19,8116,322.0,9.0,313.0,RKI,DE-BW,Esslingen,533859.0,832.0
2020-03-20,8116,398.0,10.0,388.0,RKI,DE-BW,Esslingen,533859.0,832.0
2020-03-21,8116,408.0,12.0,396.0,RKI,DE-BW,Esslingen,533859.0,832.0
2020-03-22,8116,457.0,17.0,440.0,RKI,DE-BW,Esslingen,533859.0,832.0
2020-03-23,8116,470.0,17.0,453.0,RKI,DE-BW,Esslingen,533859.0,832.0
2020-03-24,8116,538.0,18.0,520.0,RKI,DE-BW,Esslingen,533859.0,832.0
2020-03-25,8116,578.0,25.0,553.0,RKI,DE-BW,Esslingen,533859.0,832.0
2020-03-26,8116,639.0,29.0,610.0,RKI,DE-BW,Esslingen,533859.0,832.0
2020-03-27,8116,699.0,33.0,666.0,RKI,DE-BW,Esslingen,533859.0,832.0
2020-03-28,8116,737.0,37.0,700.0,RKI,DE-BW,Esslingen,533859.0,832.0
2020-03-29,8116,748.0,39.0,709.0,RKI,DE-BW,Esslingen,533859.0,832.0
2020-03-30,8116,815.0,42.0,773.0,RKI,DE-BW,Esslingen,533859.0,832.0
2020-03-31,8116,886.0,47.0,839.0,RKI,DE-BW,Esslingen,533859.0,832.0
2020-04-01,8116,833.0,22.0,270.0,Tagesspiegel,DE-BW,Esslingen,533859.0,832.0
2020-04-02,8116,946.0,23.0,336.0,Tagesspiegel,DE-BW,Esslingen,533859.0,832.0
2020-04-03,8116,1012.0,26.0,397.0,Tagesspiegel,DE-BW,Esslingen,533859.0,832.0
2020-04-04,8116,1071.0,27.0,397.0,Tagesspiegel,DE-BW,Esslingen,533859.0,832.0
2020-04-05,8116,1117.0,30.0,397.0,Tagesspiegel,DE-BW,Esslingen,533859.0,832.0
2020-04-06,8116,1117.0,34.0,451.0,Tagesspiegel,DE-BW,Esslingen,533859.0,832.0
2020-04-07,8116,1168.0,37.0,534.0,Tagesspiegel,DE-BW,Esslingen,533859.0,832.0
2020-04-08,8116,1198.0,40.0,587.0,Tagesspiegel,DE-BW,Esslingen,533859.0,832.0
2020-04-09,8116,1256.0,41.0,631.0,Tagesspiegel,DE-BW,Esslingen,533859.0,832.0
2020-04-10,8116,1298.0,42.0,631.0,Tagesspiegel,DE-BW,Esslingen,533859.0,832.0
2020-04-11,8116,1299.0,47.0,631.0,Tagesspiegel,DE-BW,Esslingen,533859.0,832.0
2020-04-12,8116,1394.0,47.0,723.0,Tagesspiegel,DE-BW,Esslingen,533859.0,832.0
2020-04-13,8116,1450.0,47.0,723.0,Tagesspiegel,DE-BW,Esslingen,533859.0,832.0
2020-04-14,8116,1450.0,50.0,723.0,Tagesspiegel,DE-BW,Esslingen,533859.0,832.0
2020-04-15,8116,1475.0,53.0,798.0,Tagesspiegel,DE-BW,Esslingen,533859.0,832.0
2020-04-16,8116,1481.0,57.0,843.0,Tagesspiegel,DE-BW,Esslingen,533859.0,832.0
2020-04-17,8116,1509.0,61.0,886.0,Tagesspiegel,DE-BW,Esslingen,533859.0,832.0
2020-04-18,8116,1534.0,63.0,886.0,Tagesspiegel,DE-BW,Esslingen,533859.0,832.0
2020-04-19,8116,1562.0,63.0,886.0,Tagesspiegel,DE-BW,Esslingen,533859.0,832.0
2020-04-20,8116,1562.0,63.0,947.0,Tagesspiegel,DE-BW,Esslingen,533859.0,832.0
2020-04-21,8116,1583.0,68.0,947.0,Tagesspiegel,DE-BW,Esslingen,533859.0,832.0
2020-04-22,8116,1591.0,70.0,1016.0,Tagesspiegel,DE-BW,Esslingen,533859.0,832.0
2020-04-23,8116,1642.0,74.0,1054.0,Tagesspiegel,DE-BW,Esslingen,533859.0,832.0
2020-04-24,8116,1656.0,82.0,1111.0,Tagesspiegel,DE-BW,Esslingen,533859.0,832.0
2020-04-25,8116,1681.0,83.0,1111.0,Tagesspiegel,DE-BW,Esslingen,533859.0,832.0
2020-04-26,8116,1683.0,83.0,1111.0,Tagesspiegel,DE-BW,Esslingen,533859.0,832.0
2020-04-27,8116,1683.0,84.0,1146.0,Tagesspiegel,DE-BW,Esslingen,533859.0,832.0
2020-04-28,8116,1697.0,84.0,1212.0,Tagesspiegel,DE-BW,Esslingen,533859.0,832.0
2020-04-29,8116,1700.0,85.0,1248.0,Tagesspiegel,DE-BW,Esslingen,533859.0,832.0
2020-04-30,8116,1714.0,93.0,1284.0,Tagesspiegel,DE-BW,Esslingen,533859.0,832.0
2020-05-01,8116,1733.0,93.0,1284.0,Tagesspiegel,DE-BW,Esslingen,533859.0,832.0
2020-05-02,8116,1733.0,97.0,1284.0,Tagesspiegel,DE-BW,Esslingen,533859.0,832.0
2020-05-05,8116,1751.0,99.0,1319.0,Tagesspiegel,DE-BW,Esslingen,533859.0,832.0
2020-05-06,8116,1753.0,100.0,1381.0,Tagesspiegel,DE-BW,Esslingen,533859.0,832.0
2020-05-07,8116,1761.0,102.0,1440.0,Tagesspiegel,DE-BW,Esslingen,533859.0,832.0
2020-05-08,8116,1767.0,104.0,1464.0,Tagesspiegel,DE-BW,Esslingen,533859.0,832.0
2020-05-09,8116,1774.0,104.0,1464.0,Tagesspiegel,DE-BW,Esslingen,533859.0,832.0
2020-05-10,8116,1774.0,104.0,1464.0,Tagesspiegel,DE-BW,Esslingen,533859.0,832.0
2020-05-11,8116,1774.0,108.0,1479.0,Tagesspiegel,DE-BW,Esslingen,533859.0,832.0
2020-05-12,8116,1795.0,111.0,1486.0,Tagesspiegel,DE-BW,Esslingen,533859.0,832.0
2020-05-13,8116,1801.0,114.0,1518.0,Tagesspiegel,DE-BW,Esslingen,533859.0,832.0
2020-05-14,8116,1804.0,115.0,1530.0,Tagesspiegel,DE-BW,Esslingen,533859.0,832.0
2020-05-15,8116,1812.0,115.0,1544.0,Tagesspiegel,DE-BW,Esslingen,533859.0,832.0
2020-05-16,8116,1817.0,115.0,1544.0,Tagesspiegel,DE-BW,Esslingen,533859.0,832.0
2020-05-18,8116,1817.0,116.0,1548.0,Tagesspiegel,DE-BW,Esslingen,533859.0,832.0
2020-05-19,8116,1844.0,117.0,1574.0,Tagesspiegel,DE-BW,Esslingen,533859.0,832.0
2020-05-20,8116,1847.0,117.0,1580.0,Tagesspiegel,DE-BW,Esslingen,533859.0,832.0
2020-05-21,8116,1857.0,117.0,1580.0,Tagesspiegel,DE-BW,Esslingen,533859.0,832.0
2020-05-22,8116,1857.0,119.0,1592.0,Tagesspiegel,DE-BW,Esslingen,533859.0,832.0
2020-05-23,8116,1868.0,119.0,1592.0,Tagesspiegel,DE-BW,Esslingen,533859.0,832.0
2020-05-24,8116,1868.0,119.0,1592.0,Tagesspiegel,DE-BW,Esslingen,533859.0,832.0
2020-05-26,8116,1877.0,122.0,1618.0,Tagesspiegel,DE-BW,Esslingen,533859.0,832.0
2020-05-27,8116,1877.0,122.0,1636.0,Tagesspiegel,DE-BW,Esslingen,533859.0,832.0
2020-05-28,8116,1859.0,124.0,1668.0,Tagesspiegel,DE-BW,Esslingen,533859.0,832.0
2020-05-30,8116,1868.0,124.0,1673.0,Tagesspiegel,DE-BW,Esslingen,533859.0,832.0
2020-06-02,8116,1868.0,127.0,1680.0,Tagesspiegel,DE-BW,Esslingen,533859.0,832.0
2020-06-03,8116,1871.0,127.0,1691.0,Tagesspiegel,DE-BW,Esslingen,533859.0,832.0
2020-06-04,8116,1873.0,128.0,1692.0,Tagesspiegel,DE-BW,Esslingen,533859.0,832.0
2020-06-05,8116,1876.0,129.0,1695.0,Tagesspiegel,DE-BW,Esslingen,533859.0,832.0
2020-06-06,8116,1879.0,129.0,1695.0,Tagesspiegel,DE-BW,Esslingen,533859.0,832.0
2020-06-09,8116,1895.0,131.0,1700.0,Tagesspiegel,DE-BW,Esslingen,533859.0,832.0
2020-06-10,8116,1896.0,131.0,1709.0,Tagesspiegel,DE-BW,Esslingen,533859.0,832.0
2020-06-11,8116,1896.0,131.0,1709.0,Tagesspiegel,DE-BW,Esslingen,533859.0,832.0
2020-06-12,8116,1896.0,131.0,1711.0,Tagesspiegel,DE-BW,Esslingen,533859.0,832.0
2020-06-14,8116,1899.0,131.0,1711.0,Tagesspiegel,DE-BW,Esslingen,533859.0,832.0
2020-06-15,8116,1899.0,132.0,1723.0,Tagesspiegel,DE-BW,Esslingen,533859.0,832.0
2020-06-16,8116,1904.0,132.0,1730.0,Tagesspiegel,DE-BW,Esslingen,533859.0,832.0
2020-06-17,8116,1905.0,132.0,1732.0,Tagesspiegel,DE-BW,Esslingen,533859.0,832.0
2020-06-19,8116,1909.0,134.0,1742.0,Tagesspiegel,DE-BW,Esslingen,533859.0,832.0
2020-06-20,8116,1911.0,134.0,1742.0,Tagesspiegel,DE-BW,Esslingen,533859.0,832.0
2020-06-23,8116,1915.0,134.0,1753.0,Tagesspiegel,DE-BW,Esslingen,533859.0,832.0
2020-06-24,8116,1915.0,134.0,1753.0,Tagesspiegel,DE-BW,Esslingen,533859.0,832.0
2020-06-25,8116,1919.0,134.0,1756.0,Tagesspiegel,DE-BW,Esslingen,533859.0,832.0
2020-06-26,8116,1922.0,135.0,1761.0,Tagesspiegel,DE-BW,Esslingen,533859.0,832.0
2020-06-27,8116,1924.0,135.0,1761.0,Tagesspiegel,DE-BW,Esslingen,533859.0,832.0
2020-06-30,8116,1928.0,135.0,1764.0,Tagesspiegel,DE-BW,Esslingen,533859.0,832.0
2020-07-01,8116,1928.0,136.0,1767.0,Tagesspiegel,DE-BW,Esslingen,533859.0,832.0
2020-07-02,8116,1929.0,136.0,1770.0,Tagesspiegel,DE-BW,Esslingen,533859.0,832.0
2020-07-03,8116,1932.0,136.0,1771.0,Tagesspiegel,DE-BW,Esslingen,533859.0,832.0
2020-07-04,8116,1935.0,136.0,1771.0,Tagesspiegel,DE-BW,Esslingen,533859.0,832.0
2020-07-06,8116,1935.0,136.0,1773.0,Tagesspiegel,DE-BW,Esslingen,533859.0,832.0
2020-07-07,8116,1941.0,136.0,1773.0,Tagesspiegel,DE-BW,Esslingen,533859.0,832.0
2020-07-08,8116,1942.0,136.0,1779.0,Tagesspiegel,DE-BW,Esslingen,533859.0,832.0
2020-07-10,8116,1950.0,136.0,1784.0,Tagesspiegel,DE-BW,Esslingen,533859.0,832.0
2020-07-13,8116,1950.0,136.0,1787.0,Tagesspiegel,DE-BW,Esslingen,533859.0,832.0
2020-07-15,8116,1959.0,136.0,1792.0,Tagesspiegel,DE-BW,Esslingen,533859.0,832.0
2020-03-02,8117,0.0,0.0,0.0,RKI,DE-BW,Göppingen,257253.0,400.0
2020-03-04,8117,0.0,0.0,0.0,RKI,DE-BW,Göppingen,257253.0,400.0
2020-03-10,8117,4.0,0.0,4.0,RKI,DE-BW,Göppingen,257253.0,400.0
2020-03-11,8117,10.0,0.0,10.0,RKI,DE-BW,Göppingen,257253.0,400.0
2020-03-12,8117,26.0,1.0,25.0,RKI,DE-BW,Göppingen,257253.0,400.0
2020-03-13,8117,29.0,1.0,28.0,RKI,DE-BW,Göppingen,257253.0,400.0
2020-03-14,8117,36.0,1.0,35.0,RKI,DE-BW,Göppingen,257253.0,400.0
2020-03-15,8117,44.0,1.0,43.0,RKI,DE-BW,Göppingen,257253.0,400.0
2020-03-16,8117,46.0,1.0,45.0,RKI,DE-BW,Göppingen,257253.0,400.0
2020-03-17,8117,63.0,1.0,62.0,RKI,DE-BW,Göppingen,257253.0,400.0
2020-03-18,8117,87.0,1.0,86.0,RKI,DE-BW,Göppingen,257253.0,400.0
2020-03-19,8117,123.0,1.0,122.0,RKI,DE-BW,Göppingen,257253.0,400.0
2020-03-20,8117,155.0,3.0,152.0,RKI,DE-BW,Göppingen,257253.0,400.0
2020-03-21,8117,173.0,4.0,169.0,RKI,DE-BW,Göppingen,257253.0,400.0
2020-03-22,8117,177.0,4.0,173.0,RKI,DE-BW,Göppingen,257253.0,400.0
2020-03-23,8117,187.0,6.0,181.0,RKI,DE-BW,Göppingen,257253.0,400.0
2020-03-24,8117,215.0,10.0,205.0,RKI,DE-BW,Göppingen,257253.0,400.0
2020-03-25,8117,246.0,10.0,236.0,RKI,DE-BW,Göppingen,257253.0,400.0
2020-03-26,8117,274.0,12.0,262.0,RKI,DE-BW,Göppingen,257253.0,400.0
2020-03-27,8117,315.0,12.0,303.0,RKI,DE-BW,Göppingen,257253.0,400.0
2020-03-28,8117,343.0,12.0,331.0,RKI,DE-BW,Göppingen,257253.0,400.0
2020-03-29,8117,361.0,12.0,349.0,RKI,DE-BW,Göppingen,257253.0,400.0
2020-03-30,8117,365.0,9.0,56.0,Tagesspiegel,DE-BW,Göppingen,257253.0,400.0
2020-03-31,8117,388.0,9.0,95.0,Tagesspiegel,DE-BW,Göppingen,257253.0,400.0
2020-04-01,8117,401.0,10.0,117.0,Tagesspiegel,DE-BW,Göppingen,257253.0,400.0
2020-04-02,8117,450.0,12.0,159.0,Tagesspiegel,DE-BW,Göppingen,257253.0,400.0
2020-04-03,8117,485.0,12.0,168.0,Tagesspiegel,DE-BW,Göppingen,257253.0,400.0
2020-04-04,8117,503.0,13.0,179.0,Tagesspiegel,DE-BW,Göppingen,257253.0,400.0
2020-04-05,8117,520.0,14.0,183.0,Tagesspiegel,DE-BW,Göppingen,257253.0,400.0
2020-04-06,8117,541.0,16.0,201.0,Tagesspiegel,DE-BW,Göppingen,257253.0,400.0
2020-04-07,8117,544.0,18.0,201.0,Tagesspiegel,DE-BW,Göppingen,257253.0,400.0
2020-04-08,8117,551.0,20.0,226.0,Tagesspiegel,DE-BW,Göppingen,257253.0,400.0
2020-04-09,8117,578.0,23.0,281.0,Tagesspiegel,DE-BW,Göppingen,257253.0,400.0
2020-04-10,8117,600.0,23.0,318.0,Tagesspiegel,DE-BW,Göppingen,257253.0,400.0
2020-04-12,8117,638.0,24.0,338.0,Tagesspiegel,DE-BW,Göppingen,257253.0,400.0
2020-04-13,8117,639.0,25.0,345.0,Tagesspiegel,DE-BW,Göppingen,257253.0,400.0
2020-04-14,8117,655.0,26.0,355.0,Tagesspiegel,DE-BW,Göppingen,257253.0,400.0
2020-04-15,8117,662.0,27.0,359.0,Tagesspiegel,DE-BW,Göppingen,257253.0,400.0
2020-04-16,8117,668.0,28.0,394.0,Tagesspiegel,DE-BW,Göppingen,257253.0,400.0
2020-04-17,8117,691.0,30.0,417.0,Tagesspiegel,DE-BW,Göppingen,257253.0,400.0
2020-04-18,8117,698.0,31.0,431.0,Tagesspiegel,DE-BW,Göppingen,257253.0,400.0
2020-04-19,8117,705.0,31.0,440.0,Tagesspiegel,DE-BW,Göppingen,257253.0,400.0
2020-04-21,8117,716.0,32.0,452.0,Tagesspiegel,DE-BW,Göppingen,257253.0,400.0
2020-04-22,8117,717.0,33.0,459.0,Tagesspiegel,DE-BW,Göppingen,257253.0,400.0
2020-04-23,8117,720.0,35.0,471.0,Tagesspiegel,DE-BW,Göppingen,257253.0,400.0
2020-04-24,8117,729.0,36.0,494.0,Tagesspiegel,DE-BW,Göppingen,257253.0,400.0
2020-04-25,8117,735.0,36.0,516.0,Tagesspiegel,DE-BW,Göppingen,257253.0,400.0
2020-04-26,8117,737.0,37.0,521.0,Tagesspiegel,DE-BW,Göppingen,257253.0,400.0
2020-04-27,8117,740.0,38.0,526.0,Tagesspiegel,DE-BW,Göppingen,257253.0,400.0
2020-04-28,8117,741.0,39.0,545.0,Tagesspiegel,DE-BW,Göppingen,257253.0,400.0
2020-04-29,8117,745.0,39.0,551.0,Tagesspiegel,DE-BW,Göppingen,257253.0,400.0
2020-04-30,8117,751.0,39.0,568.0,Tagesspiegel,DE-BW,Göppingen,257253.0,400.0
2020-05-01,8117,752.0,39.0,584.0,Tagesspiegel,DE-BW,Göppingen,257253.0,400.0
2020-05-02,8117,763.0,39.0,587.0,Tagesspiegel,DE-BW,Göppingen,257253.0,400.0
2020-05-03,8117,766.0,39.0,602.0,Tagesspiegel,DE-BW,Göppingen,257253.0,400.0
2020-05-05,8117,769.0,39.0,605.0,Tagesspiegel,DE-BW,Göppingen,257253.0,400.0
2020-05-07,8117,774.0,39.0,620.0,Tagesspiegel,DE-BW,Göppingen,257253.0,400.0
2020-05-08,8117,775.0,39.0,624.0,Tagesspiegel,DE-BW,Göppingen,257253.0,400.0
2020-05-09,8117,775.0,39.0,626.0,Tagesspiegel,DE-BW,Göppingen,257253.0,400.0
2020-05-14,8117,778.0,39.0,647.0,Tagesspiegel,DE-BW,Göppingen,257253.0,400.0
2020-05-22,8117,784.0,39.0,662.0,Tagesspiegel,DE-BW,Göppingen,257253.0,400.0
2020-05-23,8117,772.0,39.0,662.0,Tagesspiegel,DE-BW,Göppingen,257253.0,400.0
2020-05-28,8117,776.0,39.0,722.0,Tagesspiegel,DE-BW,Göppingen,257253.0,400.0
2020-06-06,8117,780.0,39.0,733.0,Tagesspiegel,DE-BW,Göppingen,257253.0,400.0
2020-06-08,8117,780.0,39.0,733.0,Tagesspiegel,DE-BW,Göppingen,257253.0,400.0
2020-06-09,8117,779.0,39.0,735.0,Tagesspiegel,DE-BW,Göppingen,257253.0,400.0
2020-06-11,8117,781.0,39.0,737.0,Tagesspiegel,DE-BW,Göppingen,257253.0,400.0
2020-06-12,8117,782.0,39.0,736.0,Tagesspiegel,DE-BW,Göppingen,257253.0,400.0
2020-06-18,8117,783.0,39.0,739.0,Tagesspiegel,DE-BW,Göppingen,257253.0,400.0
2020-06-20,8117,785.0,39.0,739.0,Tagesspiegel,DE-BW,Göppingen,257253.0,400.0
2020-06-22,8117,786.0,39.0,742.0,Tagesspiegel,DE-BW,Göppingen,257253.0,400.0
2020-06-23,8117,786.0,39.0,743.0,Tagesspiegel,DE-BW,Göppingen,257253.0,400.0
2020-06-24,8117,788.0,39.0,744.0,Tagesspiegel,DE-BW,Göppingen,257253.0,400.0
2020-06-25,8117,795.0,39.0,744.0,Tagesspiegel,DE-BW,Göppingen,257253.0,400.0
2020-06-26,8117,797.0,39.0,744.0,Tagesspiegel,DE-BW,Göppingen,257253.0,400.0
2020-06-28,8117,801.0,39.0,744.0,Tagesspiegel,DE-BW,Göppingen,257253.0,400.0
2020-06-30,8117,805.0,39.0,744.0,Tagesspiegel,DE-BW,Göppingen,257253.0,400.0
2020-07-02,8117,807.0,39.0,747.0,Tagesspiegel,DE-BW,Göppingen,257253.0,400.0
2020-07-06,8117,811.0,39.0,748.0,Tagesspiegel,DE-BW,Göppingen,257253.0,400.0
2020-07-09,8117,812.0,39.0,765.0,Tagesspiegel,DE-BW,Göppingen,257253.0,400.0
2020-07-11,8117,813.0,39.0,765.0,Tagesspiegel,DE-BW,Göppingen,257253.0,400.0
2020-07-14,8117,814.0,39.0,772.0,Tagesspiegel,DE-BW,Göppingen,257253.0,400.0
2020-07-15,8117,815.0,39.0,772.0,Tagesspiegel,DE-BW,Göppingen,257253.0,400.0
2020-03-04,8118,0.0,0.0,0.0,RKI,DE-BW,Ludwigsburg,543984.0,792.0
2020-03-05,8118,1.0,0.0,1.0,RKI,DE-BW,Ludwigsburg,543984.0,792.0
2020-03-07,8118,1.0,0.0,1.0,RKI,DE-BW,Ludwigsburg,543984.0,792.0
2020-03-09,8118,3.0,0.0,3.0,RKI,DE-BW,Ludwigsburg,543984.0,792.0
2020-03-10,8118,4.0,0.0,4.0,RKI,DE-BW,Ludwigsburg,543984.0,792.0
2020-03-11,8118,11.0,0.0,11.0,RKI,DE-BW,Ludwigsburg,543984.0,792.0
2020-03-12,8118,23.0,0.0,23.0,RKI,DE-BW,Ludwigsburg,543984.0,792.0
2020-03-13,8118,35.0,0.0,35.0,RKI,DE-BW,Ludwigsburg,543984.0,792.0
2020-03-14,8118,60.0,0.0,60.0,RKI,DE-BW,Ludwigsburg,543984.0,792.0
2020-03-15,8118,61.0,0.0,61.0,RKI,DE-BW,Ludwigsburg,543984.0,792.0
2020-03-16,8118,74.0,0.0,74.0,RKI,DE-BW,Ludwigsburg,543984.0,792.0
2020-03-17,8118,96.0,0.0,96.0,RKI,DE-BW,Ludwigsburg,543984.0,792.0
2020-03-18,8118,128.0,0.0,128.0,RKI,DE-BW,Ludwigsburg,543984.0,792.0
2020-03-19,8118,154.0,0.0,154.0,RKI,DE-BW,Ludwigsburg,543984.0,792.0
2020-03-20,8118,189.0,0.0,189.0,RKI,DE-BW,Ludwigsburg,543984.0,792.0
2020-03-21,8118,208.0,0.0,208.0,RKI,DE-BW,Ludwigsburg,543984.0,792.0
2020-03-22,8118,213.0,0.0,213.0,RKI,DE-BW,Ludwigsburg,543984.0,792.0
2020-03-23,8118,257.0,0.0,257.0,RKI,DE-BW,Ludwigsburg,543984.0,792.0
2020-03-24,8118,289.0,0.0,289.0,RKI,DE-BW,Ludwigsburg,543984.0,792.0
2020-03-25,8118,332.0,0.0,332.0,RKI,DE-BW,Ludwigsburg,543984.0,792.0
2020-03-26,8118,394.0,0.0,394.0,RKI,DE-BW,Ludwigsburg,543984.0,792.0
2020-03-27,8118,466.0,0.0,466.0,RKI,DE-BW,Ludwigsburg,543984.0,792.0
2020-03-28,8118,503.0,0.0,503.0,RKI,DE-BW,Ludwigsburg,543984.0,792.0
2020-03-29,8118,509.0,0.0,509.0,RKI,DE-BW,Ludwigsburg,543984.0,792.0
2020-03-30,8118,682.0,8.0,6.0,Tagesspiegel,DE-BW,Ludwigsburg,543984.0,792.0
2020-03-31,8118,723.0,10.0,6.0,Tagesspiegel,DE-BW,Ludwigsburg,543984.0,792.0
2020-04-01,8118,746.0,13.0,6.0,Tagesspiegel,DE-BW,Ludwigsburg,543984.0,792.0
2020-04-02,8118,835.0,15.0,6.0,Tagesspiegel,DE-BW,Ludwigsburg,543984.0,792.0
2020-04-03,8118,904.0,18.0,178.0,Tagesspiegel,DE-BW,Ludwigsburg,543984.0,792.0
2020-04-04,8118,977.0,18.0,178.0,Tagesspiegel,DE-BW,Ludwigsburg,543984.0,792.0
2020-04-05,8118,1056.0,18.0,178.0,Tagesspiegel,DE-BW,Ludwigsburg,543984.0,792.0
2020-04-06,8118,1072.0,19.0,178.0,Tagesspiegel,DE-BW,Ludwigsburg,543984.0,792.0
2020-04-07,8118,1088.0,20.0,186.0,Tagesspiegel,DE-BW,Ludwigsburg,543984.0,792.0
2020-04-08,8118,1129.0,21.0,247.0,Tagesspiegel,DE-BW,Ludwigsburg,543984.0,792.0
2020-04-09,8118,1179.0,26.0,247.0,Tagesspiegel,DE-BW,Ludwigsburg,543984.0,792.0
2020-04-10,8118,1233.0,27.0,247.0,Tagesspiegel,DE-BW,Ludwigsburg,543984.0,792.0
2020-04-11,8118,1262.0,28.0,247.0,Tagesspiegel,DE-BW,Ludwigsburg,543984.0,792.0
2020-04-12,8118,1289.0,30.0,247.0,Tagesspiegel,DE-BW,Ludwigsburg,543984.0,792.0
2020-04-13,8118,1307.0,31.0,247.0,Tagesspiegel,DE-BW,Ludwigsburg,543984.0,792.0
2020-04-14,8118,1317.0,32.0,263.0,Tagesspiegel,DE-BW,Ludwigsburg,543984.0,792.0
2020-04-15,8118,1332.0,33.0,303.0,Tagesspiegel,DE-BW,Ludwigsburg,543984.0,792.0
2020-04-16,8118,1350.0,35.0,363.0,Tagesspiegel,DE-BW,Ludwigsburg,543984.0,792.0
2020-04-17,8118,1385.0,39.0,363.0,Tagesspiegel,DE-BW,Ludwigsburg,543984.0,792.0
2020-04-18,8118,1422.0,41.0,363.0,Tagesspiegel,DE-BW,Ludwigsburg,543984.0,792.0
2020-04-19,8118,1464.0,41.0,363.0,Tagesspiegel,DE-BW,Ludwigsburg,543984.0,792.0
2020-04-20,8118,1477.0,44.0,977.0,Tagesspiegel,DE-BW,Ludwigsburg,543984.0,792.0
2020-04-21,8118,1482.0,47.0,1054.0,Tagesspiegel,DE-BW,Ludwigsburg,543984.0,792.0
2020-04-22,8118,1495.0,49.0,1069.0,Tagesspiegel,DE-BW,Ludwigsburg,543984.0,792.0
2020-04-23,8118,1523.0,49.0,1109.0,Tagesspiegel,DE-BW,Ludwigsburg,543984.0,792.0
2020-04-24,8118,1538.0,51.0,1158.0,Tagesspiegel,DE-BW,Ludwigsburg,543984.0,792.0
2020-04-25,8118,1573.0,51.0,1207.0,Tagesspiegel,DE-BW,Ludwigsburg,543984.0,792.0
2020-04-27,8118,1613.0,54.0,1261.0,Tagesspiegel,DE-BW,Ludwigsburg,543984.0,792.0
2020-04-28,8118,1616.0,58.0,1307.0,Tagesspiegel,DE-BW,Ludwigsburg,543984.0,792.0
2020-04-29,8118,1624.0,60.0,1286.0,Tagesspiegel,DE-BW,Ludwigsburg,543984.0,792.0
2020-04-30,8118,1634.0,62.0,1300.0,Tagesspiegel,DE-BW,Ludwigsburg,543984.0,792.0
2020-05-01,8118,1655.0,62.0,1317.0,Tagesspiegel,DE-BW,Ludwigsburg,543984.0,792.0
2020-05-02,8118,1658.0,62.0,1350.0,Tagesspiegel,DE-BW,Ludwigsburg,543984.0,792.0
2020-05-05,8118,1664.0,63.0,1423.0,Tagesspiegel,DE-BW,Ludwigsburg,543984.0,792.0
2020-05-06,8118,1665.0,64.0,1438.0,Tagesspiegel,DE-BW,Ludwigsburg,543984.0,792.0
2020-05-07,8118,1674.0,64.0,1448.0,Tagesspiegel,DE-BW,Ludwigsburg,543984.0,792.0
2020-05-08,8118,1686.0,64.0,1474.0,Tagesspiegel,DE-BW,Ludwigsburg,543984.0,792.0
2020-05-09,8118,1697.0,64.0,1489.0,Tagesspiegel,DE-BW,Ludwigsburg,543984.0,792.0
2020-05-11,8118,1710.0,65.0,1523.0,Tagesspiegel,DE-BW,Ludwigsburg,543984.0,792.0
2020-05-12,8118,1710.0,66.0,1562.0,Tagesspiegel,DE-BW,Ludwigsburg,543984.0,792.0
2020-05-13,8118,1720.0,66.0,1562.0,Tagesspiegel,DE-BW,Ludwigsburg,543984.0,792.0
2020-05-14,8118,1729.0,66.0,1566.0,Tagesspiegel,DE-BW,Ludwigsburg,543984.0,792.0
2020-05-15,8118,1733.0,66.0,1574.0,Tagesspiegel,DE-BW,Ludwigsburg,543984.0,792.0
2020-05-16,8118,1739.0,66.0,1593.0,Tagesspiegel,DE-BW,Ludwigsburg,543984.0,792.0
2020-05-18,8118,1747.0,73.0,1601.0,Tagesspiegel,DE-BW,Ludwigsburg,543984.0,792.0
2020-05-20,8118,1750.0,73.0,1601.0,Tagesspiegel,DE-BW,Ludwigsburg,543984.0,792.0
2020-05-23,8118,1757.0,73.0,1622.0,Tagesspiegel,DE-BW,Ludwigsburg,543984.0,792.0
2020-05-25,8118,1758.0,73.0,1633.0,Tagesspiegel,DE-BW,Ludwigsburg,543984.0,792.0
2020-05-27,8118,1760.0,73.0,1645.0,Tagesspiegel,DE-BW,Ludwigsburg,543984.0,792.0
2020-05-28,8118,1761.0,73.0,1654.0,Tagesspiegel,DE-BW,Ludwigsburg,543984.0,792.0
2020-05-29,8118,1762.0,73.0,1663.0,Tagesspiegel,DE-BW,Ludwigsburg,543984.0,792.0
2020-05-30,8118,1764.0,73.0,1667.0,Tagesspiegel,DE-BW,Ludwigsburg,543984.0,792.0
2020-06-02,8118,1767.0,73.0,1673.0,Tagesspiegel,DE-BW,Ludwigsburg,543984.0,792.0
2020-06-04,8118,1769.0,73.0,1677.0,Tagesspiegel,DE-BW,Ludwigsburg,543984.0,792.0
2020-06-06,8118,1771.0,73.0,1683.0,Tagesspiegel,DE-BW,Ludwigsburg,543984.0,792.0
2020-06-09,8118,1774.0,73.0,1685.0,Tagesspiegel,DE-BW,Ludwigsburg,543984.0,792.0
2020-06-10,8118,1776.0,73.0,1686.0,Tagesspiegel,DE-BW,Ludwigsburg,543984.0,792.0
2020-06-12,8118,1785.0,73.0,1688.0,Tagesspiegel,DE-BW,Ludwigsburg,543984.0,792.0
2020-06-16,8118,1790.0,73.0,1694.0,Tagesspiegel,DE-BW,Ludwigsburg,543984.0,792.0
2020-06-17,8118,1792.0,73.0,1694.0,Tagesspiegel,DE-BW,Ludwigsburg,543984.0,792.0
2020-06-18,8118,1792.0,73.0,1695.0,Tagesspiegel,DE-BW,Ludwigsburg,543984.0,792.0
2020-06-20,8118,1795.0,73.0,1698.0,Tagesspiegel,DE-BW,Ludwigsburg,543984.0,792.0
2020-06-22,8118,1801.0,73.0,1699.0,Tagesspiegel,DE-BW,Ludwigsburg,543984.0,792.0
2020-06-24,8118,1808.0,73.0,1701.0,Tagesspiegel,DE-BW,Ludwigsburg,543984.0,792.0
2020-06-26,8118,1813.0,73.0,1708.0,Tagesspiegel,DE-BW,Ludwigsburg,543984.0,792.0
2020-06-30,8118,1819.0,73.0,1717.0,Tagesspiegel,DE-BW,Ludwigsburg,543984.0,792.0
2020-07-01,8118,1821.0,73.0,1717.0,Tagesspiegel,DE-BW,Ludwigsburg,543984.0,792.0
2020-07-02,8118,1826.0,73.0,1719.0,Tagesspiegel,DE-BW,Ludwigsburg,543984.0,792.0
2020-07-03,8118,1830.0,73.0,1719.0,Tagesspiegel,DE-BW,Ludwigsburg,543984.0,792.0
2020-07-04,8118,1842.0,73.0,1719.0,Tagesspiegel,DE-BW,Ludwigsburg,543984.0,792.0
2020-07-05,8118,1842.0,73.0,1721.0,Tagesspiegel,DE-BW,Ludwigsburg,543984.0,792.0
2020-07-06,8118,1846.0,73.0,1728.0,Tagesspiegel,DE-BW,Ludwigsburg,543984.0,792.0
2020-07-07,8118,1848.0,73.0,1728.0,Tagesspiegel,DE-BW,Ludwigsburg,543984.0,792.0
2020-07-10,8118,1856.0,73.0,1736.0,Tagesspiegel,DE-BW,Ludwigsburg,543984.0,792.0
2020-07-11,8118,1857.0,73.0,1740.0,Tagesspiegel,DE-BW,Ludwigsburg,543984.0,792.0
2020-07-14,8118,1862.0,73.0,1757.0,Tagesspiegel,DE-BW,Ludwigsburg,543984.0,792.0
2020-03-17,9161,0.0,0.0,0.0,RKI,DE-BY,Ingolstadt,136981.0,1027.0
2020-03-18,9161,3.0,0.0,3.0,RKI,DE-BY,Ingolstadt,136981.0,1027.0
2020-03-19,9161,3.0,0.0,3.0,RKI,DE-BY,Ingolstadt,136981.0,1027.0
2020-03-20,9161,3.0,0.0,3.0,RKI,DE-BY,Ingolstadt,136981.0,1027.0
2020-03-23,9161,10.0,2.0,8.0,RKI,DE-BY,Ingolstadt,136981.0,1027.0
2020-03-24,9161,11.0,2.0,9.0,RKI,DE-BY,Ingolstadt,136981.0,1027.0
2020-03-25,9161,23.0,2.0,21.0,RKI,DE-BY,Ingolstadt,136981.0,1027.0
2020-03-26,9161,26.0,2.0,24.0,RKI,DE-BY,Ingolstadt,136981.0,1027.0
2020-03-27,9161,49.0,3.0,46.0,RKI,DE-BY,Ingolstadt,136981.0,1027.0
2020-03-28,9161,65.0,3.0,62.0,RKI,DE-BY,Ingolstadt,136981.0,1027.0
2020-03-29,9161,65.0,3.0,62.0,RKI,DE-BY,Ingolstadt,136981.0,1027.0
2020-03-30,9161,79.0,0.0,12.0,Tagesspiegel,DE-BY,Ingolstadt,136981.0,1027.0
2020-03-31,9161,80.0,0.0,17.0,Tagesspiegel,DE-BY,Ingolstadt,136981.0,1027.0
2020-04-01,9161,96.0,0.0,17.0,Tagesspiegel,DE-BY,Ingolstadt,136981.0,1027.0
2020-04-02,9161,108.0,2.0,25.0,Tagesspiegel,DE-BY,Ingolstadt,136981.0,1027.0
2020-04-03,9161,114.0,3.0,29.0,Tagesspiegel,DE-BY,Ingolstadt,136981.0,1027.0
2020-04-04,9161,163.0,3.0,37.0,Tagesspiegel,DE-BY,Ingolstadt,136981.0,1027.0
2020-04-05,9161,188.0,3.0,49.0,Tagesspiegel,DE-BY,Ingolstadt,136981.0,1027.0
2020-04-06,9161,205.0,4.0,51.0,Tagesspiegel,DE-BY,Ingolstadt,136981.0,1027.0
2020-04-07,9161,215.0,7.0,66.0,Tagesspiegel,DE-BY,Ingolstadt,136981.0,1027.0
2020-04-08,9161,250.0,11.0,70.0,Tagesspiegel,DE-BY,Ingolstadt,136981.0,1027.0
2020-04-09,9161,272.0,11.0,95.0,Tagesspiegel,DE-BY,Ingolstadt,136981.0,1027.0
2020-04-11,9161,292.0,11.0,102.0,Tagesspiegel,DE-BY,Ingolstadt,136981.0,1027.0
2020-04-13,9161,322.0,15.0,119.0,Tagesspiegel,DE-BY,Ingolstadt,136981.0,1027.0
2020-04-14,9161,327.0,16.0,123.0,Tagesspiegel,DE-BY,Ingolstadt,136981.0,1027.0
2020-04-15,9161,332.0,18.0,133.0,Tagesspiegel,DE-BY,Ingolstadt,136981.0,1027.0
2020-04-16,9161,338.0,18.0,136.0,Tagesspiegel,DE-BY,Ingolstadt,136981.0,1027.0
2020-04-17,9161,351.0,18.0,136.0,Tagesspiegel,DE-BY,Ingolstadt,136981.0,1027.0
2020-04-18,9161,369.0,22.0,149.0,Tagesspiegel,DE-BY,Ingolstadt,136981.0,1027.0
2020-04-20,9161,372.0,24.0,156.0,Tagesspiegel,DE-BY,Ingolstadt,136981.0,1027.0
2020-04-21,9161,384.0,27.0,163.0,Tagesspiegel,DE-BY,Ingolstadt,136981.0,1027.0
2020-04-22,9161,388.0,27.0,170.0,Tagesspiegel,DE-BY,Ingolstadt,136981.0,1027.0
2020-04-23,9161,391.0,27.0,189.0,Tagesspiegel,DE-BY,Ingolstadt,136981.0,1027.0
2020-04-24,9161,393.0,27.0,189.0,Tagesspiegel,DE-BY,Ingolstadt,136981.0,1027.0
2020-04-25,9161,396.0,27.0,209.0,Tagesspiegel,DE-BY,Ingolstadt,136981.0,1027.0
2020-04-26,9161,400.0,28.0,216.0,Tagesspiegel,DE-BY,Ingolstadt,136981.0,1027.0
2020-04-27,9161,402.0,28.0,219.0,Tagesspiegel,DE-BY,Ingolstadt,136981.0,1027.0
2020-04-28,9161,404.0,29.0,273.0,Tagesspiegel,DE-BY,Ingolstadt,136981.0,1027.0
2020-04-29,9161,405.0,29.0,273.0,Tagesspiegel,DE-BY,Ingolstadt,136981.0,1027.0
2020-04-30,9161,406.0,29.0,245.0,Tagesspiegel,DE-BY,Ingolstadt,136981.0,1027.0
2020-05-02,9161,411.0,29.0,272.0,Tagesspiegel,DE-BY,Ingolstadt,136981.0,1027.0
2020-05-04,9161,414.0,30.0,276.0,Tagesspiegel,DE-BY,Ingolstadt,136981.0,1027.0
2020-05-05,9161,414.0,30.0,276.0,Tagesspiegel,DE-BY,Ingolstadt,136981.0,1027.0
2020-05-07,9161,416.0,31.0,310.0,Tagesspiegel,DE-BY,Ingolstadt,136981.0,1027.0
2020-05-08,9161,418.0,31.0,319.0,Tagesspiegel,DE-BY,Ingolstadt,136981.0,1027.0
2020-05-09,9161,421.0,32.0,319.0,Tagesspiegel,DE-BY,Ingolstadt,136981.0,1027.0
2020-05-10,9161,421.0,32.0,323.0,Tagesspiegel,DE-BY,Ingolstadt,136981.0,1027.0
2020-05-11,9161,423.0,32.0,323.0,Tagesspiegel,DE-BY,Ingolstadt,136981.0,1027.0
2020-05-12,9161,426.0,34.0,336.0,Tagesspiegel,DE-BY,Ingolstadt,136981.0,1027.0
2020-05-13,9161,430.0,34.0,336.0,Tagesspiegel,DE-BY,Ingolstadt,136981.0,1027.0
2020-05-14,9161,435.0,34.0,337.0,Tagesspiegel,DE-BY,Ingolstadt,136981.0,1027.0
2020-05-16,9161,436.0,35.0,343.0,Tagesspiegel,DE-BY,Ingolstadt,136981.0,1027.0
2020-05-17,9161,436.0,35.0,343.0,Tagesspiegel,DE-BY,Ingolstadt,136981.0,1027.0
2020-05-19,9161,442.0,35.0,345.0,Tagesspiegel,DE-BY,Ingolstadt,136981.0,1027.0
2020-05-20,9161,443.0,35.0,345.0,Tagesspiegel,DE-BY,Ingolstadt,136981.0,1027.0
2020-05-21,9161,445.0,35.0,349.0,Tagesspiegel,DE-BY,Ingolstadt,136981.0,1027.0
2020-05-22,9161,445.0,35.0,355.0,Tagesspiegel,DE-BY,Ingolstadt,136981.0,1027.0
2020-05-23,9161,451.0,35.0,355.0,Tagesspiegel,DE-BY,Ingolstadt,136981.0,1027.0
2020-05-26,9161,456.0,36.0,359.0,Tagesspiegel,DE-BY,Ingolstadt,136981.0,1027.0
2020-05-27,9161,456.0,36.0,362.0,Tagesspiegel,DE-BY,Ingolstadt,136981.0,1027.0
2020-05-28,9161,458.0,36.0,362.0,Tagesspiegel,DE-BY,Ingolstadt,136981.0,1027.0
2020-05-29,9161,460.0,36.0,365.0,Tagesspiegel,DE-BY,Ingolstadt,136981.0,1027.0
2020-06-01,9161,464.0,36.0,370.0,Tagesspiegel,DE-BY,Ingolstadt,136981.0,1027.0
2020-06-02,9161,464.0,36.0,375.0,Tagesspiegel,DE-BY,Ingolstadt,136981.0,1027.0
2020-06-03,9161,466.0,36.0,375.0,Tagesspiegel,DE-BY,Ingolstadt,136981.0,1027.0
2020-06-06,9161,467.0,36.0,380.0,Tagesspiegel,DE-BY,Ingolstadt,136981.0,1027.0
2020-06-08,9161,467.0,37.0,385.0,Tagesspiegel,DE-BY,Ingolstadt,136981.0,1027.0
2020-06-12,9161,470.0,37.0,388.0,Tagesspiegel,DE-BY,Ingolstadt,136981.0,1027.0
2020-06-16,9161,471.0,37.0,388.0,Tagesspiegel,DE-BY,Ingolstadt,136981.0,1027.0
2020-06-18,9161,472.0,37.0,390.0,Tagesspiegel,DE-BY,Ingolstadt,136981.0,1027.0
2020-06-19,9161,474.0,37.0,390.0,Tagesspiegel,DE-BY,Ingolstadt,136981.0,1027.0
2020-06-21,9161,474.0,37.0,390.0,Tagesspiegel,DE-BY,Ingolstadt,136981.0,1027.0
2020-06-23,9161,478.0,37.0,396.0,Tagesspiegel,DE-BY,Ingolstadt,136981.0,1027.0
2020-06-25,9161,480.0,37.0,426.0,Tagesspiegel,DE-BY,Ingolstadt,136981.0,1027.0
2020-06-26,9161,481.0,37.0,426.0,Tagesspiegel,DE-BY,Ingolstadt,136981.0,1027.0
2020-06-28,9161,485.0,37.0,426.0,Tagesspiegel,DE-BY,Ingolstadt,136981.0,1027.0
2020-06-30,9161,486.0,38.0,428.0,Tagesspiegel,DE-BY,Ingolstadt,136981.0,1027.0
2020-07-01,9161,487.0,38.0,430.0,Tagesspiegel,DE-BY,Ingolstadt,136981.0,1027.0
2020-07-03,9161,488.0,38.0,430.0,Tagesspiegel,DE-BY,Ingolstadt,136981.0,1027.0
2020-07-07,9161,489.0,38.0,436.0,Tagesspiegel,DE-BY,Ingolstadt,136981.0,1027.0
2020-07-13,9161,490.0,38.0,444.0,Tagesspiegel,DE-BY,Ingolstadt,136981.0,1027.0
2020-07-14,9161,490.0,38.0,448.0,Tagesspiegel,DE-BY,Ingolstadt,136981.0,1027.0
2020-07-16,9161,492.0,38.0,448.0,Tagesspiegel,DE-BY,Ingolstadt,136981.0,1027.0
2020-02-03,9162,0.0,0.0,0.0,RKI,DE-BY,München,1471508.0,4736.0
2020-02-11,9162,0.0,0.0,0.0,RKI,DE-BY,München,1471508.0,4736.0
2020-02-28,9162,1.0,0.0,1.0,RKI,DE-BY,München,1471508.0,4736.0
2020-03-02,9162,3.0,0.0,3.0,RKI,DE-BY,München,1471508.0,4736.0
2020-03-03,9162,3.0,0.0,3.0,RKI,DE-BY,München,1471508.0,4736.0
2020-03-04,9162,5.0,0.0,5.0,RKI,DE-BY,München,1471508.0,4736.0
2020-03-05,9162,6.0,0.0,6.0,RKI,DE-BY,München,1471508.0,4736.0
2020-03-06,9162,17.0,0.0,17.0,RKI,DE-BY,München,1471508.0,4736.0
2020-03-09,9162,39.0,0.0,39.0,RKI,DE-BY,München,1471508.0,4736.0
2020-03-10,9162,69.0,0.0,69.0,RKI,DE-BY,München,1471508.0,4736.0
2020-03-11,9162,90.0,0.0,90.0,RKI,DE-BY,München,1471508.0,4736.0
2020-03-12,9162,107.0,1.0,106.0,RKI,DE-BY,München,1471508.0,4736.0
2020-03-13,9162,153.0,1.0,152.0,RKI,DE-BY,München,1471508.0,4736.0
2020-03-14,9162,215.0,1.0,214.0,RKI,DE-BY,München,1471508.0,4736.0
2020-03-15,9162,232.0,1.0,231.0,RKI,DE-BY,München,1471508.0,4736.0
2020-03-16,9162,298.0,2.0,296.0,RKI,DE-BY,München,1471508.0,4736.0
2020-03-17,9162,441.0,3.0,438.0,RKI,DE-BY,München,1471508.0,4736.0
2020-03-18,9162,652.0,6.0,646.0,RKI,DE-BY,München,1471508.0,4736.0
2020-03-19,9162,823.0,6.0,817.0,RKI,DE-BY,München,1471508.0,4736.0
2020-03-20,9162,1017.0,7.0,1010.0,RKI,DE-BY,München,1471508.0,4736.0
2020-03-21,9162,1192.0,10.0,1182.0,RKI,DE-BY,München,1471508.0,4736.0
2020-03-22,9162,1279.0,13.0,1266.0,RKI,DE-BY,München,1471508.0,4736.0
2020-03-23,9162,1372.0,17.0,1355.0,RKI,DE-BY,München,1471508.0,4736.0
2020-03-24,9162,1540.0,24.0,1516.0,RKI,DE-BY,München,1471508.0,4736.0
2020-03-25,9162,1779.0,29.0,1750.0,RKI,DE-BY,München,1471508.0,4736.0
2020-03-26,9162,2035.0,35.0,2000.0,RKI,DE-BY,München,1471508.0,4736.0
2020-03-27,9162,2292.0,38.0,2254.0,RKI,DE-BY,München,1471508.0,4736.0
2020-03-28,9162,2431.0,43.0,2388.0,RKI,DE-BY,München,1471508.0,4736.0
2020-03-29,9162,2608.0,47.0,2561.0,RKI,DE-BY,München,1471508.0,4736.0
2020-03-30,9162,2256.0,5.0,250.0,Tagesspiegel,DE-BY,München,1471508.0,4736.0
2020-03-31,9162,2501.0,5.0,283.0,Tagesspiegel,DE-BY,München,1471508.0,4736.0
2020-04-01,9162,2699.0,9.0,487.0,Tagesspiegel,DE-BY,München,1471508.0,4736.0
2020-04-02,9162,2926.0,9.0,645.0,Tagesspiegel,DE-BY,München,1471508.0,4736.0
2020-04-03,9162,3099.0,12.0,805.0,Tagesspiegel,DE-BY,München,1471508.0,4736.0
2020-04-04,9162,3304.0,12.0,929.0,Tagesspiegel,DE-BY,München,1471508.0,4736.0
2020-04-05,9162,3449.0,14.0,1103.0,Tagesspiegel,DE-BY,München,1471508.0,4736.0
2020-04-06,9162,3642.0,16.0,1240.0,Tagesspiegel,DE-BY,München,1471508.0,4736.0
2020-04-07,9162,3794.0,18.0,1384.0,Tagesspiegel,DE-BY,München,1471508.0,4736.0
2020-04-08,9162,3884.0,24.0,1577.0,Tagesspiegel,DE-BY,München,1471508.0,4736.0
2020-04-09,9162,4003.0,32.0,1739.0,Tagesspiegel,DE-BY,München,1471508.0,4736.0
2020-04-10,9162,4123.0,42.0,1920.0,Tagesspiegel,DE-BY,München,1471508.0,4736.0
2020-04-11,9162,4233.0,44.0,2043.0,Tagesspiegel,DE-BY,München,1471508.0,4736.0
2020-04-12,9162,4352.0,51.0,2110.0,Tagesspiegel,DE-BY,München,1471508.0,4736.0
2020-04-13,9162,4459.0,52.0,2240.0,Tagesspiegel,DE-BY,München,1471508.0,4736.0
2020-04-14,9162,4615.0,63.0,2363.0,Tagesspiegel,DE-BY,München,1471508.0,4736.0
2020-04-15,9162,4717.0,67.0,2640.0,Tagesspiegel,DE-BY,München,1471508.0,4736.0
2020-04-16,9162,4820.0,78.0,2655.0,Tagesspiegel,DE-BY,München,1471508.0,4736.0
2020-04-17,9162,4927.0,87.0,2801.0,Tagesspiegel,DE-BY,München,1471508.0,4736.0
2020-04-18,9162,5014.0,94.0,2969.0,Tagesspiegel,DE-BY,München,1471508.0,4736.0
2020-04-19,9162,5101.0,99.0,3044.0,Tagesspiegel,DE-BY,München,1471508.0,4736.0
2020-04-20,9162,5159.0,105.0,3236.0,Tagesspiegel,DE-BY,München,1471508.0,4736.0
2020-04-21,9162,5211.0,108.0,3430.0,Tagesspiegel,DE-BY,München,1471508.0,4736.0
2020-04-22,9162,5263.0,116.0,3650.0,Tagesspiegel,DE-BY,München,1471508.0,4736.0
2020-04-23,9162,5332.0,130.0,3858.0,Tagesspiegel,DE-BY,München,1471508.0,4736.0
2020-04-24,9162,5411.0,137.0,3858.0,Tagesspiegel,DE-BY,München,1471508.0,4736.0
2020-04-25,9162,5492.0,138.0,3858.0,Tagesspiegel,DE-BY,München,1471508.0,4736.0
2020-04-26,9162,5549.0,142.0,3858.0,Tagesspiegel,DE-BY,München,1471508.0,4736.0
2020-04-27,9162,5581.0,143.0,3928.0,Tagesspiegel,DE-BY,München,1471508.0,4736.0
2020-04-28,9162,5607.0,157.0,4014.0,Tagesspiegel,DE-BY,München,1471508.0,4736.0
2020-04-29,9162,5719.0,158.0,4134.0,Tagesspiegel,DE-BY,München,1471508.0,4736.0
2020-04-30,9162,5769.0,166.0,4258.0,Tagesspiegel,DE-BY,München,1471508.0,4736.0
2020-05-01,9162,5893.0,168.0,4349.0,Tagesspiegel,DE-BY,München,1471508.0,4736.0
2020-05-02,9162,5955.0,169.0,4411.0,Tagesspiegel,DE-BY,München,1471508.0,4736.0
2020-05-03,9162,5989.0,169.0,4477.0,Tagesspiegel,DE-BY,München,1471508.0,4736.0
2020-05-04,9162,6017.0,173.0,4551.0,Tagesspiegel,DE-BY,München,1471508.0,4736.0
2020-05-05,9162,6054.0,179.0,4551.0,Tagesspiegel,DE-BY,München,1471508.0,4736.0
2020-05-06,9162,6118.0,192.0,4921.0,Tagesspiegel,DE-BY,München,1471508.0,4736.0
2020-05-07,9162,6146.0,194.0,5029.0,Tagesspiegel,DE-BY,München,1471508.0,4736.0
2020-05-08,9162,6199.0,197.0,5037.0,Tagesspiegel,DE-BY,München,1471508.0,4736.0
2020-05-09,9162,6277.0,197.0,5042.0,Tagesspiegel,DE-BY,München,1471508.0,4736.0
2020-05-10,9162,6320.0,198.0,5044.0,Tagesspiegel,DE-BY,München,1471508.0,4736.0
2020-05-11,9162,6365.0,201.0,5095.0,Tagesspiegel,DE-BY,München,1471508.0,4736.0
2020-05-12,9162,6423.0,201.0,5167.0,Tagesspiegel,DE-BY,München,1471508.0,4736.0
2020-05-13,9162,6491.0,201.0,5232.0,Tagesspiegel,DE-BY,München,1471508.0,4736.0
2020-05-14,9162,6563.0,203.0,5280.0,Tagesspiegel,DE-BY,München,1471508.0,4736.0
2020-05-15,9162,6583.0,203.0,5280.0,Tagesspiegel,DE-BY,München,1471508.0,4736.0
2020-05-16,9162,6614.0,203.0,5339.0,Tagesspiegel,DE-BY,München,1471508.0,4736.0
2020-05-17,9162,6640.0,203.0,5362.0,Tagesspiegel,DE-BY,München,1471508.0,4736.0
2020-05-18,9162,6651.0,203.0,5424.0,Tagesspiegel,DE-BY,München,1471508.0,4736.0
2020-05-19,9162,6657.0,205.0,5474.0,Tagesspiegel,DE-BY,München,1471508.0,4736.0
2020-05-20,9162,6669.0,211.0,5512.0,Tagesspiegel,DE-BY,München,1471508.0,4736.0
2020-05-21,9162,6681.0,211.0,5512.0,Tagesspiegel,DE-BY,München,1471508.0,4736.0
2020-05-22,9162,6697.0,212.0,5584.0,Tagesspiegel,DE-BY,München,1471508.0,4736.0
2020-05-23,9162,6711.0,212.0,5634.0,Tagesspiegel,DE-BY,München,1471508.0,4736.0
2020-05-24,9162,6733.0,212.0,5634.0,Tagesspiegel,DE-BY,München,1471508.0,4736.0
2020-05-25,9162,6740.0,212.0,5653.0,Tagesspiegel,DE-BY,München,1471508.0,4736.0
2020-05-26,9162,6746.0,212.0,5720.0,Tagesspiegel,DE-BY,München,1471508.0,4736.0
2020-05-27,9162,6783.0,212.0,5744.0,Tagesspiegel,DE-BY,München,1471508.0,4736.0
2020-05-28,9162,6818.0,213.0,5777.0,Tagesspiegel,DE-BY,München,1471508.0,4736.0
2020-05-29,9162,6837.0,213.0,5793.0,Tagesspiegel,DE-BY,München,1471508.0,4736.0
2020-05-30,9162,6850.0,213.0,5806.0,Tagesspiegel,DE-BY,München,1471508.0,4736.0
2020-05-31,9162,6868.0,213.0,5820.0,Tagesspiegel,DE-BY,München,1471508.0,4736.0
2020-06-02,9162,6893.0,213.0,5863.0,Tagesspiegel,DE-BY,München,1471508.0,4736.0
2020-06-03,9162,6894.0,213.0,5888.0,Tagesspiegel,DE-BY,München,1471508.0,4736.0
2020-06-04,9162,6907.0,214.0,5897.0,Tagesspiegel,DE-BY,München,1471508.0,4736.0
2020-06-05,9162,6918.0,215.0,5908.0,Tagesspiegel,DE-BY,München,1471508.0,4736.0
2020-06-06,9162,6932.0,205.0,5917.0,Tagesspiegel,DE-BY,München,1471508.0,4736.0
2020-06-07,9162,6535.0,208.0,5949.0,Tagesspiegel,DE-BY,München,1471508.0,4736.0
2020-06-08,9162,6543.0,208.0,5990.0,Tagesspiegel,DE-BY,München,1471508.0,4736.0
2020-06-09,9162,6557.0,208.0,5990.0,Tagesspiegel,DE-BY,München,1471508.0,4736.0
2020-06-10,9162,6557.0,209.0,6038.0,Tagesspiegel,DE-BY,München,1471508.0,4736.0
2020-06-11,9162,6564.0,209.0,6070.0,Tagesspiegel,DE-BY,München,1471508.0,4736.0
2020-06-12,9162,6567.0,210.0,6074.0,Tagesspiegel,DE-BY,München,1471508.0,4736.0
2020-06-13,9162,6568.0,211.0,6078.0,Tagesspiegel,DE-BY,München,1471508.0,4736.0
2020-06-14,9162,6568.0,211.0,6079.0,Tagesspiegel,DE-BY,München,1471508.0,4736.0
2020-06-15,9162,6572.0,211.0,6086.0,Tagesspiegel,DE-BY,München,1471508.0,4736.0
2020-06-16,9162,6584.0,211.0,6096.0,Tagesspiegel,DE-BY,München,1471508.0,4736.0
2020-06-17,9162,6593.0,212.0,6099.0,Tagesspiegel,DE-BY,München,1471508.0,4736.0
2020-06-18,9162,6606.0,214.0,6111.0,Tagesspiegel,DE-BY,München,1471508.0,4736.0
2020-06-19,9162,6612.0,215.0,6119.0,Tagesspiegel,DE-BY,München,1471508.0,4736.0
2020-06-20,9162,6624.0,216.0,6119.0,Tagesspiegel,DE-BY,München,1471508.0,4736.0
2020-06-21,9162,6624.0,215.0,6119.0,Tagesspiegel,DE-BY,München,1471508.0,4736.0
2020-06-22,9162,6624.0,217.0,6151.0,Tagesspiegel,DE-BY,München,1471508.0,4736.0
2020-06-23,9162,6669.0,217.0,6153.0,Tagesspiegel,DE-BY,München,1471508.0,4736.0
2020-06-24,9162,6675.0,217.0,6162.0,Tagesspiegel,DE-BY,München,1471508.0,4736.0
2020-06-25,9162,6687.0,218.0,6174.0,Tagesspiegel,DE-BY,München,1471508.0,4736.0
2020-06-26,9162,6705.0,218.0,6183.0,Tagesspiegel,DE-BY,München,1471508.0,4736.0
2020-06-27,9162,6719.0,218.0,6183.0,Tagesspiegel,DE-BY,München,1471508.0,4736.0
2020-06-28,9162,6719.0,218.0,6183.0,Tagesspiegel,DE-BY,München,1471508.0,4736.0
2020-06-29,9162,6731.0,217.0,6218.0,Tagesspiegel,DE-BY,München,1471508.0,4736.0
2020-06-30,9162,6747.0,219.0,6216.0,Tagesspiegel,DE-BY,München,1471508.0,4736.0
2020-07-01,9162,6765.0,220.0,6226.0,Tagesspiegel,DE-BY,München,1471508.0,4736.0
2020-07-02,9162,6794.0,220.0,6234.0,Tagesspiegel,DE-BY,München,1471508.0,4736.0
2020-07-03,9162,6805.0,220.0,6257.0,Tagesspiegel,DE-BY,München,1471508.0,4736.0
2020-07-04,9162,6824.0,221.0,6257.0,Tagesspiegel,DE-BY,München,1471508.0,4736.0
2020-07-05,9162,6838.0,221.0,6257.0,Tagesspiegel,DE-BY,München,1471508.0,4736.0
2020-07-06,9162,6838.0,220.0,6270.0,Tagesspiegel,DE-BY,München,1471508.0,4736.0
2020-07-07,9162,6880.0,220.0,6309.0,Tagesspiegel,DE-BY,München,1471508.0,4736.0
2020-07-08,9162,6902.0,220.0,6327.0,Tagesspiegel,DE-BY,München,1471508.0,4736.0
2020-07-09,9162,6934.0,220.0,6338.0,Tagesspiegel,DE-BY,München,1471508.0,4736.0
2020-07-10,9162,6954.0,220.0,6352.0,Tagesspiegel,DE-BY,München,1471508.0,4736.0
2020-07-11,9162,6964.0,220.0,6352.0,Tagesspiegel,DE-BY,München,1471508.0,4736.0
2020-07-12,9162,6972.0,220.0,6352.0,Tagesspiegel,DE-BY,München,1471508.0,4736.0
2020-07-13,9162,6972.0,220.0,6387.0,Tagesspiegel,DE-BY,München,1471508.0,4736.0
2020-07-14,9162,6992.0,220.0,6451.0,Tagesspiegel,DE-BY,München,1471508.0,4736.0
2020-07-15,9162,7010.0,220.0,6451.0,Tagesspiegel,DE-BY,München,1471508.0,4736.0
2020-07-16,9162,7024.0,220.0,6490.0,Tagesspiegel,DE-BY,München,1471508.0,4736.0
2020-03-15,9163,1.0,0.0,1.0,RKI,DE-BY,Rosenheim,63324.0,1701.0
2020-03-18,9163,9.0,0.0,9.0,RKI,DE-BY,Rosenheim,63324.0,1701.0
2020-03-19,9163,15.0,0.0,15.0,RKI,DE-BY,Rosenheim,63324.0,1701.0
2020-03-20,9163,22.0,0.0,22.0,RKI,DE-BY,Rosenheim,63324.0,1701.0
2020-03-21,9163,40.0,2.0,38.0,RKI,DE-BY,Rosenheim,63324.0,1701.0
2020-03-22,9163,42.0,2.0,40.0,RKI,DE-BY,Rosenheim,63324.0,1701.0
2020-03-23,9163,45.0,2.0,43.0,RKI,DE-BY,Rosenheim,63324.0,1701.0
2020-03-24,9163,64.0,3.0,61.0,RKI,DE-BY,Rosenheim,63324.0,1701.0
2020-03-25,9163,89.0,5.0,84.0,RKI,DE-BY,Rosenheim,63324.0,1701.0
2020-03-26,9163,102.0,5.0,97.0,RKI,DE-BY,Rosenheim,63324.0,1701.0
2020-03-27,9163,112.0,5.0,107.0,RKI,DE-BY,Rosenheim,63324.0,1701.0
2020-03-28,9163,118.0,5.0,113.0,RKI,DE-BY,Rosenheim,63324.0,1701.0
2020-03-29,9163,120.0,5.0,115.0,RKI,DE-BY,Rosenheim,63324.0,1701.0
2020-03-30,9163,120.0,5.0,115.0,RKI,DE-BY,Rosenheim,63324.0,1701.0
2020-03-31,9163,140.0,0.0,20.0,Tagesspiegel,DE-BY,Rosenheim,63324.0,1701.0
2020-04-01,9163,146.0,0.0,20.0,Tagesspiegel,DE-BY,Rosenheim,63324.0,1701.0
2020-04-02,9163,172.0,1.0,31.0,Tagesspiegel,DE-BY,Rosenheim,63324.0,1701.0
2020-04-03,9163,208.0,4.0,31.0,Tagesspiegel,DE-BY,Rosenheim,63324.0,1701.0
2020-04-04,9163,223.0,4.0,35.0,Tagesspiegel,DE-BY,Rosenheim,63324.0,1701.0
2020-04-05,9163,228.0,4.0,35.0,Tagesspiegel,DE-BY,Rosenheim,63324.0,1701.0
2020-04-06,9163,245.0,4.0,36.0,Tagesspiegel,DE-BY,Rosenheim,63324.0,1701.0
2020-04-07,9163,198.0,5.0,19.0,Tagesspiegel,DE-BY,Rosenheim,63324.0,1701.0
2020-04-08,9163,198.0,6.0,27.0,Tagesspiegel,DE-BY,Rosenheim,63324.0,1701.0
2020-04-09,9163,218.0,6.0,27.0,Tagesspiegel,DE-BY,Rosenheim,63324.0,1701.0
2020-04-10,9163,218.0,6.0,27.0,Tagesspiegel,DE-BY,Rosenheim,63324.0,1701.0
2020-04-11,9163,248.0,6.0,27.0,Tagesspiegel,DE-BY,Rosenheim,63324.0,1701.0
2020-04-12,9163,249.0,7.0,46.0,Tagesspiegel,DE-BY,Rosenheim,63324.0,1701.0
2020-04-14,9163,282.0,7.0,44.0,Tagesspiegel,DE-BY,Rosenheim,63324.0,1701.0
2020-04-15,9163,282.0,10.0,50.0,Tagesspiegel,DE-BY,Rosenheim,63324.0,1701.0
2020-04-16,9163,299.0,10.0,56.0,Tagesspiegel,DE-BY,Rosenheim,63324.0,1701.0
2020-04-17,9163,301.0,12.0,70.0,Tagesspiegel,DE-BY,Rosenheim,63324.0,1701.0
2020-04-18,9163,344.0,13.0,70.0,Tagesspiegel,DE-BY,Rosenheim,63324.0,1701.0
2020-04-19,9163,339.0,13.0,75.0,Tagesspiegel,DE-BY,Rosenheim,63324.0,1701.0
2020-04-20,9163,339.0,13.0,95.0,Tagesspiegel,DE-BY,Rosenheim,63324.0,1701.0
2020-04-21,9163,348.0,13.0,95.0,Tagesspiegel,DE-BY,Rosenheim,63324.0,1701.0
2020-04-22,9163,348.0,14.0,95.0,Tagesspiegel,DE-BY,Rosenheim,63324.0,1701.0
2020-04-23,9163,361.0,14.0,157.0,Tagesspiegel,DE-BY,Rosenheim,63324.0,1701.0
2020-04-24,9163,383.0,14.0,107.0,Tagesspiegel,DE-BY,Rosenheim,63324.0,1701.0
2020-04-25,9163,378.0,22.0,356.0,RKI,DE-BY,Rosenheim,63324.0,1701.0
2020-04-26,9163,381.0,22.0,359.0,RKI,DE-BY,Rosenheim,63324.0,1701.0
2020-04-28,9163,387.0,23.0,364.0,RKI,DE-BY,Rosenheim,63324.0,1701.0
2020-04-29,9163,393.0,23.0,370.0,RKI,DE-BY,Rosenheim,63324.0,1701.0
2020-04-30,9163,399.0,23.0,376.0,RKI,DE-BY,Rosenheim,63324.0,1701.0
2020-05-01,9163,407.0,23.0,384.0,RKI,DE-BY,Rosenheim,63324.0,1701.0
2020-05-03,9163,407.0,23.0,384.0,RKI,DE-BY,Rosenheim,63324.0,1701.0
2020-05-04,9163,409.0,23.0,386.0,RKI,DE-BY,Rosenheim,63324.0,1701.0
2020-05-07,9163,428.0,23.0,405.0,RKI,DE-BY,Rosenheim,63324.0,1701.0
2020-05-08,9163,465.0,21.0,174.0,Tagesspiegel,DE-BY,Rosenheim,63324.0,1701.0
2020-05-09,9163,485.0,21.0,174.0,Tagesspiegel,DE-BY,Rosenheim,63324.0,1701.0
2020-05-10,9163,489.0,23.0,174.0,Tagesspiegel,DE-BY,Rosenheim,63324.0,1701.0
2020-05-11,9163,496.0,23.0,174.0,Tagesspiegel,DE-BY,Rosenheim,63324.0,1701.0
2020-05-12,9163,496.0,23.0,174.0,Tagesspiegel,DE-BY,Rosenheim,63324.0,1701.0
2020-05-13,9163,499.0,23.0,174.0,Tagesspiegel,DE-BY,Rosenheim,63324.0,1701.0
2020-05-14,9163,502.0,23.0,174.0,Tagesspiegel,DE-BY,Rosenheim,63324.0,1701.0
2020-05-15,9163,503.0,23.0,174.0,Tagesspiegel,DE-BY,Rosenheim,63324.0,1701.0
2020-05-16,9163,504.0,23.0,174.0,Tagesspiegel,DE-BY,Rosenheim,63324.0,1701.0
2020-05-17,9163,505.0,23.0,174.0,Tagesspiegel,DE-BY,Rosenheim,63324.0,1701.0
2020-05-20,9163,507.0,23.0,174.0,Tagesspiegel,DE-BY,Rosenheim,63324.0,1701.0
2020-05-21,9163,507.0,23.0,174.0,Tagesspiegel,DE-BY,Rosenheim,63324.0,1701.0
2020-05-27,9163,506.0,23.0,290.0,Tagesspiegel,DE-BY,Rosenheim,63324.0,1701.0
2020-05-28,9163,506.0,23.0,290.0,Tagesspiegel,DE-BY,Rosenheim,63324.0,1701.0
2020-05-29,9163,509.0,23.0,311.0,Tagesspiegel,DE-BY,Rosenheim,63324.0,1701.0
2020-06-07,9163,511.0,23.0,311.0,Tagesspiegel,DE-BY,Rosenheim,63324.0,1701.0
2020-06-09,9163,512.0,23.0,311.0,Tagesspiegel,DE-BY,Rosenheim,63324.0,1701.0
2020-06-13,9163,512.0,23.0,311.0,Tagesspiegel,DE-BY,Rosenheim,63324.0,1701.0
2020-06-18,9163,513.0,23.0,355.0,Tagesspiegel,DE-BY,Rosenheim,63324.0,1701.0
2020-06-21,9163,514.0,23.0,355.0,Tagesspiegel,DE-BY,Rosenheim,63324.0,1701.0
2020-06-24,9163,515.0,23.0,355.0,Tagesspiegel,DE-BY,Rosenheim,63324.0,1701.0
2020-06-25,9163,515.0,23.0,355.0,Tagesspiegel,DE-BY,Rosenheim,63324.0,1701.0
2020-06-29,9163,518.0,23.0,355.0,Tagesspiegel,DE-BY,Rosenheim,63324.0,1701.0
2020-07-01,9163,519.0,23.0,355.0,Tagesspiegel,DE-BY,Rosenheim,63324.0,1701.0
2020-07-02,9163,519.0,23.0,355.0,Tagesspiegel,DE-BY,Rosenheim,63324.0,1701.0
2020-07-15,9163,524.0,23.0,355.0,Tagesspiegel,DE-BY,Rosenheim,63324.0,1701.0
2020-03-18,9171,5.0,0.0,5.0,RKI,DE-BY,Altötting,111210.0,195.0
2020-03-19,9171,9.0,0.0,9.0,RKI,DE-BY,Altötting,111210.0,195.0
2020-03-20,9171,11.0,0.0,11.0,RKI,DE-BY,Altötting,111210.0,195.0
2020-03-21,9171,16.0,0.0,16.0,RKI,DE-BY,Altötting,111210.0,195.0
2020-03-22,9171,23.0,0.0,23.0,RKI,DE-BY,Altötting,111210.0,195.0
2020-03-23,9171,24.0,0.0,24.0,RKI,DE-BY,Altötting,111210.0,195.0
2020-03-24,9171,32.0,0.0,32.0,RKI,DE-BY,Altötting,111210.0,195.0
2020-03-25,9171,51.0,3.0,48.0,RKI,DE-BY,Altötting,111210.0,195.0
2020-03-26,9171,55.0,3.0,52.0,RKI,DE-BY,Altötting,111210.0,195.0
2020-03-27,9171,67.0,3.0,64.0,RKI,DE-BY,Altötting,111210.0,195.0
2020-03-28,9171,73.0,4.0,69.0,RKI,DE-BY,Altötting,111210.0,195.0
2020-03-29,9171,81.0,4.0,77.0,RKI,DE-BY,Altötting,111210.0,195.0
2020-03-30,9171,92.0,4.0,88.0,RKI,DE-BY,Altötting,111210.0,195.0
2020-03-31,9171,106.0,4.0,102.0,RKI,DE-BY,Altötting,111210.0,195.0
2020-04-01,9171,134.0,7.0,127.0,RKI,DE-BY,Altötting,111210.0,195.0
2020-04-02,9171,144.0,7.0,137.0,RKI,DE-BY,Altötting,111210.0,195.0
2020-04-03,9171,162.0,7.0,155.0,RKI,DE-BY,Altötting,111210.0,195.0
2020-04-04,9171,172.0,7.0,165.0,RKI,DE-BY,Altötting,111210.0,195.0
2020-04-05,9171,188.0,7.0,181.0,RKI,DE-BY,Altötting,111210.0,195.0
2020-04-06,9171,203.0,7.0,196.0,RKI,DE-BY,Altötting,111210.0,195.0
2020-04-07,9171,211.0,7.0,204.0,RKI,DE-BY,Altötting,111210.0,195.0
2020-04-08,9171,240.0,7.0,233.0,RKI,DE-BY,Altötting,111210.0,195.0
2020-04-09,9171,250.0,7.0,243.0,RKI,DE-BY,Altötting,111210.0,195.0
2020-04-10,9171,270.0,7.0,263.0,RKI,DE-BY,Altötting,111210.0,195.0
2020-04-11,9171,272.0,7.0,265.0,RKI,DE-BY,Altötting,111210.0,195.0
2020-04-12,9171,272.0,7.0,265.0,RKI,DE-BY,Altötting,111210.0,195.0
2020-04-14,9171,275.0,7.0,268.0,RKI,DE-BY,Altötting,111210.0,195.0
2020-04-15,9171,288.0,7.0,281.0,RKI,DE-BY,Altötting,111210.0,195.0
2020-04-16,9171,313.0,7.0,306.0,RKI,DE-BY,Altötting,111210.0,195.0
2020-04-17,9171,481.0,23.0,184.0,Tagesspiegel,DE-BY,Altötting,111210.0,195.0
2020-04-18,9171,511.0,23.0,184.0,Tagesspiegel,DE-BY,Altötting,111210.0,195.0
2020-04-19,9171,522.0,23.0,184.0,Tagesspiegel,DE-BY,Altötting,111210.0,195.0
2020-04-20,9171,533.0,27.0,184.0,Tagesspiegel,DE-BY,Altötting,111210.0,195.0
2020-04-21,9171,538.0,27.0,257.0,Tagesspiegel,DE-BY,Altötting,111210.0,195.0
2020-04-22,9171,539.0,28.0,292.0,Tagesspiegel,DE-BY,Altötting,111210.0,195.0
2020-04-23,9171,550.0,31.0,300.0,Tagesspiegel,DE-BY,Altötting,111210.0,195.0
2020-04-24,9171,552.0,32.0,311.0,Tagesspiegel,DE-BY,Altötting,111210.0,195.0
2020-04-25,9171,564.0,32.0,325.0,Tagesspiegel,DE-BY,Altötting,111210.0,195.0
2020-04-26,9171,566.0,32.0,325.0,Tagesspiegel,DE-BY,Altötting,111210.0,195.0
2020-04-27,9171,570.0,37.0,325.0,Tagesspiegel,DE-BY,Altötting,111210.0,195.0
2020-04-28,9171,571.0,38.0,342.0,Tagesspiegel,DE-BY,Altötting,111210.0,195.0
2020-04-29,9171,575.0,41.0,345.0,Tagesspiegel,DE-BY,Altötting,111210.0,195.0
2020-04-30,9171,575.0,41.0,371.0,Tagesspiegel,DE-BY,Altötting,111210.0,195.0
2020-05-05,9171,584.0,47.0,408.0,Tagesspiegel,DE-BY,Altötting,111210.0,195.0
2020-05-06,9171,584.0,48.0,429.0,Tagesspiegel,DE-BY,Altötting,111210.0,195.0
2020-05-07,9171,587.0,49.0,429.0,Tagesspiegel,DE-BY,Altötting,111210.0,195.0
2020-05-11,9171,589.0,51.0,447.0,Tagesspiegel,DE-BY,Altötting,111210.0,195.0
2020-05-14,9171,591.0,54.0,481.0,Tagesspiegel,DE-BY,Altötting,111210.0,195.0
2020-05-15,9171,592.0,54.0,491.0,Tagesspiegel,DE-BY,Altötting,111210.0,195.0
2020-05-20,9171,595.0,55.0,509.0,Tagesspiegel,DE-BY,Altötting,111210.0,195.0
2020-05-24,9171,595.0,55.0,514.0,Tagesspiegel,DE-BY,Altötting,111210.0,195.0
2020-05-25,9171,596.0,55.0,514.0,Tagesspiegel,DE-BY,Altötting,111210.0,195.0
2020-05-28,9171,597.0,57.0,523.0,Tagesspiegel,DE-BY,Altötting,111210.0,195.0
2020-05-29,9171,598.0,57.0,523.0,Tagesspiegel,DE-BY,Altötting,111210.0,195.0
2020-06-25,9171,601.0,57.0,543.0,Tagesspiegel,DE-BY,Altötting,111210.0,195.0
2020-07-10,9171,603.0,57.0,545.0,Tagesspiegel,DE-BY,Altötting,111210.0,195.0
2020-07-14,9171,603.0,57.0,545.0,Tagesspiegel,DE-BY,Altötting,111210.0,195.0
2020-03-05,11001,5.0,0.0,5.0,RKI,DE-BE,Berlin Mitte,384172.0,9733.0
2020-03-06,11001,5.0,0.0,5.0,RKI,DE-BE,Berlin Mitte,384172.0,9733.0
2020-03-08,11001,5.0,0.0,5.0,RKI,DE-BE,Berlin Mitte,384172.0,9733.0
2020-03-10,11001,6.0,0.0,6.0,RKI,DE-BE,Berlin Mitte,384172.0,9733.0
2020-03-11,11001,14.0,0.0,14.0,RKI,DE-BE,Berlin Mitte,384172.0,9733.0
2020-03-12,11001,20.0,0.0,20.0,RKI,DE-BE,Berlin Mitte,384172.0,9733.0
2020-03-13,11001,26.0,0.0,26.0,RKI,DE-BE,Berlin Mitte,384172.0,9733.0
2020-03-14,11001,32.0,0.0,32.0,RKI,DE-BE,Berlin Mitte,384172.0,9733.0
2020-03-15,11001,39.0,0.0,39.0,RKI,DE-BE,Berlin Mitte,384172.0,9733.0
2020-03-16,11001,42.0,0.0,42.0,RKI,DE-BE,Berlin Mitte,384172.0,9733.0
2020-03-17,11001,61.0,0.0,61.0,RKI,DE-BE,Berlin Mitte,384172.0,9733.0
2020-03-18,11001,83.0,1.0,82.0,RKI,DE-BE,Berlin Mitte,384172.0,9733.0
2020-03-19,11001,107.0,1.0,106.0,RKI,DE-BE,Berlin Mitte,384172.0,9733.0
2020-03-20,11001,123.0,1.0,122.0,RKI,DE-BE,Berlin Mitte,384172.0,9733.0
2020-03-21,11001,147.0,1.0,146.0,RKI,DE-BE,Berlin Mitte,384172.0,9733.0
2020-03-22,11001,175.0,1.0,174.0,RKI,DE-BE,Berlin Mitte,384172.0,9733.0
2020-03-23,11001,194.0,1.0,193.0,RKI,DE-BE,Berlin Mitte,384172.0,9733.0
2020-03-24,11001,216.0,1.0,215.0,RKI,DE-BE,Berlin Mitte,384172.0,9733.0
2020-03-25,11001,241.0,1.0,240.0,RKI,DE-BE,Berlin Mitte,384172.0,9733.0
2020-03-26,11001,292.0,1.0,291.0,RKI,DE-BE,Berlin Mitte,384172.0,9733.0
2020-03-27,11001,337.0,1.0,336.0,RKI,DE-BE,Berlin Mitte,384172.0,9733.0
2020-03-28,11001,362.0,1.0,361.0,RKI,DE-BE,Berlin Mitte,384172.0,9733.0
2020-03-29,11001,377.0,1.0,376.0,RKI,DE-BE,Berlin Mitte,384172.0,9733.0
2020-03-30,11001,390.0,2.0,388.0,RKI,DE-BE,Berlin Mitte,384172.0,9733.0
2020-03-31,11001,435.0,2.0,433.0,RKI,DE-BE,Berlin Mitte,384172.0,9733.0
2020-04-01,11001,453.0,3.0,450.0,RKI,DE-BE,Berlin Mitte,384172.0,9733.0
2020-04-02,11001,487.0,4.0,483.0,RKI,DE-BE,Berlin Mitte,384172.0,9733.0
2020-04-03,11001,495.0,4.0,491.0,RKI,DE-BE,Berlin Mitte,384172.0,9733.0
2020-04-04,11001,512.0,4.0,508.0,RKI,DE-BE,Berlin Mitte,384172.0,9733.0
2020-04-05,11001,516.0,4.0,512.0,RKI,DE-BE,Berlin Mitte,384172.0,9733.0
2020-04-06,11001,551.0,4.0,547.0,RKI,DE-BE,Berlin Mitte,384172.0,9733.0
2020-04-07,11001,582.0,6.0,576.0,RKI,DE-BE,Berlin Mitte,384172.0,9733.0
2020-04-08,11001,594.0,6.0,588.0,RKI,DE-BE,Berlin Mitte,384172.0,9733.0
2020-04-09,11001,621.0,7.0,614.0,RKI,DE-BE,Berlin Mitte,384172.0,9733.0
2020-04-10,11001,643.0,8.0,635.0,RKI,DE-BE,Berlin Mitte,384172.0,9733.0
2020-04-11,11001,675.0,8.0,667.0,RKI,DE-BE,Berlin Mitte,384172.0,9733.0
2020-04-12,11001,683.0,8.0,675.0,RKI,DE-BE,Berlin Mitte,384172.0,9733.0
2020-04-13,11001,696.0,9.0,687.0,RKI,DE-BE,Berlin Mitte,384172.0,9733.0
2020-04-14,11001,707.0,9.0,698.0,RKI,DE-BE,Berlin Mitte,384172.0,9733.0
2020-04-15,11001,723.0,9.0,714.0,RKI,DE-BE,Berlin Mitte,384172.0,9733.0
2020-04-16,11001,734.0,10.0,724.0,RKI,DE-BE,Berlin Mitte,384172.0,9733.0
2020-04-17,11001,750.0,10.0,740.0,RKI,DE-BE,Berlin Mitte,384172.0,9733.0
2020-04-18,11001,753.0,10.0,743.0,RKI,DE-BE,Berlin Mitte,384172.0,9733.0
2020-04-19,11001,757.0,10.0,747.0,RKI,DE-BE,Berlin Mitte,384172.0,9733.0
2020-04-20,11001,761.0,10.0,751.0,RKI,DE-BE,Berlin Mitte,384172.0,9733.0
2020-04-21,11001,765.0,10.0,755.0,RKI,DE-BE,Berlin Mitte,384172.0,9733.0
2020-04-22,11001,774.0,12.0,762.0,RKI,DE-BE,Berlin Mitte,384172.0,9733.0
2020-04-23,11001,779.0,12.0,767.0,RKI,DE-BE,Berlin Mitte,384172.0,9733.0
2020-04-24,11001,782.0,12.0,770.0,RKI,DE-BE,Berlin Mitte,384172.0,9733.0
2020-04-25,11001,789.0,12.0,777.0,RKI,DE-BE,Berlin Mitte,384172.0,9733.0
2020-04-26,11001,790.0,12.0,778.0,RKI,DE-BE,Berlin Mitte,384172.0,9733.0
2020-04-27,11001,805.0,12.0,793.0,RKI,DE-BE,Berlin Mitte,384172.0,9733.0
2020-04-28,11001,811.0,12.0,799.0,RKI,DE-BE,Berlin Mitte,384172.0,9733.0
2020-04-29,11001,822.0,12.0,810.0,RKI,DE-BE,Berlin Mitte,384172.0,9733.0
2020-04-30,11001,826.0,12.0,814.0,RKI,DE-BE,Berlin Mitte,384172.0,9733.0
2020-05-01,11001,829.0,12.0,817.0,RKI,DE-BE,Berlin Mitte,384172.0,9733.0
2020-05-02,11001,831.0,12.0,819.0,RKI,DE-BE,Berlin Mitte,384172.0,9733.0
2020-05-04,11001,835.0,12.0,823.0,RKI,DE-BE,Berlin Mitte,384172.0,9733.0
2020-05-05,11001,845.0,12.0,833.0,RKI,DE-BE,Berlin Mitte,384172.0,9733.0
2020-05-06,11001,852.0,12.0,840.0,RKI,DE-BE,Berlin Mitte,384172.0,9733.0
2020-05-07,11001,855.0,13.0,842.0,RKI,DE-BE,Berlin Mitte,384172.0,9733.0
2020-05-09,11001,856.0,13.0,843.0,RKI,DE-BE,Berlin Mitte,384172.0,9733.0
2020-05-12,11001,861.0,13.0,848.0,RKI,DE-BE,Berlin Mitte,384172.0,9733.0
2020-05-13,11001,863.0,13.0,850.0,RKI,DE-BE,Berlin Mitte,384172.0,9733.0
2020-05-14,11001,868.0,13.0,855.0,RKI,DE-BE,Berlin Mitte,384172.0,9733.0
2020-05-15,11001,870.0,13.0,857.0,RKI,DE-BE,Berlin Mitte,384172.0,9733.0
2020-05-18,11001,872.0,13.0,859.0,RKI,DE-BE,Berlin Mitte,384172.0,9733.0
2020-05-19,11001,884.0,13.0,871.0,RKI,DE-BE,Berlin Mitte,384172.0,9733.0
2020-05-20,11001,886.0,13.0,873.0,RKI,DE-BE,Berlin Mitte,384172.0,9733.0
2020-05-22,11001,887.0,13.0,874.0,RKI,DE-BE,Berlin Mitte,384172.0,9733.0
2020-05-23,11001,887.0,13.0,874.0,RKI,DE-BE,Berlin Mitte,384172.0,9733.0
2020-05-25,11001,891.0,13.0,878.0,RKI,DE-BE,Berlin Mitte,384172.0,9733.0
2020-05-27,11001,896.0,13.0,883.0,RKI,DE-BE,Berlin Mitte,384172.0,9733.0
2020-05-28,11001,899.0,13.0,886.0,RKI,DE-BE,Berlin Mitte,384172.0,9733.0
2020-05-29,11001,905.0,13.0,892.0,RKI,DE-BE,Berlin Mitte,384172.0,9733.0
2020-05-31,11001,911.0,13.0,898.0,RKI,DE-BE,Berlin Mitte,384172.0,9733.0
2020-06-01,11001,911.0,13.0,898.0,RKI,DE-BE,Berlin Mitte,384172.0,9733.0
2020-06-02,11001,915.0,13.0,902.0,RKI,DE-BE,Berlin Mitte,384172.0,9733.0
2020-06-03,11001,918.0,13.0,905.0,RKI,DE-BE,Berlin Mitte,384172.0,9733.0
2020-06-04,11001,921.0,13.0,908.0,RKI,DE-BE,Berlin Mitte,384172.0,9733.0
2020-06-05,11001,925.0,13.0,912.0,RKI,DE-BE,Berlin Mitte,384172.0,9733.0
2020-06-08,11001,930.0,13.0,917.0,RKI,DE-BE,Berlin Mitte,384172.0,9733.0
2020-06-09,11001,936.0,13.0,923.0,RKI,DE-BE,Berlin Mitte,384172.0,9733.0
2020-06-10,11001,941.0,13.0,928.0,RKI,DE-BE,Berlin Mitte,384172.0,9733.0
2020-06-11,11001,949.0,13.0,936.0,RKI,DE-BE,Berlin Mitte,384172.0,9733.0
2020-06-12,11001,950.0,13.0,937.0,RKI,DE-BE,Berlin Mitte,384172.0,9733.0
2020-06-13,11001,972.0,13.0,959.0,RKI,DE-BE,Berlin Mitte,384172.0,9733.0
2020-06-14,11001,972.0,13.0,959.0,RKI,DE-BE,Berlin Mitte,384172.0,9733.0
2020-06-15,11001,983.0,13.0,970.0,RKI,DE-BE,Berlin Mitte,384172.0,9733.0
2020-06-16,11001,988.0,13.0,975.0,RKI,DE-BE,Berlin Mitte,384172.0,9733.0
2020-06-17,11001,996.0,13.0,983.0,RKI,DE-BE,Berlin Mitte,384172.0,9733.0
2020-06-18,11001,1017.0,13.0,1004.0,RKI,DE-BE,Berlin Mitte,384172.0,9733.0
2020-06-19,11001,1038.0,14.0,1024.0,RKI,DE-BE,Berlin Mitte,384172.0,9733.0
2020-06-22,11001,1045.0,14.0,1030.0,RKI,DE-BE,Berlin Mitte,384172.0,9733.0
2020-06-23,11001,1048.0,14.0,1033.0,RKI,DE-BE,Berlin Mitte,384172.0,9733.0
2020-06-24,11001,1054.0,14.0,1038.0,RKI,DE-BE,Berlin Mitte,384172.0,9733.0
2020-06-25,11001,1063.0,14.0,1047.0,RKI,DE-BE,Berlin Mitte,384172.0,9733.0
2020-06-26,11001,1073.0,14.0,1050.0,RKI,DE-BE,Berlin Mitte,384172.0,9733.0
2020-06-29,11001,1086.0,14.0,1062.0,RKI,DE-BE,Berlin Mitte,384172.0,9733.0
2020-06-30,11001,1095.0,14.0,1068.0,RKI,DE-BE,Berlin Mitte,384172.0,9733.0
2020-07-01,11001,1102.0,14.0,1074.0,RKI,DE-BE,Berlin Mitte,384172.0,9733.0
2020-07-02,11001,1111.0,14.0,1081.0,RKI,DE-BE,Berlin Mitte,384172.0,9733.0
2020-07-03,11001,1115.0,14.0,1085.0,RKI,DE-BE,Berlin Mitte,384172.0,9733.0
2020-07-04,11001,1125.0,14.0,1088.0,RKI,DE-BE,Berlin Mitte,384172.0,9733.0
2020-07-06,11001,1131.0,15.0,1091.0,RKI,DE-BE,Berlin Mitte,384172.0,9733.0
2020-07-07,11001,1140.0,15.0,1097.0,RKI,DE-BE,Berlin Mitte,384172.0,9733.0
2020-07-08,11001,1143.0,15.0,1097.0,RKI,DE-BE,Berlin Mitte,384172.0,9733.0
2020-07-09,11001,1147.0,15.0,1099.0,RKI,DE-BE,Berlin Mitte,384172.0,9733.0
2020-07-10,11001,1152.0,15.0,1100.0,RKI,DE-BE,Berlin Mitte,384172.0,9733.0
2020-07-13,11001,1158.0,15.0,1100.0,RKI,DE-BE,Berlin Mitte,384172.0,9733.0
2020-07-14,11001,1159.0,15.0,1100.0,RKI,DE-BE,Berlin Mitte,384172.0,9733.0
2020-07-15,11001,1160.0,15.0,1100.0,RKI,DE-BE,Berlin Mitte,384172.0,9733.0
2020-03-05,11002,2.0,0.0,2.0,RKI,DE-BE,Berlin Friedrichshain-Kreuzberg,289762.0,14373.0
2020-03-08,11002,2.0,0.0,2.0,RKI,DE-BE,Berlin Friedrichshain-Kreuzberg,289762.0,14373.0
2020-03-09,11002,4.0,0.0,4.0,RKI,DE-BE,Berlin Friedrichshain-Kreuzberg,289762.0,14373.0
2020-03-10,11002,7.0,0.0,7.0,RKI,DE-BE,Berlin Friedrichshain-Kreuzberg,289762.0,14373.0
2020-03-11,11002,8.0,0.0,8.0,RKI,DE-BE,Berlin Friedrichshain-Kreuzberg,289762.0,14373.0
2020-03-13,11002,17.0,0.0,17.0,RKI,DE-BE,Berlin Friedrichshain-Kreuzberg,289762.0,14373.0
2020-03-14,11002,21.0,0.0,21.0,RKI,DE-BE,Berlin Friedrichshain-Kreuzberg,289762.0,14373.0
2020-03-15,11002,22.0,0.0,22.0,RKI,DE-BE,Berlin Friedrichshain-Kreuzberg,289762.0,14373.0
2020-03-16,11002,27.0,0.0,27.0,RKI,DE-BE,Berlin Friedrichshain-Kreuzberg,289762.0,14373.0
2020-03-17,11002,30.0,0.0,30.0,RKI,DE-BE,Berlin Friedrichshain-Kreuzberg,289762.0,14373.0
2020-03-18,11002,48.0,1.0,47.0,RKI,DE-BE,Berlin Friedrichshain-Kreuzberg,289762.0,14373.0
2020-03-19,11002,67.0,1.0,66.0,RKI,DE-BE,Berlin Friedrichshain-Kreuzberg,289762.0,14373.0
2020-03-20,11002,82.0,1.0,81.0,RKI,DE-BE,Berlin Friedrichshain-Kreuzberg,289762.0,14373.0
2020-03-21,11002,102.0,2.0,100.0,RKI,DE-BE,Berlin Friedrichshain-Kreuzberg,289762.0,14373.0
2020-03-22,11002,110.0,2.0,108.0,RKI,DE-BE,Berlin Friedrichshain-Kreuzberg,289762.0,14373.0
2020-03-23,11002,118.0,2.0,116.0,RKI,DE-BE,Berlin Friedrichshain-Kreuzberg,289762.0,14373.0
2020-03-24,11002,136.0,2.0,134.0,RKI,DE-BE,Berlin Friedrichshain-Kreuzberg,289762.0,14373.0
2020-03-25,11002,181.0,2.0,179.0,RKI,DE-BE,Berlin Friedrichshain-Kreuzberg,289762.0,14373.0
2020-03-26,11002,199.0,2.0,197.0,RKI,DE-BE,Berlin Friedrichshain-Kreuzberg,289762.0,14373.0
2020-03-27,11002,218.0,2.0,216.0,RKI,DE-BE,Berlin Friedrichshain-Kreuzberg,289762.0,14373.0
2020-03-28,11002,231.0,2.0,229.0,RKI,DE-BE,Berlin Friedrichshain-Kreuzberg,289762.0,14373.0
2020-03-29,11002,235.0,2.0,233.0,RKI,DE-BE,Berlin Friedrichshain-Kreuzberg,289762.0,14373.0
2020-03-30,11002,247.0,2.0,245.0,RKI,DE-BE,Berlin Friedrichshain-Kreuzberg,289762.0,14373.0
2020-03-31,11002,256.0,2.0,254.0,RKI,DE-BE,Berlin Friedrichshain-Kreuzberg,289762.0,14373.0
2020-04-01,11002,276.0,3.0,273.0,RKI,DE-BE,Berlin Friedrichshain-Kreuzberg,289762.0,14373.0
2020-04-02,11002,299.0,3.0,296.0,RKI,DE-BE,Berlin Friedrichshain-Kreuzberg,289762.0,14373.0
2020-04-03,11002,315.0,3.0,312.0,RKI,DE-BE,Berlin Friedrichshain-Kreuzberg,289762.0,14373.0
2020-04-04,11002,319.0,3.0,316.0,RKI,DE-BE,Berlin Friedrichshain-Kreuzberg,289762.0,14373.0
2020-04-05,11002,320.0,3.0,317.0,RKI,DE-BE,Berlin Friedrichshain-Kreuzberg,289762.0,14373.0
2020-04-06,11002,323.0,3.0,320.0,RKI,DE-BE,Berlin Friedrichshain-Kreuzberg,289762.0,14373.0
2020-04-07,11002,331.0,3.0,328.0,RKI,DE-BE,Berlin Friedrichshain-Kreuzberg,289762.0,14373.0
2020-04-08,11002,335.0,3.0,332.0,RKI,DE-BE,Berlin Friedrichshain-Kreuzberg,289762.0,14373.0
2020-04-09,11002,348.0,3.0,345.0,RKI,DE-BE,Berlin Friedrichshain-Kreuzberg,289762.0,14373.0
2020-04-10,11002,353.0,4.0,349.0,RKI,DE-BE,Berlin Friedrichshain-Kreuzberg,289762.0,14373.0
2020-04-11,11002,357.0,4.0,353.0,RKI,DE-BE,Berlin Friedrichshain-Kreuzberg,289762.0,14373.0
2020-04-12,11002,359.0,4.0,355.0,RKI,DE-BE,Berlin Friedrichshain-Kreuzberg,289762.0,14373.0
2020-04-13,11002,360.0,4.0,356.0,RKI,DE-BE,Berlin Friedrichshain-Kreuzberg,289762.0,14373.0
2020-04-14,11002,362.0,4.0,358.0,RKI,DE-BE,Berlin Friedrichshain-Kreuzberg,289762.0,14373.0
2020-04-15,11002,368.0,4.0,364.0,RKI,DE-BE,Berlin Friedrichshain-Kreuzberg,289762.0,14373.0
2020-04-16,11002,371.0,4.0,367.0,RKI,DE-BE,Berlin Friedrichshain-Kreuzberg,289762.0,14373.0
2020-04-17,11002,373.0,4.0,369.0,RKI,DE-BE,Berlin Friedrichshain-Kreuzberg,289762.0,14373.0
2020-04-18,11002,377.0,4.0,373.0,RKI,DE-BE,Berlin Friedrichshain-Kreuzberg,289762.0,14373.0
2020-04-19,11002,380.0,4.0,376.0,RKI,DE-BE,Berlin Friedrichshain-Kreuzberg,289762.0,14373.0
2020-04-20,11002,381.0,4.0,377.0,RKI,DE-BE,Berlin Friedrichshain-Kreuzberg,289762.0,14373.0
2020-04-21,11002,385.0,4.0,381.0,RKI,DE-BE,Berlin Friedrichshain-Kreuzberg,289762.0,14373.0
2020-04-22,11002,393.0,4.0,389.0,RKI,DE-BE,Berlin Friedrichshain-Kreuzberg,289762.0,14373.0
2020-04-23,11002,397.0,4.0,393.0,RKI,DE-BE,Berlin Friedrichshain-Kreuzberg,289762.0,14373.0
2020-04-24,11002,400.0,4.0,396.0,RKI,DE-BE,Berlin Friedrichshain-Kreuzberg,289762.0,14373.0
2020-04-25,11002,401.0,4.0,397.0,RKI,DE-BE,Berlin Friedrichshain-Kreuzberg,289762.0,14373.0
2020-04-27,11002,401.0,4.0,397.0,RKI,DE-BE,Berlin Friedrichshain-Kreuzberg,289762.0,14373.0
2020-04-28,11002,403.0,5.0,398.0,RKI,DE-BE,Berlin Friedrichshain-Kreuzberg,289762.0,14373.0
2020-04-29,11002,405.0,5.0,400.0,RKI,DE-BE,Berlin Friedrichshain-Kreuzberg,289762.0,14373.0
2020-04-30,11002,407.0,5.0,402.0,RKI,DE-BE,Berlin Friedrichshain-Kreuzberg,289762.0,14373.0
2020-05-01,11002,407.0,5.0,402.0,RKI,DE-BE,Berlin Friedrichshain-Kreuzberg,289762.0,14373.0
2020-05-02,11002,407.0,5.0,402.0,RKI,DE-BE,Berlin Friedrichshain-Kreuzberg,289762.0,14373.0
2020-05-04,11002,411.0,5.0,406.0,RKI,DE-BE,Berlin Friedrichshain-Kreuzberg,289762.0,14373.0
2020-05-05,11002,415.0,5.0,410.0,RKI,DE-BE,Berlin Friedrichshain-Kreuzberg,289762.0,14373.0
2020-05-06,11002,421.0,5.0,416.0,RKI,DE-BE,Berlin Friedrichshain-Kreuzberg,289762.0,14373.0
2020-05-07,11002,423.0,5.0,418.0,RKI,DE-BE,Berlin Friedrichshain-Kreuzberg,289762.0,14373.0
2020-05-11,11002,424.0,6.0,418.0,RKI,DE-BE,Berlin Friedrichshain-Kreuzberg,289762.0,14373.0
2020-05-12,11002,426.0,7.0,419.0,RKI,DE-BE,Berlin Friedrichshain-Kreuzberg,289762.0,14373.0
2020-05-13,11002,429.0,7.0,422.0,RKI,DE-BE,Berlin Friedrichshain-Kreuzberg,289762.0,14373.0
2020-05-14,11002,430.0,7.0,423.0,RKI,DE-BE,Berlin Friedrichshain-Kreuzberg,289762.0,14373.0
2020-05-16,11002,431.0,7.0,424.0,RKI,DE-BE,Berlin Friedrichshain-Kreuzberg,289762.0,14373.0
2020-05-17,11002,432.0,7.0,425.0,RKI,DE-BE,Berlin Friedrichshain-Kreuzberg,289762.0,14373.0
2020-05-18,11002,432.0,7.0,425.0,RKI,DE-BE,Berlin Friedrichshain-Kreuzberg,289762.0,14373.0
2020-05-19,11002,438.0,8.0,430.0,RKI,DE-BE,Berlin Friedrichshain-Kreuzberg,289762.0,14373.0
2020-05-20,11002,444.0,8.0,436.0,RKI,DE-BE,Berlin Friedrichshain-Kreuzberg,289762.0,14373.0
2020-05-22,11002,446.0,8.0,438.0,RKI,DE-BE,Berlin Friedrichshain-Kreuzberg,289762.0,14373.0
2020-05-25,11002,447.0,8.0,439.0,RKI,DE-BE,Berlin Friedrichshain-Kreuzberg,289762.0,14373.0
2020-05-26,11002,447.0,8.0,439.0,RKI,DE-BE,Berlin Friedrichshain-Kreuzberg,289762.0,14373.0
2020-05-27,11002,447.0,8.0,439.0,RKI,DE-BE,Berlin Friedrichshain-Kreuzberg,289762.0,14373.0
2020-05-28,11002,448.0,8.0,440.0,RKI,DE-BE,Berlin Friedrichshain-Kreuzberg,289762.0,14373.0
2020-05-29,11002,448.0,8.0,440.0,RKI,DE-BE,Berlin Friedrichshain-Kreuzberg,289762.0,14373.0
2020-05-31,11002,449.0,8.0,441.0,RKI,DE-BE,Berlin Friedrichshain-Kreuzberg,289762.0,14373.0
2020-06-02,11002,460.0,8.0,452.0,RKI,DE-BE,Berlin Friedrichshain-Kreuzberg,289762.0,14373.0
2020-06-03,11002,467.0,8.0,459.0,RKI,DE-BE,Berlin Friedrichshain-Kreuzberg,289762.0,14373.0
2020-06-04,11002,472.0,8.0,464.0,RKI,DE-BE,Berlin Friedrichshain-Kreuzberg,289762.0,14373.0
2020-06-06,11002,475.0,8.0,467.0,RKI,DE-BE,Berlin Friedrichshain-Kreuzberg,289762.0,14373.0
2020-06-07,11002,475.0,8.0,467.0,RKI,DE-BE,Berlin Friedrichshain-Kreuzberg,289762.0,14373.0
2020-06-09,11002,481.0,8.0,473.0,RKI,DE-BE,Berlin Friedrichshain-Kreuzberg,289762.0,14373.0
2020-06-10,11002,481.0,8.0,473.0,RKI,DE-BE,Berlin Friedrichshain-Kreuzberg,289762.0,14373.0
2020-06-11,11002,482.0,8.0,474.0,RKI,DE-BE,Berlin Friedrichshain-Kreuzberg,289762.0,14373.0
2020-06-12,11002,482.0,8.0,474.0,RKI,DE-BE,Berlin Friedrichshain-Kreuzberg,289762.0,14373.0
2020-06-13,11002,483.0,8.0,475.0,RKI,DE-BE,Berlin Friedrichshain-Kreuzberg,289762.0,14373.0
2020-06-15,11002,483.0,8.0,475.0,RKI,DE-BE,Berlin Friedrichshain-Kreuzberg,289762.0,14373.0
2020-06-16,11002,486.0,8.0,478.0,RKI,DE-BE,Berlin Friedrichshain-Kreuzberg,289762.0,14373.0
2020-06-17,11002,503.0,8.0,495.0,RKI,DE-BE,Berlin Friedrichshain-Kreuzberg,289762.0,14373.0
2020-06-18,11002,509.0,8.0,501.0,RKI,DE-BE,Berlin Friedrichshain-Kreuzberg,289762.0,14373.0
2020-06-19,11002,543.0,8.0,535.0,RKI,DE-BE,Berlin Friedrichshain-Kreuzberg,289762.0,14373.0
2020-06-20,11002,548.0,8.0,540.0,RKI,DE-BE,Berlin Friedrichshain-Kreuzberg,289762.0,14373.0
2020-06-22,11002,551.0,8.0,542.0,RKI,DE-BE,Berlin Friedrichshain-Kreuzberg,289762.0,14373.0
2020-06-23,11002,553.0,8.0,543.0,RKI,DE-BE,Berlin Friedrichshain-Kreuzberg,289762.0,14373.0
2020-06-24,11002,556.0,8.0,545.0,RKI,DE-BE,Berlin Friedrichshain-Kreuzberg,289762.0,14373.0
2020-06-25,11002,557.0,8.0,546.0,RKI,DE-BE,Berlin Friedrichshain-Kreuzberg,289762.0,14373.0
2020-06-26,11002,560.0,8.0,549.0,RKI,DE-BE,Berlin Friedrichshain-Kreuzberg,289762.0,14373.0
2020-06-27,11002,561.0,8.0,550.0,RKI,DE-BE,Berlin Friedrichshain-Kreuzberg,289762.0,14373.0
2020-06-29,11002,566.0,8.0,555.0,RKI,DE-BE,Berlin Friedrichshain-Kreuzberg,289762.0,14373.0
2020-06-30,11002,566.0,8.0,555.0,RKI,DE-BE,Berlin Friedrichshain-Kreuzberg,289762.0,14373.0
2020-07-01,11002,570.0,8.0,558.0,RKI,DE-BE,Berlin Friedrichshain-Kreuzberg,289762.0,14373.0
2020-07-02,11002,581.0,8.0,569.0,RKI,DE-BE,Berlin Friedrichshain-Kreuzberg,289762.0,14373.0
2020-07-03,11002,584.0,8.0,572.0,RKI,DE-BE,Berlin Friedrichshain-Kreuzberg,289762.0,14373.0
2020-07-04,11002,584.0,8.0,572.0,RKI,DE-BE,Berlin Friedrichshain-Kreuzberg,289762.0,14373.0
2020-07-07,11002,587.0,8.0,574.0,RKI,DE-BE,Berlin Friedrichshain-Kreuzberg,289762.0,14373.0
2020-07-08,11002,588.0,8.0,574.0,RKI,DE-BE,Berlin Friedrichshain-Kreuzberg,289762.0,14373.0
2020-07-09,11002,591.0,8.0,574.0,RKI,DE-BE,Berlin Friedrichshain-Kreuzberg,289762.0,14373.0
2020-07-10,11002,593.0,8.0,574.0,RKI,DE-BE,Berlin Friedrichshain-Kreuzberg,289762.0,14373.0
2020-07-13,11002,593.0,8.0,574.0,RKI,DE-BE,Berlin Friedrichshain-Kreuzberg,289762.0,14373.0
2020-07-15,11002,593.0,8.0,574.0,RKI,DE-BE,Berlin Friedrichshain-Kreuzberg,289762.0,14373.0
2020-03-05,11003,1.0,0.0,1.0,RKI,DE-BE,Berlin Pankow,407765.0,3958.0
2020-03-06,11003,1.0,0.0,1.0,RKI,DE-BE,Berlin Pankow,407765.0,3958.0
2020-03-09,11003,2.0,0.0,2.0,RKI,DE-BE,Berlin Pankow,407765.0,3958.0
2020-03-10,11003,4.0,0.0,4.0,RKI,DE-BE,Berlin Pankow,407765.0,3958.0
2020-03-11,11003,9.0,0.0,9.0,RKI,DE-BE,Berlin Pankow,407765.0,3958.0
2020-03-12,11003,12.0,0.0,12.0,RKI,DE-BE,Berlin Pankow,407765.0,3958.0
2020-03-13,11003,20.0,0.0,20.0,RKI,DE-BE,Berlin Pankow,407765.0,3958.0
2020-03-16,11003,33.0,0.0,33.0,RKI,DE-BE,Berlin Pankow,407765.0,3958.0
2020-03-17,11003,40.0,0.0,40.0,RKI,DE-BE,Berlin Pankow,407765.0,3958.0
2020-03-18,11003,49.0,0.0,49.0,RKI,DE-BE,Berlin Pankow,407765.0,3958.0
2020-03-19,11003,65.0,0.0,65.0,RKI,DE-BE,Berlin Pankow,407765.0,3958.0
2020-03-20,11003,80.0,0.0,80.0,RKI,DE-BE,Berlin Pankow,407765.0,3958.0
2020-03-21,11003,95.0,0.0,95.0,RKI,DE-BE,Berlin Pankow,407765.0,3958.0
2020-03-22,11003,101.0,0.0,101.0,RKI,DE-BE,Berlin Pankow,407765.0,3958.0
2020-03-23,11003,109.0,0.0,109.0,RKI,DE-BE,Berlin Pankow,407765.0,3958.0
2020-03-24,11003,130.0,0.0,130.0,RKI,DE-BE,Berlin Pankow,407765.0,3958.0
2020-03-25,11003,147.0,0.0,147.0,RKI,DE-BE,Berlin Pankow,407765.0,3958.0
2020-03-26,11003,184.0,0.0,184.0,RKI,DE-BE,Berlin Pankow,407765.0,3958.0
2020-03-27,11003,215.0,1.0,214.0,RKI,DE-BE,Berlin Pankow,407765.0,3958.0
2020-03-28,11003,225.0,2.0,223.0,RKI,DE-BE,Berlin Pankow,407765.0,3958.0
2020-03-29,11003,235.0,3.0,232.0,RKI,DE-BE,Berlin Pankow,407765.0,3958.0
2020-03-30,11003,247.0,3.0,244.0,RKI,DE-BE,Berlin Pankow,407765.0,3958.0
2020-03-31,11003,265.0,3.0,262.0,RKI,DE-BE,Berlin Pankow,407765.0,3958.0
2020-04-01,11003,277.0,3.0,274.0,RKI,DE-BE,Berlin Pankow,407765.0,3958.0
2020-04-02,11003,297.0,4.0,293.0,RKI,DE-BE,Berlin Pankow,407765.0,3958.0
2020-04-03,11003,333.0,9.0,324.0,RKI,DE-BE,Berlin Pankow,407765.0,3958.0
2020-04-04,11003,342.0,9.0,333.0,RKI,DE-BE,Berlin Pankow,407765.0,3958.0
2020-04-05,11003,349.0,9.0,340.0,RKI,DE-BE,Berlin Pankow,407765.0,3958.0
2020-04-06,11003,360.0,9.0,351.0,RKI,DE-BE,Berlin Pankow,407765.0,3958.0
2020-04-07,11003,377.0,14.0,363.0,RKI,DE-BE,Berlin Pankow,407765.0,3958.0
2020-04-08,11003,394.0,15.0,379.0,RKI,DE-BE,Berlin Pankow,407765.0,3958.0
2020-04-09,11003,420.0,17.0,403.0,RKI,DE-BE,Berlin Pankow,407765.0,3958.0
2020-04-10,11003,423.0,17.0,406.0,RKI,DE-BE,Berlin Pankow,407765.0,3958.0
2020-04-11,11003,430.0,18.0,412.0,RKI,DE-BE,Berlin Pankow,407765.0,3958.0
2020-04-12,11003,435.0,18.0,417.0,RKI,DE-BE,Berlin Pankow,407765.0,3958.0
2020-04-13,11003,439.0,18.0,421.0,RKI,DE-BE,Berlin Pankow,407765.0,3958.0
2020-04-14,11003,445.0,18.0,427.0,RKI,DE-BE,Berlin Pankow,407765.0,3958.0
2020-04-15,11003,450.0,18.0,432.0,RKI,DE-BE,Berlin Pankow,407765.0,3958.0
2020-04-16,11003,461.0,19.0,442.0,RKI,DE-BE,Berlin Pankow,407765.0,3958.0
2020-04-17,11003,491.0,23.0,468.0,RKI,DE-BE,Berlin Pankow,407765.0,3958.0
2020-04-18,11003,502.0,24.0,478.0,RKI,DE-BE,Berlin Pankow,407765.0,3958.0
2020-04-19,11003,505.0,24.0,481.0,RKI,DE-BE,Berlin Pankow,407765.0,3958.0
2020-04-20,11003,508.0,24.0,484.0,RKI,DE-BE,Berlin Pankow,407765.0,3958.0
2020-04-21,11003,516.0,24.0,492.0,RKI,DE-BE,Berlin Pankow,407765.0,3958.0
2020-04-22,11003,521.0,24.0,497.0,RKI,DE-BE,Berlin Pankow,407765.0,3958.0
2020-04-23,11003,527.0,24.0,503.0,RKI,DE-BE,Berlin Pankow,407765.0,3958.0
2020-04-24,11003,541.0,26.0,515.0,RKI,DE-BE,Berlin Pankow,407765.0,3958.0
2020-04-25,11003,541.0,26.0,515.0,RKI,DE-BE,Berlin Pankow,407765.0,3958.0
2020-04-26,11003,541.0,26.0,515.0,RKI,DE-BE,Berlin Pankow,407765.0,3958.0
2020-04-27,11003,542.0,27.0,515.0,RKI,DE-BE,Berlin Pankow,407765.0,3958.0
2020-04-28,11003,546.0,28.0,518.0,RKI,DE-BE,Berlin Pankow,407765.0,3958.0
2020-04-29,11003,548.0,28.0,520.0,RKI,DE-BE,Berlin Pankow,407765.0,3958.0
2020-04-30,11003,559.0,29.0,530.0,RKI,DE-BE,Berlin Pankow,407765.0,3958.0
2020-05-02,11003,567.0,31.0,536.0,RKI,DE-BE,Berlin Pankow,407765.0,3958.0
2020-05-03,11003,568.0,31.0,537.0,RKI,DE-BE,Berlin Pankow,407765.0,3958.0
2020-05-04,11003,571.0,31.0,540.0,RKI,DE-BE,Berlin Pankow,407765.0,3958.0
2020-05-05,11003,576.0,31.0,545.0,RKI,DE-BE,Berlin Pankow,407765.0,3958.0
2020-05-06,11003,580.0,31.0,549.0,RKI,DE-BE,Berlin Pankow,407765.0,3958.0
2020-05-07,11003,585.0,31.0,554.0,RKI,DE-BE,Berlin Pankow,407765.0,3958.0
2020-05-09,11003,587.0,32.0,555.0,RKI,DE-BE,Berlin Pankow,407765.0,3958.0
2020-05-11,11003,589.0,33.0,556.0,RKI,DE-BE,Berlin Pankow,407765.0,3958.0
2020-05-13,11003,597.0,33.0,564.0,RKI,DE-BE,Berlin Pankow,407765.0,3958.0
2020-05-14,11003,597.0,33.0,564.0,RKI,DE-BE,Berlin Pankow,407765.0,3958.0
2020-05-15,11003,597.0,33.0,564.0,RKI,DE-BE,Berlin Pankow,407765.0,3958.0
2020-05-17,11003,597.0,33.0,564.0,RKI,DE-BE,Berlin Pankow,407765.0,3958.0
2020-05-18,11003,606.0,33.0,573.0,RKI,DE-BE,Berlin Pankow,407765.0,3958.0
2020-05-19,11003,617.0,35.0,582.0,RKI,DE-BE,Berlin Pankow,407765.0,3958.0
2020-05-20,11003,622.0,36.0,586.0,RKI,DE-BE,Berlin Pankow,407765.0,3958.0
2020-05-22,11003,630.0,36.0,594.0,RKI,DE-BE,Berlin Pankow,407765.0,3958.0
2020-05-23,11003,630.0,36.0,594.0,RKI,DE-BE,Berlin Pankow,407765.0,3958.0
2020-05-26,11003,630.0,36.0,594.0,RKI,DE-BE,Berlin Pankow,407765.0,3958.0
2020-05-27,11003,633.0,36.0,597.0,RKI,DE-BE,Berlin Pankow,407765.0,3958.0
2020-05-29,11003,633.0,36.0,597.0,RKI,DE-BE,Berlin Pankow,407765.0,3958.0
2020-06-02,11003,637.0,36.0,601.0,RKI,DE-BE,Berlin Pankow,407765.0,3958.0
2020-06-03,11003,639.0,36.0,603.0,RKI,DE-BE,Berlin Pankow,407765.0,3958.0
2020-06-05,11003,642.0,36.0,606.0,RKI,DE-BE,Berlin Pankow,407765.0,3958.0
2020-06-07,11003,642.0,36.0,606.0,RKI,DE-BE,Berlin Pankow,407765.0,3958.0
2020-06-08,11003,644.0,36.0,608.0,RKI,DE-BE,Berlin Pankow,407765.0,3958.0
2020-06-09,11003,645.0,36.0,609.0,RKI,DE-BE,Berlin Pankow,407765.0,3958.0
2020-06-10,11003,646.0,36.0,610.0,RKI,DE-BE,Berlin Pankow,407765.0,3958.0
2020-06-11,11003,648.0,36.0,612.0,RKI,DE-BE,Berlin Pankow,407765.0,3958.0
2020-06-12,11003,650.0,37.0,613.0,RKI,DE-BE,Berlin Pankow,407765.0,3958.0
2020-06-14,11003,652.0,37.0,615.0,RKI,DE-BE,Berlin Pankow,407765.0,3958.0
2020-06-15,11003,652.0,37.0,615.0,RKI,DE-BE,Berlin Pankow,407765.0,3958.0
2020-06-16,11003,659.0,37.0,622.0,RKI,DE-BE,Berlin Pankow,407765.0,3958.0
2020-06-17,11003,661.0,37.0,624.0,RKI,DE-BE,Berlin Pankow,407765.0,3958.0
2020-06-18,11003,662.0,37.0,625.0,RKI,DE-BE,Berlin Pankow,407765.0,3958.0
2020-06-19,11003,666.0,37.0,629.0,RKI,DE-BE,Berlin Pankow,407765.0,3958.0
2020-06-22,11003,671.0,37.0,634.0,RKI,DE-BE,Berlin Pankow,407765.0,3958.0
2020-06-23,11003,675.0,37.0,638.0,RKI,DE-BE,Berlin Pankow,407765.0,3958.0
2020-06-24,11003,676.0,37.0,639.0,RKI,DE-BE,Berlin Pankow,407765.0,3958.0
2020-06-25,11003,676.0,37.0,639.0,RKI,DE-BE,Berlin Pankow,407765.0,3958.0
2020-06-26,11003,676.0,37.0,639.0,RKI,DE-BE,Berlin Pankow,407765.0,3958.0
2020-06-29,11003,679.0,37.0,642.0,RKI,DE-BE,Berlin Pankow,407765.0,3958.0
2020-07-01,11003,684.0,37.0,647.0,RKI,DE-BE,Berlin Pankow,407765.0,3958.0
2020-07-02,11003,685.0,37.0,648.0,RKI,DE-BE,Berlin Pankow,407765.0,3958.0
2020-07-03,11003,687.0,37.0,650.0,RKI,DE-BE,Berlin Pankow,407765.0,3958.0
2020-07-06,11003,692.0,37.0,653.0,RKI,DE-BE,Berlin Pankow,407765.0,3958.0
2020-07-07,11003,694.0,37.0,653.0,RKI,DE-BE,Berlin Pankow,407765.0,3958.0
2020-07-08,11003,694.0,37.0,653.0,RKI,DE-BE,Berlin Pankow,407765.0,3958.0
2020-07-09,11003,694.0,37.0,653.0,RKI,DE-BE,Berlin Pankow,407765.0,3958.0
2020-07-10,11003,695.0,37.0,653.0,RKI,DE-BE,Berlin Pankow,407765.0,3958.0
2020-07-13,11003,698.0,37.0,654.0,RKI,DE-BE,Berlin Pankow,407765.0,3958.0
2020-07-14,11003,698.0,37.0,654.0,RKI,DE-BE,Berlin Pankow,407765.0,3958.0
2020-07-15,11003,698.0,37.0,654.0,RKI,DE-BE,Berlin Pankow,407765.0,3958.0
2020-03-07,11004,1.0,0.0,1.0,RKI,DE-BE,Berlin Charlottenburg-Wilmersdorf,342332.0,5289.0
2020-03-08,11004,7.0,0.0,7.0,RKI,DE-BE,Berlin Charlottenburg-Wilmersdorf,342332.0,5289.0
2020-03-09,11004,7.0,0.0,7.0,RKI,DE-BE,Berlin Charlottenburg-Wilmersdorf,342332.0,5289.0
2020-03-10,11004,12.0,0.0,12.0,RKI,DE-BE,Berlin Charlottenburg-Wilmersdorf,342332.0,5289.0
2020-03-11,11004,19.0,0.0,19.0,RKI,DE-BE,Berlin Charlottenburg-Wilmersdorf,342332.0,5289.0
2020-03-12,11004,28.0,0.0,28.0,RKI,DE-BE,Berlin Charlottenburg-Wilmersdorf,342332.0,5289.0
2020-03-13,11004,39.0,0.0,39.0,RKI,DE-BE,Berlin Charlottenburg-Wilmersdorf,342332.0,5289.0
2020-03-14,11004,40.0,0.0,40.0,RKI,DE-BE,Berlin Charlottenburg-Wilmersdorf,342332.0,5289.0
2020-03-15,11004,45.0,0.0,45.0,RKI,DE-BE,Berlin Charlottenburg-Wilmersdorf,342332.0,5289.0
2020-03-16,11004,51.0,0.0,51.0,RKI,DE-BE,Berlin Charlottenburg-Wilmersdorf,342332.0,5289.0
2020-03-17,11004,63.0,0.0,63.0,RKI,DE-BE,Berlin Charlottenburg-Wilmersdorf,342332.0,5289.0
2020-03-18,11004,78.0,0.0,78.0,RKI,DE-BE,Berlin Charlottenburg-Wilmersdorf,342332.0,5289.0
2020-03-19,11004,103.0,0.0,103.0,RKI,DE-BE,Berlin Charlottenburg-Wilmersdorf,342332.0,5289.0
2020-03-20,11004,116.0,1.0,115.0,RKI,DE-BE,Berlin Charlottenburg-Wilmersdorf,342332.0,5289.0
2020-03-21,11004,122.0,2.0,120.0,RKI,DE-BE,Berlin Charlottenburg-Wilmersdorf,342332.0,5289.0
2020-03-22,11004,131.0,2.0,129.0,RKI,DE-BE,Berlin Charlottenburg-Wilmersdorf,342332.0,5289.0
2020-03-23,11004,154.0,2.0,152.0,RKI,DE-BE,Berlin Charlottenburg-Wilmersdorf,342332.0,5289.0
2020-03-24,11004,176.0,2.0,174.0,RKI,DE-BE,Berlin Charlottenburg-Wilmersdorf,342332.0,5289.0
2020-03-25,11004,211.0,2.0,209.0,RKI,DE-BE,Berlin Charlottenburg-Wilmersdorf,342332.0,5289.0
2020-03-26,11004,254.0,4.0,250.0,RKI,DE-BE,Berlin Charlottenburg-Wilmersdorf,342332.0,5289.0
2020-03-27,11004,269.0,4.0,265.0,RKI,DE-BE,Berlin Charlottenburg-Wilmersdorf,342332.0,5289.0
2020-03-28,11004,289.0,4.0,285.0,RKI,DE-BE,Berlin Charlottenburg-Wilmersdorf,342332.0,5289.0
2020-03-29,11004,294.0,4.0,290.0,RKI,DE-BE,Berlin Charlottenburg-Wilmersdorf,342332.0,5289.0
2020-03-30,11004,330.0,4.0,326.0,RKI,DE-BE,Berlin Charlottenburg-Wilmersdorf,342332.0,5289.0
2020-03-31,11004,353.0,5.0,348.0,RKI,DE-BE,Berlin Charlottenburg-Wilmersdorf,342332.0,5289.0
2020-04-01,11004,375.0,6.0,369.0,RKI,DE-BE,Berlin Charlottenburg-Wilmersdorf,342332.0,5289.0
2020-04-02,11004,405.0,6.0,399.0,RKI,DE-BE,Berlin Charlottenburg-Wilmersdorf,342332.0,5289.0
2020-04-03,11004,420.0,7.0,413.0,RKI,DE-BE,Berlin Charlottenburg-Wilmersdorf,342332.0,5289.0
2020-04-04,11004,423.0,7.0,416.0,RKI,DE-BE,Berlin Charlottenburg-Wilmersdorf,342332.0,5289.0
2020-04-05,11004,427.0,7.0,420.0,RKI,DE-BE,Berlin Charlottenburg-Wilmersdorf,342332.0,5289.0
2020-04-06,11004,445.0,8.0,437.0,RKI,DE-BE,Berlin Charlottenburg-Wilmersdorf,342332.0,5289.0
2020-04-07,11004,485.0,13.0,472.0,RKI,DE-BE,Berlin Charlottenburg-Wilmersdorf,342332.0,5289.0
2020-04-08,11004,504.0,13.0,491.0,RKI,DE-BE,Berlin Charlottenburg-Wilmersdorf,342332.0,5289.0
2020-04-09,11004,515.0,14.0,501.0,RKI,DE-BE,Berlin Charlottenburg-Wilmersdorf,342332.0,5289.0
2020-04-10,11004,521.0,14.0,507.0,RKI,DE-BE,Berlin Charlottenburg-Wilmersdorf,342332.0,5289.0
2020-04-11,11004,523.0,14.0,509.0,RKI,DE-BE,Berlin Charlottenburg-Wilmersdorf,342332.0,5289.0
2020-04-12,11004,529.0,14.0,515.0,RKI,DE-BE,Berlin Charlottenburg-Wilmersdorf,342332.0,5289.0
2020-04-13,11004,532.0,15.0,517.0,RKI,DE-BE,Berlin Charlottenburg-Wilmersdorf,342332.0,5289.0
2020-04-14,11004,537.0,15.0,522.0,RKI,DE-BE,Berlin Charlottenburg-Wilmersdorf,342332.0,5289.0
2020-04-15,11004,550.0,16.0,534.0,RKI,DE-BE,Berlin Charlottenburg-Wilmersdorf,342332.0,5289.0
2020-04-16,11004,563.0,17.0,546.0,RKI,DE-BE,Berlin Charlottenburg-Wilmersdorf,342332.0,5289.0
2020-04-17,11004,570.0,17.0,553.0,RKI,DE-BE,Berlin Charlottenburg-Wilmersdorf,342332.0,5289.0
2020-04-18,11004,573.0,17.0,556.0,RKI,DE-BE,Berlin Charlottenburg-Wilmersdorf,342332.0,5289.0
2020-04-19,11004,577.0,17.0,560.0,RKI,DE-BE,Berlin Charlottenburg-Wilmersdorf,342332.0,5289.0
2020-04-20,11004,578.0,17.0,561.0,RKI,DE-BE,Berlin Charlottenburg-Wilmersdorf,342332.0,5289.0
2020-04-21,11004,586.0,18.0,568.0,RKI,DE-BE,Berlin Charlottenburg-Wilmersdorf,342332.0,5289.0
2020-04-22,11004,592.0,19.0,573.0,RKI,DE-BE,Berlin Charlottenburg-Wilmersdorf,342332.0,5289.0
2020-04-23,11004,604.0,19.0,585.0,RKI,DE-BE,Berlin Charlottenburg-Wilmersdorf,342332.0,5289.0
2020-04-24,11004,608.0,20.0,588.0,RKI,DE-BE,Berlin Charlottenburg-Wilmersdorf,342332.0,5289.0
2020-04-25,11004,611.0,20.0,591.0,RKI,DE-BE,Berlin Charlottenburg-Wilmersdorf,342332.0,5289.0
2020-04-26,11004,613.0,21.0,592.0,RKI,DE-BE,Berlin Charlottenburg-Wilmersdorf,342332.0,5289.0
2020-04-27,11004,616.0,21.0,595.0,RKI,DE-BE,Berlin Charlottenburg-Wilmersdorf,342332.0,5289.0
2020-04-28,11004,619.0,22.0,597.0,RKI,DE-BE,Berlin Charlottenburg-Wilmersdorf,342332.0,5289.0
2020-04-29,11004,622.0,22.0,600.0,RKI,DE-BE,Berlin Charlottenburg-Wilmersdorf,342332.0,5289.0
2020-04-30,11004,622.0,22.0,600.0,RKI,DE-BE,Berlin Charlottenburg-Wilmersdorf,342332.0,5289.0
2020-05-01,11004,624.0,22.0,602.0,RKI,DE-BE,Berlin Charlottenburg-Wilmersdorf,342332.0,5289.0
2020-05-02,11004,625.0,22.0,603.0,RKI,DE-BE,Berlin Charlottenburg-Wilmersdorf,342332.0,5289.0
2020-05-03,11004,627.0,22.0,605.0,RKI,DE-BE,Berlin Charlottenburg-Wilmersdorf,342332.0,5289.0
2020-05-04,11004,628.0,22.0,606.0,RKI,DE-BE,Berlin Charlottenburg-Wilmersdorf,342332.0,5289.0
2020-05-05,11004,631.0,22.0,609.0,RKI,DE-BE,Berlin Charlottenburg-Wilmersdorf,342332.0,5289.0
2020-05-06,11004,634.0,22.0,612.0,RKI,DE-BE,Berlin Charlottenburg-Wilmersdorf,342332.0,5289.0
2020-05-07,11004,637.0,22.0,615.0,RKI,DE-BE,Berlin Charlottenburg-Wilmersdorf,342332.0,5289.0
2020-05-09,11004,641.0,22.0,619.0,RKI,DE-BE,Berlin Charlottenburg-Wilmersdorf,342332.0,5289.0
2020-05-11,11004,642.0,22.0,620.0,RKI,DE-BE,Berlin Charlottenburg-Wilmersdorf,342332.0,5289.0
2020-05-12,11004,644.0,22.0,622.0,RKI,DE-BE,Berlin Charlottenburg-Wilmersdorf,342332.0,5289.0
2020-05-13,11004,650.0,22.0,628.0,RKI,DE-BE,Berlin Charlottenburg-Wilmersdorf,342332.0,5289.0
2020-05-14,11004,652.0,22.0,630.0,RKI,DE-BE,Berlin Charlottenburg-Wilmersdorf,342332.0,5289.0
2020-05-15,11004,652.0,22.0,630.0,RKI,DE-BE,Berlin Charlottenburg-Wilmersdorf,342332.0,5289.0
2020-05-16,11004,653.0,22.0,631.0,RKI,DE-BE,Berlin Charlottenburg-Wilmersdorf,342332.0,5289.0
2020-05-19,11004,653.0,22.0,631.0,RKI,DE-BE,Berlin Charlottenburg-Wilmersdorf,342332.0,5289.0
2020-05-20,11004,658.0,22.0,636.0,RKI,DE-BE,Berlin Charlottenburg-Wilmersdorf,342332.0,5289.0
2020-05-21,11004,660.0,22.0,638.0,RKI,DE-BE,Berlin Charlottenburg-Wilmersdorf,342332.0,5289.0
2020-05-22,11004,661.0,22.0,639.0,RKI,DE-BE,Berlin Charlottenburg-Wilmersdorf,342332.0,5289.0
2020-05-23,11004,661.0,22.0,639.0,RKI,DE-BE,Berlin Charlottenburg-Wilmersdorf,342332.0,5289.0
2020-05-24,11004,661.0,22.0,639.0,RKI,DE-BE,Berlin Charlottenburg-Wilmersdorf,342332.0,5289.0
2020-05-25,11004,661.0,22.0,639.0,RKI,DE-BE,Berlin Charlottenburg-Wilmersdorf,342332.0,5289.0
2020-05-27,11004,661.0,22.0,639.0,RKI,DE-BE,Berlin Charlottenburg-Wilmersdorf,342332.0,5289.0
2020-05-28,11004,664.0,22.0,642.0,RKI,DE-BE,Berlin Charlottenburg-Wilmersdorf,342332.0,5289.0
2020-05-29,11004,664.0,22.0,642.0,RKI,DE-BE,Berlin Charlottenburg-Wilmersdorf,342332.0,5289.0
2020-05-30,11004,665.0,22.0,643.0,RKI,DE-BE,Berlin Charlottenburg-Wilmersdorf,342332.0,5289.0
2020-05-31,11004,665.0,22.0,643.0,RKI,DE-BE,Berlin Charlottenburg-Wilmersdorf,342332.0,5289.0
2020-06-03,11004,666.0,22.0,644.0,RKI,DE-BE,Berlin Charlottenburg-Wilmersdorf,342332.0,5289.0
2020-06-04,11004,669.0,22.0,647.0,RKI,DE-BE,Berlin Charlottenburg-Wilmersdorf,342332.0,5289.0
2020-06-05,11004,670.0,22.0,648.0,RKI,DE-BE,Berlin Charlottenburg-Wilmersdorf,342332.0,5289.0
2020-06-08,11004,671.0,22.0,649.0,RKI,DE-BE,Berlin Charlottenburg-Wilmersdorf,342332.0,5289.0
2020-06-09,11004,672.0,22.0,650.0,RKI,DE-BE,Berlin Charlottenburg-Wilmersdorf,342332.0,5289.0
2020-06-10,11004,673.0,22.0,651.0,RKI,DE-BE,Berlin Charlottenburg-Wilmersdorf,342332.0,5289.0
2020-06-11,11004,679.0,22.0,657.0,RKI,DE-BE,Berlin Charlottenburg-Wilmersdorf,342332.0,5289.0
2020-06-12,11004,682.0,22.0,660.0,RKI,DE-BE,Berlin Charlottenburg-Wilmersdorf,342332.0,5289.0
2020-06-13,11004,684.0,22.0,662.0,RKI,DE-BE,Berlin Charlottenburg-Wilmersdorf,342332.0,5289.0
2020-06-16,11004,690.0,22.0,668.0,RKI,DE-BE,Berlin Charlottenburg-Wilmersdorf,342332.0,5289.0
2020-06-17,11004,693.0,22.0,671.0,RKI,DE-BE,Berlin Charlottenburg-Wilmersdorf,342332.0,5289.0
2020-06-18,11004,702.0,22.0,680.0,RKI,DE-BE,Berlin Charlottenburg-Wilmersdorf,342332.0,5289.0
2020-06-19,11004,714.0,22.0,691.0,RKI,DE-BE,Berlin Charlottenburg-Wilmersdorf,342332.0,5289.0
2020-06-20,11004,716.0,22.0,693.0,RKI,DE-BE,Berlin Charlottenburg-Wilmersdorf,342332.0,5289.0
2020-06-22,11004,721.0,22.0,697.0,RKI,DE-BE,Berlin Charlottenburg-Wilmersdorf,342332.0,5289.0
2020-06-23,11004,723.0,22.0,699.0,RKI,DE-BE,Berlin Charlottenburg-Wilmersdorf,342332.0,5289.0
2020-06-24,11004,726.0,22.0,701.0,RKI,DE-BE,Berlin Charlottenburg-Wilmersdorf,342332.0,5289.0
2020-06-25,11004,729.0,22.0,704.0,RKI,DE-BE,Berlin Charlottenburg-Wilmersdorf,342332.0,5289.0
2020-06-26,11004,731.0,22.0,705.0,RKI,DE-BE,Berlin Charlottenburg-Wilmersdorf,342332.0,5289.0
2020-06-29,11004,733.0,22.0,707.0,RKI,DE-BE,Berlin Charlottenburg-Wilmersdorf,342332.0,5289.0
2020-06-30,11004,736.0,23.0,708.0,RKI,DE-BE,Berlin Charlottenburg-Wilmersdorf,342332.0,5289.0
2020-07-01,11004,738.0,23.0,710.0,RKI,DE-BE,Berlin Charlottenburg-Wilmersdorf,342332.0,5289.0
2020-07-02,11004,740.0,23.0,712.0,RKI,DE-BE,Berlin Charlottenburg-Wilmersdorf,342332.0,5289.0
2020-07-03,11004,741.0,23.0,713.0,RKI,DE-BE,Berlin Charlottenburg-Wilmersdorf,342332.0,5289.0
2020-07-04,11004,742.0,23.0,714.0,RKI,DE-BE,Berlin Charlottenburg-Wilmersdorf,342332.0,5289.0
2020-07-06,11004,743.0,23.0,714.0,RKI,DE-BE,Berlin Charlottenburg-Wilmersdorf,342332.0,5289.0
2020-07-07,11004,745.0,23.0,716.0,RKI,DE-BE,Berlin Charlottenburg-Wilmersdorf,342332.0,5289.0
2020-07-09,11004,746.0,23.0,716.0,RKI,DE-BE,Berlin Charlottenburg-Wilmersdorf,342332.0,5289.0
2020-07-10,11004,747.0,23.0,716.0,RKI,DE-BE,Berlin Charlottenburg-Wilmersdorf,342332.0,5289.0
2020-07-13,11004,747.0,23.0,716.0,RKI,DE-BE,Berlin Charlottenburg-Wilmersdorf,342332.0,5289.0
2020-07-14,11004,748.0,23.0,716.0,RKI,DE-BE,Berlin Charlottenburg-Wilmersdorf,342332.0,5289.0
2020-07-15,11004,749.0,23.0,716.0,RKI,DE-BE,Berlin Charlottenburg-Wilmersdorf,342332.0,5289.0
2020-07-16,11004,751.0,23.0,716.0,RKI,DE-BE,Berlin Charlottenburg-Wilmersdorf,342332.0,5289.0
2020-03-09,11005,3.0,0.0,3.0,RKI,DE-BE,Berlin Spandau,243977.0,2655.0
2020-03-10,11005,4.0,0.0,4.0,RKI,DE-BE,Berlin Spandau,243977.0,2655.0
2020-03-11,11005,4.0,0.0,4.0,RKI,DE-BE,Berlin Spandau,243977.0,2655.0
2020-03-13,11005,4.0,0.0,4.0,RKI,DE-BE,Berlin Spandau,243977.0,2655.0
2020-03-14,11005,4.0,0.0,4.0,RKI,DE-BE,Berlin Spandau,243977.0,2655.0
2020-03-15,11005,5.0,0.0,5.0,RKI,DE-BE,Berlin Spandau,243977.0,2655.0
2020-03-18,11005,7.0,0.0,7.0,RKI,DE-BE,Berlin Spandau,243977.0,2655.0
2020-03-19,11005,11.0,0.0,11.0,RKI,DE-BE,Berlin Spandau,243977.0,2655.0
2020-03-20,11005,18.0,0.0,18.0,RKI,DE-BE,Berlin Spandau,243977.0,2655.0
2020-03-21,11005,24.0,0.0,24.0,RKI,DE-BE,Berlin Spandau,243977.0,2655.0
2020-03-23,11005,32.0,1.0,31.0,RKI,DE-BE,Berlin Spandau,243977.0,2655.0
2020-03-24,11005,37.0,1.0,36.0,RKI,DE-BE,Berlin Spandau,243977.0,2655.0
2020-03-25,11005,45.0,1.0,44.0,RKI,DE-BE,Berlin Spandau,243977.0,2655.0
2020-03-26,11005,54.0,1.0,53.0,RKI,DE-BE,Berlin Spandau,243977.0,2655.0
2020-03-27,11005,59.0,2.0,57.0,RKI,DE-BE,Berlin Spandau,243977.0,2655.0
2020-03-28,11005,72.0,2.0,70.0,RKI,DE-BE,Berlin Spandau,243977.0,2655.0
2020-03-29,11005,76.0,3.0,73.0,RKI,DE-BE,Berlin Spandau,243977.0,2655.0
2020-03-30,11005,78.0,3.0,75.0,RKI,DE-BE,Berlin Spandau,243977.0,2655.0
2020-03-31,11005,80.0,4.0,76.0,RKI,DE-BE,Berlin Spandau,243977.0,2655.0
2020-04-01,11005,88.0,4.0,84.0,RKI,DE-BE,Berlin Spandau,243977.0,2655.0
2020-04-02,11005,96.0,4.0,92.0,RKI,DE-BE,Berlin Spandau,243977.0,2655.0
2020-04-03,11005,117.0,5.0,112.0,RKI,DE-BE,Berlin Spandau,243977.0,2655.0
2020-04-04,11005,125.0,5.0,120.0,RKI,DE-BE,Berlin Spandau,243977.0,2655.0
2020-04-05,11005,126.0,5.0,121.0,RKI,DE-BE,Berlin Spandau,243977.0,2655.0
2020-04-06,11005,129.0,5.0,124.0,RKI,DE-BE,Berlin Spandau,243977.0,2655.0
2020-04-07,11005,142.0,5.0,137.0,RKI,DE-BE,Berlin Spandau,243977.0,2655.0
2020-04-08,11005,150.0,5.0,145.0,RKI,DE-BE,Berlin Spandau,243977.0,2655.0
2020-04-09,11005,152.0,6.0,146.0,RKI,DE-BE,Berlin Spandau,243977.0,2655.0
2020-04-10,11005,152.0,6.0,146.0,RKI,DE-BE,Berlin Spandau,243977.0,2655.0
2020-04-11,11005,153.0,6.0,147.0,RKI,DE-BE,Berlin Spandau,243977.0,2655.0
2020-04-14,11005,156.0,6.0,150.0,RKI,DE-BE,Berlin Spandau,243977.0,2655.0
2020-04-15,11005,160.0,7.0,153.0,RKI,DE-BE,Berlin Spandau,243977.0,2655.0
2020-04-16,11005,167.0,7.0,160.0,RKI,DE-BE,Berlin Spandau,243977.0,2655.0
2020-04-17,11005,175.0,7.0,168.0,RKI,DE-BE,Berlin Spandau,243977.0,2655.0
2020-04-18,11005,181.0,7.0,174.0,RKI,DE-BE,Berlin Spandau,243977.0,2655.0
2020-04-19,11005,181.0,7.0,174.0,RKI,DE-BE,Berlin Spandau,243977.0,2655.0
2020-04-20,11005,183.0,7.0,176.0,RKI,DE-BE,Berlin Spandau,243977.0,2655.0
2020-04-21,11005,183.0,7.0,176.0,RKI,DE-BE,Berlin Spandau,243977.0,2655.0
2020-04-22,11005,186.0,7.0,179.0,RKI,DE-BE,Berlin Spandau,243977.0,2655.0
2020-04-23,11005,186.0,7.0,179.0,RKI,DE-BE,Berlin Spandau,243977.0,2655.0
2020-04-24,11005,186.0,7.0,179.0,RKI,DE-BE,Berlin Spandau,243977.0,2655.0
2020-04-25,11005,186.0,7.0,179.0,RKI,DE-BE,Berlin Spandau,243977.0,2655.0
2020-04-27,11005,188.0,7.0,181.0,RKI,DE-BE,Berlin Spandau,243977.0,2655.0
2020-04-28,11005,191.0,7.0,184.0,RKI,DE-BE,Berlin Spandau,243977.0,2655.0
2020-04-29,11005,192.0,7.0,185.0,RKI,DE-BE,Berlin Spandau,243977.0,2655.0
2020-04-30,11005,193.0,7.0,186.0,RKI,DE-BE,Berlin Spandau,243977.0,2655.0
2020-05-03,11005,196.0,8.0,188.0,RKI,DE-BE,Berlin Spandau,243977.0,2655.0
2020-05-05,11005,197.0,8.0,189.0,RKI,DE-BE,Berlin Spandau,243977.0,2655.0
2020-05-06,11005,201.0,8.0,193.0,RKI,DE-BE,Berlin Spandau,243977.0,2655.0
2020-05-07,11005,205.0,8.0,197.0,RKI,DE-BE,Berlin Spandau,243977.0,2655.0
2020-05-08,11005,205.0,8.0,197.0,RKI,DE-BE,Berlin Spandau,243977.0,2655.0
2020-05-10,11005,205.0,8.0,197.0,RKI,DE-BE,Berlin Spandau,243977.0,2655.0
2020-05-12,11005,206.0,8.0,198.0,RKI,DE-BE,Berlin Spandau,243977.0,2655.0
2020-05-13,11005,210.0,8.0,202.0,RKI,DE-BE,Berlin Spandau,243977.0,2655.0
2020-05-14,11005,228.0,8.0,220.0,RKI,DE-BE,Berlin Spandau,243977.0,2655.0
2020-05-15,11005,229.0,8.0,221.0,RKI,DE-BE,Berlin Spandau,243977.0,2655.0
2020-05-16,11005,230.0,8.0,222.0,RKI,DE-BE,Berlin Spandau,243977.0,2655.0
2020-05-18,11005,232.0,8.0,224.0,RKI,DE-BE,Berlin Spandau,243977.0,2655.0
2020-05-19,11005,232.0,8.0,224.0,RKI,DE-BE,Berlin Spandau,243977.0,2655.0
2020-05-20,11005,233.0,8.0,225.0,RKI,DE-BE,Berlin Spandau,243977.0,2655.0
2020-05-21,11005,235.0,8.0,227.0,RKI,DE-BE,Berlin Spandau,243977.0,2655.0
2020-05-22,11005,235.0,8.0,227.0,RKI,DE-BE,Berlin Spandau,243977.0,2655.0
2020-05-24,11005,235.0,8.0,227.0,RKI,DE-BE,Berlin Spandau,243977.0,2655.0
2020-05-26,11005,236.0,8.0,228.0,RKI,DE-BE,Berlin Spandau,243977.0,2655.0
2020-05-27,11005,237.0,8.0,229.0,RKI,DE-BE,Berlin Spandau,243977.0,2655.0
2020-05-28,11005,237.0,8.0,229.0,RKI,DE-BE,Berlin Spandau,243977.0,2655.0
2020-05-30,11005,237.0,8.0,229.0,RKI,DE-BE,Berlin Spandau,243977.0,2655.0
2020-05-31,11005,242.0,8.0,234.0,RKI,DE-BE,Berlin Spandau,243977.0,2655.0
2020-06-02,11005,245.0,9.0,236.0,RKI,DE-BE,Berlin Spandau,243977.0,2655.0
2020-06-03,11005,255.0,9.0,246.0,RKI,DE-BE,Berlin Spandau,243977.0,2655.0
2020-06-05,11005,259.0,9.0,250.0,RKI,DE-BE,Berlin Spandau,243977.0,2655.0
2020-06-06,11005,261.0,9.0,252.0,RKI,DE-BE,Berlin Spandau,243977.0,2655.0
2020-06-07,11005,261.0,9.0,252.0,RKI,DE-BE,Berlin Spandau,243977.0,2655.0
2020-06-09,11005,262.0,9.0,253.0,RKI,DE-BE,Berlin Spandau,243977.0,2655.0
2020-06-10,11005,276.0,9.0,267.0,RKI,DE-BE,Berlin Spandau,243977.0,2655.0
2020-06-11,11005,278.0,9.0,269.0,RKI,DE-BE,Berlin Spandau,243977.0,2655.0
2020-06-12,11005,283.0,9.0,274.0,RKI,DE-BE,Berlin Spandau,243977.0,2655.0
2020-06-13,11005,287.0,9.0,278.0,RKI,DE-BE,Berlin Spandau,243977.0,2655.0
2020-06-14,11005,287.0,9.0,278.0,RKI,DE-BE,Berlin Spandau,243977.0,2655.0
2020-06-16,11005,293.0,9.0,284.0,RKI,DE-BE,Berlin Spandau,243977.0,2655.0
2020-06-17,11005,293.0,9.0,284.0,RKI,DE-BE,Berlin Spandau,243977.0,2655.0
2020-06-18,11005,303.0,9.0,294.0,RKI,DE-BE,Berlin Spandau,243977.0,2655.0
2020-06-19,11005,322.0,9.0,313.0,RKI,DE-BE,Berlin Spandau,243977.0,2655.0
2020-06-20,11005,323.0,9.0,314.0,RKI,DE-BE,Berlin Spandau,243977.0,2655.0
2020-06-22,11005,330.0,9.0,321.0,RKI,DE-BE,Berlin Spandau,243977.0,2655.0
2020-06-24,11005,334.0,9.0,325.0,RKI,DE-BE,Berlin Spandau,243977.0,2655.0
2020-06-25,11005,339.0,9.0,330.0,RKI,DE-BE,Berlin Spandau,243977.0,2655.0
2020-06-26,11005,340.0,9.0,331.0,RKI,DE-BE,Berlin Spandau,243977.0,2655.0
2020-06-27,11005,344.0,9.0,335.0,RKI,DE-BE,Berlin Spandau,243977.0,2655.0
2020-06-29,11005,344.0,9.0,335.0,RKI,DE-BE,Berlin Spandau,243977.0,2655.0
2020-06-30,11005,344.0,9.0,335.0,RKI,DE-BE,Berlin Spandau,243977.0,2655.0
2020-07-01,11005,345.0,9.0,336.0,RKI,DE-BE,Berlin Spandau,243977.0,2655.0
2020-07-02,11005,347.0,9.0,338.0,RKI,DE-BE,Berlin Spandau,243977.0,2655.0
2020-07-03,11005,347.0,9.0,338.0,RKI,DE-BE,Berlin Spandau,243977.0,2655.0
2020-07-04,11005,347.0,9.0,338.0,RKI,DE-BE,Berlin Spandau,243977.0,2655.0
2020-07-06,11005,349.0,9.0,339.0,RKI,DE-BE,Berlin Spandau,243977.0,2655.0
2020-07-07,11005,349.0,9.0,339.0,RKI,DE-BE,Berlin Spandau,243977.0,2655.0
2020-07-08,11005,350.0,9.0,339.0,RKI,DE-BE,Berlin Spandau,243977.0,2655.0
2020-07-09,11005,352.0,9.0,340.0,RKI,DE-BE,Berlin Spandau,243977.0,2655.0
2020-07-10,11005,353.0,9.0,340.0,RKI,DE-BE,Berlin Spandau,243977.0,2655.0
2020-03-10,11006,4.0,0.0,4.0,RKI,DE-BE,Berlin Steglitz-Zehlendorf,308697.0,3012.0
2020-03-11,11006,10.0,0.0,10.0,RKI,DE-BE,Berlin Steglitz-Zehlendorf,308697.0,3012.0
2020-03-12,11006,15.0,0.0,15.0,RKI,DE-BE,Berlin Steglitz-Zehlendorf,308697.0,3012.0
2020-03-13,11006,18.0,0.0,18.0,RKI,DE-BE,Berlin Steglitz-Zehlendorf,308697.0,3012.0
2020-03-14,11006,23.0,0.0,23.0,RKI,DE-BE,Berlin Steglitz-Zehlendorf,308697.0,3012.0
2020-03-15,11006,25.0,0.0,25.0,RKI,DE-BE,Berlin Steglitz-Zehlendorf,308697.0,3012.0
2020-03-16,11006,30.0,0.0,30.0,RKI,DE-BE,Berlin Steglitz-Zehlendorf,308697.0,3012.0
2020-03-17,11006,36.0,0.0,36.0,RKI,DE-BE,Berlin Steglitz-Zehlendorf,308697.0,3012.0
2020-03-18,11006,45.0,0.0,45.0,RKI,DE-BE,Berlin Steglitz-Zehlendorf,308697.0,3012.0
2020-03-19,11006,57.0,0.0,57.0,RKI,DE-BE,Berlin Steglitz-Zehlendorf,308697.0,3012.0
2020-03-20,11006,68.0,0.0,68.0,RKI,DE-BE,Berlin Steglitz-Zehlendorf,308697.0,3012.0
2020-03-21,11006,82.0,0.0,82.0,RKI,DE-BE,Berlin Steglitz-Zehlendorf,308697.0,3012.0
2020-03-22,11006,84.0,1.0,83.0,RKI,DE-BE,Berlin Steglitz-Zehlendorf,308697.0,3012.0
2020-03-23,11006,90.0,1.0,89.0,RKI,DE-BE,Berlin Steglitz-Zehlendorf,308697.0,3012.0
2020-03-24,11006,98.0,1.0,97.0,RKI,DE-BE,Berlin Steglitz-Zehlendorf,308697.0,3012.0
2020-03-25,11006,105.0,1.0,104.0,RKI,DE-BE,Berlin Steglitz-Zehlendorf,308697.0,3012.0
2020-03-26,11006,123.0,1.0,122.0,RKI,DE-BE,Berlin Steglitz-Zehlendorf,308697.0,3012.0
2020-03-27,11006,128.0,1.0,127.0,RKI,DE-BE,Berlin Steglitz-Zehlendorf,308697.0,3012.0
2020-03-28,11006,167.0,1.0,166.0,RKI,DE-BE,Berlin Steglitz-Zehlendorf,308697.0,3012.0
2020-03-29,11006,178.0,1.0,177.0,RKI,DE-BE,Berlin Steglitz-Zehlendorf,308697.0,3012.0
2020-03-30,11006,186.0,1.0,185.0,RKI,DE-BE,Berlin Steglitz-Zehlendorf,308697.0,3012.0
2020-03-31,11006,213.0,1.0,212.0,RKI,DE-BE,Berlin Steglitz-Zehlendorf,308697.0,3012.0
2020-04-01,11006,236.0,1.0,235.0,RKI,DE-BE,Berlin Steglitz-Zehlendorf,308697.0,3012.0
2020-04-02,11006,256.0,2.0,254.0,RKI,DE-BE,Berlin Steglitz-Zehlendorf,308697.0,3012.0
2020-04-03,11006,274.0,2.0,272.0,RKI,DE-BE,Berlin Steglitz-Zehlendorf,308697.0,3012.0
2020-04-04,11006,285.0,2.0,283.0,RKI,DE-BE,Berlin Steglitz-Zehlendorf,308697.0,3012.0
2020-04-05,11006,288.0,2.0,286.0,RKI,DE-BE,Berlin Steglitz-Zehlendorf,308697.0,3012.0
2020-04-06,11006,299.0,3.0,296.0,RKI,DE-BE,Berlin Steglitz-Zehlendorf,308697.0,3012.0
2020-04-07,11006,315.0,3.0,312.0,RKI,DE-BE,Berlin Steglitz-Zehlendorf,308697.0,3012.0
2020-04-08,11006,331.0,4.0,327.0,RKI,DE-BE,Berlin Steglitz-Zehlendorf,308697.0,3012.0
2020-04-09,11006,343.0,5.0,338.0,RKI,DE-BE,Berlin Steglitz-Zehlendorf,308697.0,3012.0
2020-04-10,11006,351.0,6.0,345.0,RKI,DE-BE,Berlin Steglitz-Zehlendorf,308697.0,3012.0
2020-04-11,11006,364.0,6.0,358.0,RKI,DE-BE,Berlin Steglitz-Zehlendorf,308697.0,3012.0
2020-04-12,11006,368.0,6.0,362.0,RKI,DE-BE,Berlin Steglitz-Zehlendorf,308697.0,3012.0
2020-04-13,11006,375.0,6.0,369.0,RKI,DE-BE,Berlin Steglitz-Zehlendorf,308697.0,3012.0
2020-04-14,11006,379.0,6.0,373.0,RKI,DE-BE,Berlin Steglitz-Zehlendorf,308697.0,3012.0
2020-04-15,11006,383.0,6.0,377.0,RKI,DE-BE,Berlin Steglitz-Zehlendorf,308697.0,3012.0
2020-04-16,11006,385.0,6.0,379.0,RKI,DE-BE,Berlin Steglitz-Zehlendorf,308697.0,3012.0
2020-04-17,11006,397.0,6.0,391.0,RKI,DE-BE,Berlin Steglitz-Zehlendorf,308697.0,3012.0
2020-04-18,11006,400.0,6.0,394.0,RKI,DE-BE,Berlin Steglitz-Zehlendorf,308697.0,3012.0
2020-04-19,11006,403.0,7.0,396.0,RKI,DE-BE,Berlin Steglitz-Zehlendorf,308697.0,3012.0
2020-04-21,11006,405.0,7.0,398.0,RKI,DE-BE,Berlin Steglitz-Zehlendorf,308697.0,3012.0
2020-04-22,11006,410.0,7.0,403.0,RKI,DE-BE,Berlin Steglitz-Zehlendorf,308697.0,3012.0
2020-04-23,11006,414.0,7.0,407.0,RKI,DE-BE,Berlin Steglitz-Zehlendorf,308697.0,3012.0
2020-04-24,11006,414.0,7.0,407.0,RKI,DE-BE,Berlin Steglitz-Zehlendorf,308697.0,3012.0
2020-04-25,11006,415.0,7.0,408.0,RKI,DE-BE,Berlin Steglitz-Zehlendorf,308697.0,3012.0
2020-04-26,11006,415.0,7.0,408.0,RKI,DE-BE,Berlin Steglitz-Zehlendorf,308697.0,3012.0
2020-04-27,11006,420.0,12.0,408.0,RKI,DE-BE,Berlin Steglitz-Zehlendorf,308697.0,3012.0
2020-04-28,11006,431.0,12.0,419.0,RKI,DE-BE,Berlin Steglitz-Zehlendorf,308697.0,3012.0
2020-04-29,11006,434.0,12.0,422.0,RKI,DE-BE,Berlin Steglitz-Zehlendorf,308697.0,3012.0
2020-04-30,11006,434.0,12.0,422.0,RKI,DE-BE,Berlin Steglitz-Zehlendorf,308697.0,3012.0
2020-05-01,11006,435.0,12.0,423.0,RKI,DE-BE,Berlin Steglitz-Zehlendorf,308697.0,3012.0
2020-05-02,11006,436.0,12.0,424.0,RKI,DE-BE,Berlin Steglitz-Zehlendorf,308697.0,3012.0
2020-05-03,11006,439.0,12.0,427.0,RKI,DE-BE,Berlin Steglitz-Zehlendorf,308697.0,3012.0
2020-05-04,11006,446.0,12.0,434.0,RKI,DE-BE,Berlin Steglitz-Zehlendorf,308697.0,3012.0
2020-05-05,11006,447.0,12.0,435.0,RKI,DE-BE,Berlin Steglitz-Zehlendorf,308697.0,3012.0
2020-05-06,11006,447.0,12.0,435.0,RKI,DE-BE,Berlin Steglitz-Zehlendorf,308697.0,3012.0
2020-05-07,11006,455.0,12.0,443.0,RKI,DE-BE,Berlin Steglitz-Zehlendorf,308697.0,3012.0
2020-05-10,11006,455.0,12.0,443.0,RKI,DE-BE,Berlin Steglitz-Zehlendorf,308697.0,3012.0
2020-05-11,11006,455.0,12.0,443.0,RKI,DE-BE,Berlin Steglitz-Zehlendorf,308697.0,3012.0
2020-05-13,11006,458.0,12.0,446.0,RKI,DE-BE,Berlin Steglitz-Zehlendorf,308697.0,3012.0
2020-05-14,11006,459.0,12.0,447.0,RKI,DE-BE,Berlin Steglitz-Zehlendorf,308697.0,3012.0
2020-05-15,11006,459.0,12.0,447.0,RKI,DE-BE,Berlin Steglitz-Zehlendorf,308697.0,3012.0
2020-05-16,11006,460.0,12.0,448.0,RKI,DE-BE,Berlin Steglitz-Zehlendorf,308697.0,3012.0
2020-05-18,11006,462.0,12.0,450.0,RKI,DE-BE,Berlin Steglitz-Zehlendorf,308697.0,3012.0
2020-05-19,11006,463.0,12.0,451.0,RKI,DE-BE,Berlin Steglitz-Zehlendorf,308697.0,3012.0
2020-05-20,11006,466.0,12.0,454.0,RKI,DE-BE,Berlin Steglitz-Zehlendorf,308697.0,3012.0
2020-05-22,11006,466.0,12.0,454.0,RKI,DE-BE,Berlin Steglitz-Zehlendorf,308697.0,3012.0
2020-05-23,11006,466.0,12.0,454.0,RKI,DE-BE,Berlin Steglitz-Zehlendorf,308697.0,3012.0
2020-05-25,11006,471.0,12.0,459.0,RKI,DE-BE,Berlin Steglitz-Zehlendorf,308697.0,3012.0
2020-05-27,11006,471.0,12.0,459.0,RKI,DE-BE,Berlin Steglitz-Zehlendorf,308697.0,3012.0
2020-05-29,11006,472.0,12.0,460.0,RKI,DE-BE,Berlin Steglitz-Zehlendorf,308697.0,3012.0
2020-05-31,11006,473.0,12.0,461.0,RKI,DE-BE,Berlin Steglitz-Zehlendorf,308697.0,3012.0
2020-06-03,11006,479.0,12.0,467.0,RKI,DE-BE,Berlin Steglitz-Zehlendorf,308697.0,3012.0
2020-06-06,11006,480.0,12.0,468.0,RKI,DE-BE,Berlin Steglitz-Zehlendorf,308697.0,3012.0
2020-06-08,11006,481.0,12.0,469.0,RKI,DE-BE,Berlin Steglitz-Zehlendorf,308697.0,3012.0
2020-06-09,11006,481.0,12.0,469.0,RKI,DE-BE,Berlin Steglitz-Zehlendorf,308697.0,3012.0
2020-06-11,11006,482.0,12.0,470.0,RKI,DE-BE,Berlin Steglitz-Zehlendorf,308697.0,3012.0
2020-06-12,11006,483.0,12.0,471.0,RKI,DE-BE,Berlin Steglitz-Zehlendorf,308697.0,3012.0
2020-06-13,11006,484.0,12.0,472.0,RKI,DE-BE,Berlin Steglitz-Zehlendorf,308697.0,3012.0
2020-06-15,11006,484.0,12.0,472.0,RKI,DE-BE,Berlin Steglitz-Zehlendorf,308697.0,3012.0
2020-06-18,11006,486.0,12.0,474.0,RKI,DE-BE,Berlin Steglitz-Zehlendorf,308697.0,3012.0
2020-06-19,11006,486.0,12.0,474.0,RKI,DE-BE,Berlin Steglitz-Zehlendorf,308697.0,3012.0
2020-06-20,11006,487.0,12.0,475.0,RKI,DE-BE,Berlin Steglitz-Zehlendorf,308697.0,3012.0
2020-06-22,11006,488.0,12.0,476.0,RKI,DE-BE,Berlin Steglitz-Zehlendorf,308697.0,3012.0
2020-06-23,11006,491.0,12.0,479.0,RKI,DE-BE,Berlin Steglitz-Zehlendorf,308697.0,3012.0
2020-06-25,11006,492.0,12.0,480.0,RKI,DE-BE,Berlin Steglitz-Zehlendorf,308697.0,3012.0
2020-06-26,11006,497.0,12.0,484.0,RKI,DE-BE,Berlin Steglitz-Zehlendorf,308697.0,3012.0
2020-06-30,11006,497.0,12.0,484.0,RKI,DE-BE,Berlin Steglitz-Zehlendorf,308697.0,3012.0
2020-07-01,11006,497.0,12.0,484.0,RKI,DE-BE,Berlin Steglitz-Zehlendorf,308697.0,3012.0
2020-07-02,11006,498.0,12.0,485.0,RKI,DE-BE,Berlin Steglitz-Zehlendorf,308697.0,3012.0
2020-07-04,11006,498.0,12.0,485.0,RKI,DE-BE,Berlin Steglitz-Zehlendorf,308697.0,3012.0
2020-07-06,11006,499.0,12.0,486.0,RKI,DE-BE,Berlin Steglitz-Zehlendorf,308697.0,3012.0
2020-07-07,11006,500.0,12.0,487.0,RKI,DE-BE,Berlin Steglitz-Zehlendorf,308697.0,3012.0
2020-07-08,11006,500.0,12.0,487.0,RKI,DE-BE,Berlin Steglitz-Zehlendorf,308697.0,3012.0
2020-07-09,11006,501.0,12.0,487.0,RKI,DE-BE,Berlin Steglitz-Zehlendorf,308697.0,3012.0
2020-07-10,11006,504.0,12.0,488.0,RKI,DE-BE,Berlin Steglitz-Zehlendorf,308697.0,3012.0
2020-07-13,11006,504.0,12.0,488.0,RKI,DE-BE,Berlin Steglitz-Zehlendorf,308697.0,3012.0
2020-07-14,11006,504.0,12.0,488.0,RKI,DE-BE,Berlin Steglitz-Zehlendorf,308697.0,3012.0
2020-07-15,11006,505.0,12.0,488.0,RKI,DE-BE,Berlin Steglitz-Zehlendorf,308697.0,3012.0
2020-07-16,11006,506.0,12.0,488.0,RKI,DE-BE,Berlin Steglitz-Zehlendorf,308697.0,3012.0
2020-03-06,11007,0.0,0.0,0.0,RKI,DE-BE,Berlin Tempelhof-Schöneberg,351644.0,6624.0
2020-03-09,11007,2.0,0.0,2.0,RKI,DE-BE,Berlin Tempelhof-Schöneberg,351644.0,6624.0
2020-03-10,11007,6.0,0.0,6.0,RKI,DE-BE,Berlin Tempelhof-Schöneberg,351644.0,6624.0
2020-03-11,11007,6.0,0.0,6.0,RKI,DE-BE,Berlin Tempelhof-Schöneberg,351644.0,6624.0
2020-03-12,11007,10.0,0.0,10.0,RKI,DE-BE,Berlin Tempelhof-Schöneberg,351644.0,6624.0
2020-03-13,11007,16.0,0.0,16.0,RKI,DE-BE,Berlin Tempelhof-Schöneberg,351644.0,6624.0
2020-03-14,11007,17.0,0.0,17.0,RKI,DE-BE,Berlin Tempelhof-Schöneberg,351644.0,6624.0
2020-03-15,11007,17.0,0.0,17.0,RKI,DE-BE,Berlin Tempelhof-Schöneberg,351644.0,6624.0
2020-03-16,11007,22.0,0.0,22.0,RKI,DE-BE,Berlin Tempelhof-Schöneberg,351644.0,6624.0
2020-03-17,11007,32.0,0.0,32.0,RKI,DE-BE,Berlin Tempelhof-Schöneberg,351644.0,6624.0
2020-03-18,11007,57.0,0.0,57.0,RKI,DE-BE,Berlin Tempelhof-Schöneberg,351644.0,6624.0
2020-03-19,11007,71.0,0.0,71.0,RKI,DE-BE,Berlin Tempelhof-Schöneberg,351644.0,6624.0
2020-03-20,11007,86.0,0.0,86.0,RKI,DE-BE,Berlin Tempelhof-Schöneberg,351644.0,6624.0
2020-03-21,11007,100.0,0.0,100.0,RKI,DE-BE,Berlin Tempelhof-Schöneberg,351644.0,6624.0
2020-03-22,11007,101.0,0.0,101.0,RKI,DE-BE,Berlin Tempelhof-Schöneberg,351644.0,6624.0
2020-03-23,11007,112.0,0.0,112.0,RKI,DE-BE,Berlin Tempelhof-Schöneberg,351644.0,6624.0
2020-03-24,11007,141.0,1.0,140.0,RKI,DE-BE,Berlin Tempelhof-Schöneberg,351644.0,6624.0
2020-03-25,11007,170.0,2.0,168.0,RKI,DE-BE,Berlin Tempelhof-Schöneberg,351644.0,6624.0
2020-03-26,11007,196.0,3.0,193.0,RKI,DE-BE,Berlin Tempelhof-Schöneberg,351644.0,6624.0
2020-03-27,11007,218.0,4.0,214.0,RKI,DE-BE,Berlin Tempelhof-Schöneberg,351644.0,6624.0
2020-03-28,11007,227.0,6.0,221.0,RKI,DE-BE,Berlin Tempelhof-Schöneberg,351644.0,6624.0
2020-03-29,11007,236.0,7.0,229.0,RKI,DE-BE,Berlin Tempelhof-Schöneberg,351644.0,6624.0
2020-03-30,11007,255.0,7.0,248.0,RKI,DE-BE,Berlin Tempelhof-Schöneberg,351644.0,6624.0
2020-03-31,11007,278.0,7.0,271.0,RKI,DE-BE,Berlin Tempelhof-Schöneberg,351644.0,6624.0
2020-04-01,11007,291.0,8.0,283.0,RKI,DE-BE,Berlin Tempelhof-Schöneberg,351644.0,6624.0
2020-04-02,11007,309.0,8.0,301.0,RKI,DE-BE,Berlin Tempelhof-Schöneberg,351644.0,6624.0
2020-04-03,11007,339.0,12.0,327.0,RKI,DE-BE,Berlin Tempelhof-Schöneberg,351644.0,6624.0
2020-04-04,11007,360.0,13.0,347.0,RKI,DE-BE,Berlin Tempelhof-Schöneberg,351644.0,6624.0
2020-04-05,11007,369.0,13.0,356.0,RKI,DE-BE,Berlin Tempelhof-Schöneberg,351644.0,6624.0
2020-04-06,11007,377.0,14.0,363.0,RKI,DE-BE,Berlin Tempelhof-Schöneberg,351644.0,6624.0
2020-04-07,11007,394.0,17.0,377.0,RKI,DE-BE,Berlin Tempelhof-Schöneberg,351644.0,6624.0
2020-04-08,11007,412.0,17.0,395.0,RKI,DE-BE,Berlin Tempelhof-Schöneberg,351644.0,6624.0
2020-04-09,11007,429.0,19.0,410.0,RKI,DE-BE,Berlin Tempelhof-Schöneberg,351644.0,6624.0
2020-04-10,11007,439.0,19.0,420.0,RKI,DE-BE,Berlin Tempelhof-Schöneberg,351644.0,6624.0
2020-04-11,11007,440.0,19.0,421.0,RKI,DE-BE,Berlin Tempelhof-Schöneberg,351644.0,6624.0
2020-04-12,11007,444.0,19.0,425.0,RKI,DE-BE,Berlin Tempelhof-Schöneberg,351644.0,6624.0
2020-04-13,11007,445.0,19.0,426.0,RKI,DE-BE,Berlin Tempelhof-Schöneberg,351644.0,6624.0
2020-04-14,11007,450.0,19.0,431.0,RKI,DE-BE,Berlin Tempelhof-Schöneberg,351644.0,6624.0
2020-04-15,11007,465.0,19.0,446.0,RKI,DE-BE,Berlin Tempelhof-Schöneberg,351644.0,6624.0
2020-04-16,11007,472.0,19.0,453.0,RKI,DE-BE,Berlin Tempelhof-Schöneberg,351644.0,6624.0
2020-04-17,11007,479.0,19.0,460.0,RKI,DE-BE,Berlin Tempelhof-Schöneberg,351644.0,6624.0
2020-04-18,11007,487.0,21.0,466.0,RKI,DE-BE,Berlin Tempelhof-Schöneberg,351644.0,6624.0
2020-04-19,11007,489.0,21.0,468.0,RKI,DE-BE,Berlin Tempelhof-Schöneberg,351644.0,6624.0
2020-04-20,11007,494.0,22.0,472.0,RKI,DE-BE,Berlin Tempelhof-Schöneberg,351644.0,6624.0
2020-04-21,11007,494.0,22.0,472.0,RKI,DE-BE,Berlin Tempelhof-Schöneberg,351644.0,6624.0
2020-04-22,11007,505.0,22.0,483.0,RKI,DE-BE,Berlin Tempelhof-Schöneberg,351644.0,6624.0
2020-04-23,11007,515.0,22.0,493.0,RKI,DE-BE,Berlin Tempelhof-Schöneberg,351644.0,6624.0
2020-04-24,11007,521.0,22.0,499.0,RKI,DE-BE,Berlin Tempelhof-Schöneberg,351644.0,6624.0
2020-04-26,11007,521.0,22.0,499.0,RKI,DE-BE,Berlin Tempelhof-Schöneberg,351644.0,6624.0
2020-04-27,11007,522.0,22.0,500.0,RKI,DE-BE,Berlin Tempelhof-Schöneberg,351644.0,6624.0
2020-04-28,11007,532.0,24.0,508.0,RKI,DE-BE,Berlin Tempelhof-Schöneberg,351644.0,6624.0
2020-04-29,11007,536.0,24.0,512.0,RKI,DE-BE,Berlin Tempelhof-Schöneberg,351644.0,6624.0
2020-04-30,11007,538.0,24.0,514.0,RKI,DE-BE,Berlin Tempelhof-Schöneberg,351644.0,6624.0
2020-05-01,11007,543.0,24.0,519.0,RKI,DE-BE,Berlin Tempelhof-Schöneberg,351644.0,6624.0
2020-05-03,11007,550.0,24.0,526.0,RKI,DE-BE,Berlin Tempelhof-Schöneberg,351644.0,6624.0
2020-05-04,11007,555.0,24.0,531.0,RKI,DE-BE,Berlin Tempelhof-Schöneberg,351644.0,6624.0
2020-05-05,11007,558.0,24.0,534.0,RKI,DE-BE,Berlin Tempelhof-Schöneberg,351644.0,6624.0
2020-05-06,11007,564.0,24.0,540.0,RKI,DE-BE,Berlin Tempelhof-Schöneberg,351644.0,6624.0
2020-05-07,11007,568.0,24.0,544.0,RKI,DE-BE,Berlin Tempelhof-Schöneberg,351644.0,6624.0
2020-05-08,11007,570.0,24.0,546.0,RKI,DE-BE,Berlin Tempelhof-Schöneberg,351644.0,6624.0
2020-05-09,11007,572.0,24.0,548.0,RKI,DE-BE,Berlin Tempelhof-Schöneberg,351644.0,6624.0
2020-05-10,11007,572.0,24.0,548.0,RKI,DE-BE,Berlin Tempelhof-Schöneberg,351644.0,6624.0
2020-05-11,11007,574.0,24.0,550.0,RKI,DE-BE,Berlin Tempelhof-Schöneberg,351644.0,6624.0
2020-05-13,11007,583.0,24.0,559.0,RKI,DE-BE,Berlin Tempelhof-Schöneberg,351644.0,6624.0
2020-05-14,11007,584.0,24.0,560.0,RKI,DE-BE,Berlin Tempelhof-Schöneberg,351644.0,6624.0
2020-05-15,11007,584.0,24.0,560.0,RKI,DE-BE,Berlin Tempelhof-Schöneberg,351644.0,6624.0
2020-05-17,11007,585.0,24.0,561.0,RKI,DE-BE,Berlin Tempelhof-Schöneberg,351644.0,6624.0
2020-05-19,11007,585.0,24.0,561.0,RKI,DE-BE,Berlin Tempelhof-Schöneberg,351644.0,6624.0
2020-05-20,11007,587.0,24.0,563.0,RKI,DE-BE,Berlin Tempelhof-Schöneberg,351644.0,6624.0
2020-05-21,11007,587.0,24.0,563.0,RKI,DE-BE,Berlin Tempelhof-Schöneberg,351644.0,6624.0
2020-05-22,11007,588.0,24.0,564.0,RKI,DE-BE,Berlin Tempelhof-Schöneberg,351644.0,6624.0
2020-05-23,11007,588.0,24.0,564.0,RKI,DE-BE,Berlin Tempelhof-Schöneberg,351644.0,6624.0
2020-05-26,11007,589.0,24.0,565.0,RKI,DE-BE,Berlin Tempelhof-Schöneberg,351644.0,6624.0
2020-05-27,11007,592.0,24.0,568.0,RKI,DE-BE,Berlin Tempelhof-Schöneberg,351644.0,6624.0
2020-05-28,11007,596.0,24.0,572.0,RKI,DE-BE,Berlin Tempelhof-Schöneberg,351644.0,6624.0
2020-05-30,11007,596.0,24.0,572.0,RKI,DE-BE,Berlin Tempelhof-Schöneberg,351644.0,6624.0
2020-06-02,11007,603.0,24.0,579.0,RKI,DE-BE,Berlin Tempelhof-Schöneberg,351644.0,6624.0
2020-06-04,11007,603.0,24.0,579.0,RKI,DE-BE,Berlin Tempelhof-Schöneberg,351644.0,6624.0
2020-06-05,11007,603.0,24.0,579.0,RKI,DE-BE,Berlin Tempelhof-Schöneberg,351644.0,6624.0
2020-06-06,11007,604.0,24.0,580.0,RKI,DE-BE,Berlin Tempelhof-Schöneberg,351644.0,6624.0
2020-06-09,11007,618.0,24.0,594.0,RKI,DE-BE,Berlin Tempelhof-Schöneberg,351644.0,6624.0
2020-06-10,11007,621.0,25.0,596.0,RKI,DE-BE,Berlin Tempelhof-Schöneberg,351644.0,6624.0
2020-06-11,11007,623.0,25.0,598.0,RKI,DE-BE,Berlin Tempelhof-Schöneberg,351644.0,6624.0
2020-06-13,11007,627.0,25.0,602.0,RKI,DE-BE,Berlin Tempelhof-Schöneberg,351644.0,6624.0
2020-06-16,11007,627.0,25.0,602.0,RKI,DE-BE,Berlin Tempelhof-Schöneberg,351644.0,6624.0
2020-06-17,11007,631.0,25.0,606.0,RKI,DE-BE,Berlin Tempelhof-Schöneberg,351644.0,6624.0
2020-06-18,11007,646.0,25.0,621.0,RKI,DE-BE,Berlin Tempelhof-Schöneberg,351644.0,6624.0
2020-06-19,11007,653.0,25.0,628.0,RKI,DE-BE,Berlin Tempelhof-Schöneberg,351644.0,6624.0
2020-06-20,11007,656.0,25.0,631.0,RKI,DE-BE,Berlin Tempelhof-Schöneberg,351644.0,6624.0
2020-06-21,11007,658.0,25.0,633.0,RKI,DE-BE,Berlin Tempelhof-Schöneberg,351644.0,6624.0
2020-06-22,11007,662.0,25.0,637.0,RKI,DE-BE,Berlin Tempelhof-Schöneberg,351644.0,6624.0
2020-06-23,11007,672.0,25.0,646.0,RKI,DE-BE,Berlin Tempelhof-Schöneberg,351644.0,6624.0
2020-06-24,11007,675.0,25.0,649.0,RKI,DE-BE,Berlin Tempelhof-Schöneberg,351644.0,6624.0
2020-06-25,11007,683.0,25.0,656.0,RKI,DE-BE,Berlin Tempelhof-Schöneberg,351644.0,6624.0
2020-06-26,11007,683.0,25.0,656.0,RKI,DE-BE,Berlin Tempelhof-Schöneberg,351644.0,6624.0
2020-06-27,11007,684.0,25.0,657.0,RKI,DE-BE,Berlin Tempelhof-Schöneberg,351644.0,6624.0
2020-06-29,11007,684.0,25.0,657.0,RKI,DE-BE,Berlin Tempelhof-Schöneberg,351644.0,6624.0
2020-06-30,11007,686.0,25.0,658.0,RKI,DE-BE,Berlin Tempelhof-Schöneberg,351644.0,6624.0
2020-07-01,11007,686.0,25.0,658.0,RKI,DE-BE,Berlin Tempelhof-Schöneberg,351644.0,6624.0
2020-07-02,11007,687.0,25.0,658.0,RKI,DE-BE,Berlin Tempelhof-Schöneberg,351644.0,6624.0
2020-07-03,11007,691.0,25.0,662.0,RKI,DE-BE,Berlin Tempelhof-Schöneberg,351644.0,6624.0
2020-07-04,11007,701.0,25.0,668.0,RKI,DE-BE,Berlin Tempelhof-Schöneberg,351644.0,6624.0
2020-07-05,11007,701.0,25.0,668.0,RKI,DE-BE,Berlin Tempelhof-Schöneberg,351644.0,6624.0
2020-07-06,11007,701.0,25.0,668.0,RKI,DE-BE,Berlin Tempelhof-Schöneberg,351644.0,6624.0
2020-07-07,11007,702.0,25.0,668.0,RKI,DE-BE,Berlin Tempelhof-Schöneberg,351644.0,6624.0
2020-07-08,11007,704.0,25.0,669.0,RKI,DE-BE,Berlin Tempelhof-Schöneberg,351644.0,6624.0
2020-07-09,11007,705.0,25.0,669.0,RKI,DE-BE,Berlin Tempelhof-Schöneberg,351644.0,6624.0
2020-07-11,11007,705.0,25.0,669.0,RKI,DE-BE,Berlin Tempelhof-Schöneberg,351644.0,6624.0
2020-07-12,11007,705.0,25.0,669.0,RKI,DE-BE,Berlin Tempelhof-Schöneberg,351644.0,6624.0
2020-07-13,11007,705.0,25.0,669.0,RKI,DE-BE,Berlin Tempelhof-Schöneberg,351644.0,6624.0
2020-07-14,11007,709.0,25.0,669.0,RKI,DE-BE,Berlin Tempelhof-Schöneberg,351644.0,6624.0
2020-07-15,11007,713.0,25.0,669.0,RKI,DE-BE,Berlin Tempelhof-Schöneberg,351644.0,6624.0
2020-07-16,11007,713.0,25.0,669.0,RKI,DE-BE,Berlin Tempelhof-Schöneberg,351644.0,6624.0
2020-03-14,11008,0.0,0.0,0.0,RKI,DE-BE,Berlin Neukölln,329691.0,7338.0
2020-03-24,11008,0.0,0.0,0.0,RKI,DE-BE,Berlin Neukölln,329691.0,7338.0
2020-03-26,11008,0.0,0.0,0.0,RKI,DE-BE,Berlin Neukölln,329691.0,7338.0
2020-03-27,11008,0.0,0.0,0.0,RKI,DE-BE,Berlin Neukölln,329691.0,7338.0
2020-03-28,11008,1.0,0.0,1.0,RKI,DE-BE,Berlin Neukölln,329691.0,7338.0
2020-03-31,11008,1.0,0.0,1.0,RKI,DE-BE,Berlin Neukölln,329691.0,7338.0
2020-04-01,11008,2.0,0.0,2.0,RKI,DE-BE,Berlin Neukölln,329691.0,7338.0
2020-04-02,11008,4.0,0.0,4.0,RKI,DE-BE,Berlin Neukölln,329691.0,7338.0
2020-04-03,11008,4.0,0.0,4.0,RKI,DE-BE,Berlin Neukölln,329691.0,7338.0
2020-04-07,11008,4.0,0.0,4.0,RKI,DE-BE,Berlin Neukölln,329691.0,7338.0
2020-04-09,11008,4.0,0.0,4.0,RKI,DE-BE,Berlin Neukölln,329691.0,7338.0
2020-04-10,11008,4.0,0.0,4.0,RKI,DE-BE,Berlin Neukölln,329691.0,7338.0
2020-04-14,11008,4.0,0.0,4.0,RKI,DE-BE,Berlin Neukölln,329691.0,7338.0
2020-04-15,11008,4.0,0.0,4.0,RKI,DE-BE,Berlin Neukölln,329691.0,7338.0
2020-04-29,11008,4.0,0.0,4.0,RKI,DE-BE,Berlin Neukölln,329691.0,7338.0
2020-04-30,11008,4.0,0.0,4.0,RKI,DE-BE,Berlin Neukölln,329691.0,7338.0
2020-05-12,11008,5.0,0.0,5.0,RKI,DE-BE,Berlin Neukölln,329691.0,7338.0
2020-05-14,11008,5.0,0.0,5.0,RKI,DE-BE,Berlin Neukölln,329691.0,7338.0
2020-05-25,11008,5.0,0.0,5.0,RKI,DE-BE,Berlin Neukölln,329691.0,7338.0
2020-05-28,11008,5.0,0.0,5.0,RKI,DE-BE,Berlin Neukölln,329691.0,7338.0
2020-06-04,11008,7.0,0.0,7.0,RKI,DE-BE,Berlin Neukölln,329691.0,7338.0
2020-06-05,11008,7.0,0.0,7.0,RKI,DE-BE,Berlin Neukölln,329691.0,7338.0
2020-06-07,11008,7.0,0.0,7.0,RKI,DE-BE,Berlin Neukölln,329691.0,7338.0
2020-06-08,11008,7.0,0.0,7.0,RKI,DE-BE,Berlin Neukölln,329691.0,7338.0
2020-06-09,11008,7.0,0.0,7.0,RKI,DE-BE,Berlin Neukölln,329691.0,7338.0
2020-06-10,11008,11.0,0.0,11.0,RKI,DE-BE,Berlin Neukölln,329691.0,7338.0
2020-06-11,11008,11.0,0.0,11.0,RKI,DE-BE,Berlin Neukölln,329691.0,7338.0
2020-06-12,11008,11.0,0.0,11.0,RKI,DE-BE,Berlin Neukölln,329691.0,7338.0
2020-06-13,11008,11.0,0.0,11.0,RKI,DE-BE,Berlin Neukölln,329691.0,7338.0
2020-06-16,11008,16.0,0.0,16.0,RKI,DE-BE,Berlin Neukölln,329691.0,7338.0
2020-06-17,11008,20.0,0.0,20.0,RKI,DE-BE,Berlin Neukölln,329691.0,7338.0
2020-06-18,11008,21.0,0.0,21.0,RKI,DE-BE,Berlin Neukölln,329691.0,7338.0
2020-06-23,11008,21.0,0.0,21.0,RKI,DE-BE,Berlin Neukölln,329691.0,7338.0
2020-06-24,11008,21.0,0.0,21.0,RKI,DE-BE,Berlin Neukölln,329691.0,7338.0
2020-06-25,11008,21.0,0.0,21.0,RKI,DE-BE,Berlin Neukölln,329691.0,7338.0
2020-06-29,11008,21.0,0.0,21.0,RKI,DE-BE,Berlin Neukölln,329691.0,7338.0
2020-06-30,11008,22.0,0.0,22.0,RKI,DE-BE,Berlin Neukölln,329691.0,7338.0
2020-03-17,12051,1.0,0.0,1.0,RKI,DE-BB,Brandenburg an der Havel,72124.0,314.0
2020-03-19,12051,2.0,0.0,2.0,RKI,DE-BB,Brandenburg an der Havel,72124.0,314.0
2020-03-20,12051,2.0,0.0,2.0,RKI,DE-BB,Brandenburg an der Havel,72124.0,314.0
2020-03-22,12051,3.0,0.0,3.0,RKI,DE-BB,Brandenburg an der Havel,72124.0,314.0
2020-03-23,12051,5.0,0.0,5.0,RKI,DE-BB,Brandenburg an der Havel,72124.0,314.0
2020-03-24,12051,5.0,0.0,5.0,RKI,DE-BB,Brandenburg an der Havel,72124.0,314.0
2020-03-26,12051,6.0,0.0,6.0,RKI,DE-BB,Brandenburg an der Havel,72124.0,314.0
2020-03-28,12051,6.0,0.0,6.0,RKI,DE-BB,Brandenburg an der Havel,72124.0,314.0
2020-03-29,12051,6.0,0.0,6.0,RKI,DE-BB,Brandenburg an der Havel,72124.0,314.0
2020-03-30,12051,16.0,0.0,2.0,Tagesspiegel,DE-BB,Brandenburg an der Havel,72124.0,314.0
2020-03-31,12051,17.0,0.0,4.0,Tagesspiegel,DE-BB,Brandenburg an der Havel,72124.0,314.0
2020-04-01,12051,21.0,0.0,5.0,Tagesspiegel,DE-BB,Brandenburg an der Havel,72124.0,314.0
2020-04-02,12051,24.0,0.0,7.0,Tagesspiegel,DE-BB,Brandenburg an der Havel,72124.0,314.0
2020-04-03,12051,27.0,0.0,9.0,Tagesspiegel,DE-BB,Brandenburg an der Havel,72124.0,314.0
2020-04-04,12051,29.0,0.0,9.0,Tagesspiegel,DE-BB,Brandenburg an der Havel,72124.0,314.0
2020-04-05,12051,31.0,0.0,9.0,Tagesspiegel,DE-BB,Brandenburg an der Havel,72124.0,314.0
2020-04-06,12051,33.0,0.0,10.0,Tagesspiegel,DE-BB,Brandenburg an der Havel,72124.0,314.0
2020-04-07,12051,33.0,0.0,10.0,Tagesspiegel,DE-BB,Brandenburg an der Havel,72124.0,314.0
2020-04-09,12051,39.0,0.0,13.0,Tagesspiegel,DE-BB,Brandenburg an der Havel,72124.0,314.0
2020-04-10,12051,41.0,0.0,15.0,Tagesspiegel,DE-BB,Brandenburg an der Havel,72124.0,314.0
2020-04-11,12051,44.0,0.0,15.0,Tagesspiegel,DE-BB,Brandenburg an der Havel,72124.0,314.0
2020-04-13,12051,47.0,0.0,19.0,Tagesspiegel,DE-BB,Brandenburg an der Havel,72124.0,314.0
2020-04-15,12051,46.0,0.0,24.0,Tagesspiegel,DE-BB,Brandenburg an der Havel,72124.0,314.0
2020-04-20,12051,49.0,0.0,31.0,Tagesspiegel,DE-BB,Brandenburg an der Havel,72124.0,314.0
2020-04-21,12051,49.0,0.0,34.0,Tagesspiegel,DE-BB,Brandenburg an der Havel,72124.0,314.0
2020-04-22,12051,51.0,0.0,34.0,Tagesspiegel,DE-BB,Brandenburg an der Havel,72124.0,314.0
2020-04-23,12051,52.0,0.0,34.0,Tagesspiegel,DE-BB,Brandenburg an der Havel,72124.0,314.0
2020-04-24,12051,53.0,0.0,39.0,Tagesspiegel,DE-BB,Brandenburg an der Havel,72124.0,314.0
2020-04-29,12051,55.0,0.0,44.0,Tagesspiegel,DE-BB,Brandenburg an der Havel,72124.0,314.0
2020-04-30,12051,56.0,0.0,45.0,Tagesspiegel,DE-BB,Brandenburg an der Havel,72124.0,314.0
2020-05-02,12051,57.0,0.0,46.0,Tagesspiegel,DE-BB,Brandenburg an der Havel,72124.0,314.0
2020-05-07,12051,59.0,0.0,48.0,Tagesspiegel,DE-BB,Brandenburg an der Havel,72124.0,314.0
2020-05-20,12051,60.0,0.0,59.0,Tagesspiegel,DE-BB,Brandenburg an der Havel,72124.0,314.0
2020-06-10,12051,61.0,1.0,60.0,Tagesspiegel,DE-BB,Brandenburg an der Havel,72124.0,314.0
2020-06-12,12051,62.0,1.0,60.0,Tagesspiegel,DE-BB,Brandenburg an der Havel,72124.0,314.0
2020-06-16,12051,64.0,1.0,60.0,Tagesspiegel,DE-BB,Brandenburg an der Havel,72124.0,314.0
2020-03-12,12052,6.0,0.0,6.0,RKI,DE-BB,Cottbus,100219.0,607.0
2020-03-13,12052,9.0,0.0,9.0,RKI,DE-BB,Cottbus,100219.0,607.0
2020-03-14,12052,9.0,0.0,9.0,RKI,DE-BB,Cottbus,100219.0,607.0
2020-03-16,12052,11.0,0.0,11.0,RKI,DE-BB,Cottbus,100219.0,607.0
2020-03-17,12052,11.0,0.0,11.0,RKI,DE-BB,Cottbus,100219.0,607.0
2020-03-19,12052,13.0,0.0,13.0,RKI,DE-BB,Cottbus,100219.0,607.0
2020-03-22,12052,15.0,0.0,15.0,RKI,DE-BB,Cottbus,100219.0,607.0
2020-03-23,12052,17.0,0.0,17.0,RKI,DE-BB,Cottbus,100219.0,607.0
2020-03-24,12052,17.0,0.0,17.0,RKI,DE-BB,Cottbus,100219.0,607.0
2020-03-26,12052,17.0,0.0,17.0,RKI,DE-BB,Cottbus,100219.0,607.0
2020-03-29,12052,18.0,0.0,18.0,RKI,DE-BB,Cottbus,100219.0,607.0
2020-04-01,12052,31.0,0.0,15.0,Tagesspiegel,DE-BB,Cottbus,100219.0,607.0
2020-04-02,12052,32.0,0.0,15.0,Tagesspiegel,DE-BB,Cottbus,100219.0,607.0
2020-04-09,12052,34.0,0.0,23.0,Tagesspiegel,DE-BB,Cottbus,100219.0,607.0
2020-04-13,12052,39.0,0.0,25.0,Tagesspiegel,DE-BB,Cottbus,100219.0,607.0
2020-03-18,12053,0.0,0.0,0.0,RKI,DE-BB,Frankfurt,57873.0,391.0
2020-03-19,12053,0.0,0.0,0.0,RKI,DE-BB,Frankfurt,57873.0,391.0
2020-03-21,12053,1.0,0.0,1.0,RKI,DE-BB,Frankfurt,57873.0,391.0
2020-03-25,12053,1.0,0.0,1.0,RKI,DE-BB,Frankfurt,57873.0,391.0
2020-04-01,12053,1.0,0.0,1.0,RKI,DE-BB,Frankfurt,57873.0,391.0
2020-04-02,12053,7.0,0.0,0.0,Tagesspiegel,DE-BB,Frankfurt,57873.0,391.0
2020-04-03,12053,10.0,0.0,0.0,Tagesspiegel,DE-BB,Frankfurt,57873.0,391.0
2020-04-04,12053,12.0,0.0,0.0,Tagesspiegel,DE-BB,Frankfurt,57873.0,391.0
2020-04-05,12053,13.0,0.0,0.0,Tagesspiegel,DE-BB,Frankfurt,57873.0,391.0
2020-04-07,12053,14.0,0.0,0.0,Tagesspiegel,DE-BB,Frankfurt,57873.0,391.0
2020-04-17,12053,22.0,0.0,18.0,Tagesspiegel,DE-BB,Frankfurt,57873.0,391.0
2020-04-25,12053,23.0,0.0,21.0,Tagesspiegel,DE-BB,Frankfurt,57873.0,391.0
2020-04-28,12053,25.0,0.0,21.0,Tagesspiegel,DE-BB,Frankfurt,57873.0,391.0
2020-05-01,12053,27.0,0.0,21.0,Tagesspiegel,DE-BB,Frankfurt,57873.0,391.0
2020-05-07,12053,28.0,0.0,24.0,Tagesspiegel,DE-BB,Frankfurt,57873.0,391.0
2020-06-03,12053,29.0,0.0,29.0,Tagesspiegel,DE-BB,Frankfurt,57873.0,391.0
2020-06-18,12053,30.0,0.0,30.0,Tagesspiegel,DE-BB,Frankfurt,57873.0,391.0
2020-06-26,12053,31.0,0.0,30.0,Tagesspiegel,DE-BB,Frankfurt,57873.0,391.0
2020-07-04,12053,32.0,0.0,31.0,Tagesspiegel,DE-BB,Frankfurt,57873.0,391.0
2020-03-18,12054,11.0,0.0,11.0,RKI,DE-BB,Potsdam,178089.0,944.0
2020-03-19,12054,20.0,0.0,20.0,RKI,DE-BB,Potsdam,178089.0,944.0
2020-03-20,12054,28.0,0.0,28.0,RKI,DE-BB,Potsdam,178089.0,944.0
2020-03-23,12054,36.0,0.0,36.0,RKI,DE-BB,Potsdam,178089.0,944.0
2020-03-24,12054,42.0,0.0,42.0,RKI,DE-BB,Potsdam,178089.0,944.0
2020-03-25,12054,51.0,2.0,49.0,RKI,DE-BB,Potsdam,178089.0,944.0
2020-03-26,12054,56.0,2.0,54.0,RKI,DE-BB,Potsdam,178089.0,944.0
2020-03-27,12054,71.0,5.0,66.0,RKI,DE-BB,Potsdam,178089.0,944.0
2020-03-30,12054,103.0,10.0,93.0,RKI,DE-BB,Potsdam,178089.0,944.0
2020-03-31,12054,120.0,11.0,109.0,RKI,DE-BB,Potsdam,178089.0,944.0
2020-04-01,12054,137.0,15.0,122.0,RKI,DE-BB,Potsdam,178089.0,944.0
2020-04-02,12054,157.0,17.0,140.0,RKI,DE-BB,Potsdam,178089.0,944.0
2020-04-03,12054,203.0,8.0,8.0,Tagesspiegel,DE-BB,Potsdam,178089.0,944.0
2020-04-06,12054,264.0,14.0,8.0,Tagesspiegel,DE-BB,Potsdam,178089.0,944.0
2020-04-07,12054,273.0,14.0,8.0,Tagesspiegel,DE-BB,Potsdam,178089.0,944.0
2020-04-08,12054,306.0,17.0,52.0,Tagesspiegel,DE-BB,Potsdam,178089.0,944.0
2020-04-09,12054,362.0,19.0,52.0,Tagesspiegel,DE-BB,Potsdam,178089.0,944.0
2020-04-10,12054,400.0,22.0,53.0,Tagesspiegel,DE-BB,Potsdam,178089.0,944.0
2020-04-11,12054,422.0,24.0,55.0,Tagesspiegel,DE-BB,Potsdam,178089.0,944.0
2020-04-12,12054,438.0,25.0,55.0,Tagesspiegel,DE-BB,Potsdam,178089.0,944.0
2020-04-14,12054,454.0,28.0,55.0,Tagesspiegel,DE-BB,Potsdam,178089.0,944.0
2020-04-15,12054,464.0,28.0,55.0,Tagesspiegel,DE-BB,Potsdam,178089.0,944.0
2020-04-16,12054,480.0,28.0,55.0,Tagesspiegel,DE-BB,Potsdam,178089.0,944.0
2020-04-17,12054,499.0,31.0,55.0,Tagesspiegel,DE-BB,Potsdam,178089.0,944.0
2020-04-20,12054,530.0,35.0,103.0,Tagesspiegel,DE-BB,Potsdam,178089.0,944.0
2020-04-21,12054,535.0,36.0,119.0,Tagesspiegel,DE-BB,Potsdam,178089.0,944.0
2020-04-22,12054,533.0,37.0,129.0,Tagesspiegel,DE-BB,Potsdam,178089.0,944.0
2020-04-23,12054,541.0,39.0,147.0,Tagesspiegel,DE-BB,Potsdam,178089.0,944.0
2020-04-24,12054,549.0,41.0,165.0,Tagesspiegel,DE-BB,Potsdam,178089.0,944.0
2020-04-26,12054,571.0,42.0,167.0,Tagesspiegel,DE-BB,Potsdam,178089.0,944.0
2020-04-27,12054,571.0,44.0,187.0,Tagesspiegel,DE-BB,Potsdam,178089.0,944.0
2020-04-28,12054,582.0,44.0,189.0,Tagesspiegel,DE-BB,Potsdam,178089.0,944.0
2020-04-29,12054,586.0,45.0,193.0,Tagesspiegel,DE-BB,Potsdam,178089.0,944.0
2020-04-30,12054,589.0,45.0,208.0,Tagesspiegel,DE-BB,Potsdam,178089.0,944.0
2020-05-01,12054,594.0,45.0,210.0,Tagesspiegel,DE-BB,Potsdam,178089.0,944.0
2020-05-02,12054,597.0,46.0,230.0,Tagesspiegel,DE-BB,Potsdam,178089.0,944.0
2020-05-04,12054,601.0,46.0,242.0,Tagesspiegel,DE-BB,Potsdam,178089.0,944.0
2020-05-05,12054,602.0,46.0,242.0,Tagesspiegel,DE-BB,Potsdam,178089.0,944.0
2020-05-06,12054,607.0,46.0,286.0,Tagesspiegel,DE-BB,Potsdam,178089.0,944.0
2020-05-07,12054,613.0,47.0,303.0,Tagesspiegel,DE-BB,Potsdam,178089.0,944.0
2020-05-08,12054,619.0,47.0,307.0,Tagesspiegel,DE-BB,Potsdam,178089.0,944.0
2020-05-11,12054,624.0,48.0,314.0,Tagesspiegel,DE-BB,Potsdam,178089.0,944.0
2020-05-18,12054,627.0,50.0,448.0,Tagesspiegel,DE-BB,Potsdam,178089.0,944.0
2020-05-20,12054,628.0,50.0,451.0,Tagesspiegel,DE-BB,Potsdam,178089.0,944.0
2020-05-22,12054,631.0,50.0,463.0,Tagesspiegel,DE-BB,Potsdam,178089.0,944.0
2020-05-30,12054,632.0,50.0,484.0,Tagesspiegel,DE-BB,Potsdam,178089.0,944.0
2020-06-02,12054,632.0,50.0,486.0,Tagesspiegel,DE-BB,Potsdam,178089.0,944.0
2020-06-03,12054,635.0,50.0,486.0,Tagesspiegel,DE-BB,Potsdam,178089.0,944.0
2020-06-08,12054,637.0,50.0,490.0,Tagesspiegel,DE-BB,Potsdam,178089.0,944.0
2020-06-17,12054,639.0,50.0,568.0,Tagesspiegel,DE-BB,Potsdam,178089.0,944.0
2020-06-19,12054,640.0,50.0,568.0,Tagesspiegel,DE-BB,Potsdam,178089.0,944.0
2020-06-22,12054,642.0,50.0,570.0,Tagesspiegel,DE-BB,Potsdam,178089.0,944.0
2020-06-24,12054,645.0,50.0,505.0,Tagesspiegel,DE-BB,Potsdam,178089.0,944.0
2020-06-29,12054,646.0,50.0,508.0,Tagesspiegel,DE-BB,Potsdam,178089.0,944.0
2020-06-30,12054,647.0,50.0,509.0,Tagesspiegel,DE-BB,Potsdam,178089.0,944.0
2020-07-07,12054,650.0,50.0,586.0,Tagesspiegel,DE-BB,Potsdam,178089.0,944.0
2020-07-09,12054,652.0,50.0,586.0,Tagesspiegel,DE-BB,Potsdam,178089.0,944.0
2020-07-14,12054,653.0,50.0,586.0,Tagesspiegel,DE-BB,Potsdam,178089.0,944.0
2020-03-11,12060,2.0,0.0,2.0,RKI,DE-BB,Barnim,182760.0,124.0
2020-03-12,12060,4.0,0.0,4.0,RKI,DE-BB,Barnim,182760.0,124.0
2020-03-13,12060,5.0,0.0,5.0,RKI,DE-BB,Barnim,182760.0,124.0
2020-03-15,12060,8.0,0.0,8.0,RKI,DE-BB,Barnim,182760.0,124.0
2020-03-16,12060,10.0,0.0,10.0,RKI,DE-BB,Barnim,182760.0,124.0
2020-03-17,12060,14.0,0.0,14.0,RKI,DE-BB,Barnim,182760.0,124.0
2020-03-18,12060,15.0,0.0,15.0,RKI,DE-BB,Barnim,182760.0,124.0
2020-03-19,12060,21.0,0.0,21.0,RKI,DE-BB,Barnim,182760.0,124.0
2020-03-20,12060,27.0,0.0,27.0,RKI,DE-BB,Barnim,182760.0,124.0
2020-03-21,12060,27.0,0.0,27.0,RKI,DE-BB,Barnim,182760.0,124.0
2020-03-22,12060,31.0,0.0,31.0,RKI,DE-BB,Barnim,182760.0,124.0
2020-03-23,12060,34.0,0.0,34.0,RKI,DE-BB,Barnim,182760.0,124.0
2020-03-24,12060,40.0,0.0,40.0,RKI,DE-BB,Barnim,182760.0,124.0
2020-03-25,12060,45.0,0.0,45.0,RKI,DE-BB,Barnim,182760.0,124.0
2020-03-26,12060,48.0,0.0,48.0,RKI,DE-BB,Barnim,182760.0,124.0
2020-03-27,12060,50.0,0.0,50.0,RKI,DE-BB,Barnim,182760.0,124.0
2020-03-29,12060,54.0,0.0,54.0,RKI,DE-BB,Barnim,182760.0,124.0
2020-03-30,12060,68.0,0.0,3.0,Tagesspiegel,DE-BB,Barnim,182760.0,124.0
2020-03-31,12060,73.0,0.0,15.0,Tagesspiegel,DE-BB,Barnim,182760.0,124.0
2020-04-01,12060,74.0,0.0,16.0,Tagesspiegel,DE-BB,Barnim,182760.0,124.0
2020-04-02,12060,81.0,0.0,16.0,Tagesspiegel,DE-BB,Barnim,182760.0,124.0
2020-04-03,12060,87.0,0.0,20.0,Tagesspiegel,DE-BB,Barnim,182760.0,124.0
2020-04-04,12060,94.0,2.0,20.0,Tagesspiegel,DE-BB,Barnim,182760.0,124.0
2020-04-05,12060,102.0,2.0,20.0,Tagesspiegel,DE-BB,Barnim,182760.0,124.0
2020-04-06,12060,109.0,2.0,27.0,Tagesspiegel,DE-BB,Barnim,182760.0,124.0
2020-04-07,12060,120.0,2.0,32.0,Tagesspiegel,DE-BB,Barnim,182760.0,124.0
2020-04-08,12060,123.0,2.0,35.0,Tagesspiegel,DE-BB,Barnim,182760.0,124.0
2020-04-09,12060,126.0,3.0,35.0,Tagesspiegel,DE-BB,Barnim,182760.0,124.0
2020-04-10,12060,179.0,3.0,35.0,Tagesspiegel,DE-BB,Barnim,182760.0,124.0
2020-04-11,12060,192.0,3.0,39.0,Tagesspiegel,DE-BB,Barnim,182760.0,124.0
2020-04-12,12060,203.0,3.0,39.0,Tagesspiegel,DE-BB,Barnim,182760.0,124.0
2020-04-13,12060,206.0,4.0,39.0,Tagesspiegel,DE-BB,Barnim,182760.0,124.0
2020-04-14,12060,230.0,6.0,49.0,Tagesspiegel,DE-BB,Barnim,182760.0,124.0
2020-04-15,12060,232.0,7.0,49.0,Tagesspiegel,DE-BB,Barnim,182760.0,124.0
2020-04-16,12060,237.0,7.0,49.0,Tagesspiegel,DE-BB,Barnim,182760.0,124.0
2020-04-17,12060,251.0,8.0,64.0,Tagesspiegel,DE-BB,Barnim,182760.0,124.0
2020-04-18,12060,259.0,10.0,64.0,Tagesspiegel,DE-BB,Barnim,182760.0,124.0
2020-04-19,12060,271.0,11.0,66.0,Tagesspiegel,DE-BB,Barnim,182760.0,124.0
2020-04-20,12060,291.0,11.0,79.0,Tagesspiegel,DE-BB,Barnim,182760.0,124.0
2020-04-21,12060,300.0,11.0,84.0,Tagesspiegel,DE-BB,Barnim,182760.0,124.0
2020-04-22,12060,302.0,18.0,89.0,Tagesspiegel,DE-BB,Barnim,182760.0,124.0
2020-04-23,12060,325.0,18.0,93.0,Tagesspiegel,DE-BB,Barnim,182760.0,124.0
2020-04-24,12060,337.0,19.0,96.0,Tagesspiegel,DE-BB,Barnim,182760.0,124.0
2020-04-25,12060,337.0,19.0,103.0,Tagesspiegel,DE-BB,Barnim,182760.0,124.0
2020-04-26,12060,349.0,19.0,104.0,Tagesspiegel,DE-BB,Barnim,182760.0,124.0
2020-04-27,12060,354.0,19.0,105.0,Tagesspiegel,DE-BB,Barnim,182760.0,124.0
2020-04-28,12060,358.0,21.0,117.0,Tagesspiegel,DE-BB,Barnim,182760.0,124.0
2020-04-29,12060,361.0,21.0,119.0,Tagesspiegel,DE-BB,Barnim,182760.0,124.0
2020-04-30,12060,369.0,25.0,121.0,Tagesspiegel,DE-BB,Barnim,182760.0,124.0
2020-05-01,12060,371.0,25.0,124.0,Tagesspiegel,DE-BB,Barnim,182760.0,124.0
2020-05-02,12060,375.0,25.0,136.0,Tagesspiegel,DE-BB,Barnim,182760.0,124.0
2020-05-03,12060,384.0,25.0,146.0,Tagesspiegel,DE-BB,Barnim,182760.0,124.0
2020-05-05,12060,386.0,25.0,147.0,Tagesspiegel,DE-BB,Barnim,182760.0,124.0
2020-05-06,12060,387.0,25.0,209.0,Tagesspiegel,DE-BB,Barnim,182760.0,124.0
2020-05-07,12060,389.0,25.0,218.0,Tagesspiegel,DE-BB,Barnim,182760.0,124.0
2020-05-08,12060,395.0,25.0,235.0,Tagesspiegel,DE-BB,Barnim,182760.0,124.0
2020-05-09,12060,398.0,26.0,250.0,Tagesspiegel,DE-BB,Barnim,182760.0,124.0
2020-05-10,12060,399.0,26.0,257.0,Tagesspiegel,DE-BB,Barnim,182760.0,124.0
2020-05-12,12060,405.0,28.0,262.0,Tagesspiegel,DE-BB,Barnim,182760.0,124.0
2020-05-13,12060,401.0,29.0,277.0,Tagesspiegel,DE-BB,Barnim,182760.0,124.0
2020-05-14,12060,402.0,29.0,277.0,Tagesspiegel,DE-BB,Barnim,182760.0,124.0
2020-05-22,12060,406.0,29.0,342.0,Tagesspiegel,DE-BB,Barnim,182760.0,124.0
2020-05-28,12060,407.0,29.0,359.0,Tagesspiegel,DE-BB,Barnim,182760.0,124.0
2020-05-30,12060,408.0,29.0,371.0,Tagesspiegel,DE-BB,Barnim,182760.0,124.0
2020-06-02,12060,409.0,29.0,372.0,Tagesspiegel,DE-BB,Barnim,182760.0,124.0
2020-06-04,12060,409.0,29.0,372.0,Tagesspiegel,DE-BB,Barnim,182760.0,124.0
2020-06-05,12060,409.0,29.0,372.0,Tagesspiegel,DE-BB,Barnim,182760.0,124.0
2020-06-11,12060,411.0,29.0,374.0,Tagesspiegel,DE-BB,Barnim,182760.0,124.0
2020-06-12,12060,411.0,29.0,374.0,Tagesspiegel,DE-BB,Barnim,182760.0,124.0
2020-06-15,12060,416.0,29.0,380.0,Tagesspiegel,DE-BB,Barnim,182760.0,124.0
2020-06-16,12060,418.0,29.0,380.0,Tagesspiegel,DE-BB,Barnim,182760.0,124.0
2020-06-19,12060,421.0,29.0,380.0,Tagesspiegel,DE-BB,Barnim,182760.0,124.0
2020-06-20,12060,422.0,29.0,380.0,Tagesspiegel,DE-BB,Barnim,182760.0,124.0
2020-06-22,12060,427.0,29.0,380.0,Tagesspiegel,DE-BB,Barnim,182760.0,124.0
2020-06-23,12060,427.0,29.0,380.0,Tagesspiegel,DE-BB,Barnim,182760.0,124.0
2020-06-24,12060,429.0,29.0,381.0,Tagesspiegel,DE-BB,Barnim,182760.0,124.0
2020-07-03,12060,431.0,29.0,395.0,Tagesspiegel,DE-BB,Barnim,182760.0,124.0
2020-07-10,12060,432.0,29.0,400.0,Tagesspiegel,DE-BB,Barnim,182760.0,124.0
2020-07-13,12060,433.0,29.0,400.0,Tagesspiegel,DE-BB,Barnim,182760.0,124.0
2020-07-16,12060,434.0,29.0,401.0,Tagesspiegel,DE-BB,Barnim,182760.0,124.0
2020-03-14,12061,1.0,0.0,1.0,RKI,DE-BB,Dahme-Spreewald,169067.0,74.0
2020-03-15,12061,2.0,0.0,2.0,RKI,DE-BB,Dahme-Spreewald,169067.0,74.0
2020-03-16,12061,5.0,0.0,5.0,RKI,DE-BB,Dahme-Spreewald,169067.0,74.0
2020-03-17,12061,9.0,0.0,9.0,RKI,DE-BB,Dahme-Spreewald,169067.0,74.0
2020-03-19,12061,12.0,0.0,12.0,RKI,DE-BB,Dahme-Spreewald,169067.0,74.0
2020-03-20,12061,17.0,0.0,17.0,RKI,DE-BB,Dahme-Spreewald,169067.0,74.0
2020-03-21,12061,18.0,0.0,18.0,RKI,DE-BB,Dahme-Spreewald,169067.0,74.0
2020-03-23,12061,21.0,0.0,21.0,RKI,DE-BB,Dahme-Spreewald,169067.0,74.0
2020-03-24,12061,23.0,0.0,23.0,RKI,DE-BB,Dahme-Spreewald,169067.0,74.0
2020-03-25,12061,33.0,0.0,33.0,RKI,DE-BB,Dahme-Spreewald,169067.0,74.0
2020-03-26,12061,36.0,0.0,36.0,RKI,DE-BB,Dahme-Spreewald,169067.0,74.0
2020-03-27,12061,45.0,0.0,45.0,RKI,DE-BB,Dahme-Spreewald,169067.0,74.0
2020-03-28,12061,49.0,0.0,49.0,RKI,DE-BB,Dahme-Spreewald,169067.0,74.0
2020-03-29,12061,55.0,0.0,55.0,RKI,DE-BB,Dahme-Spreewald,169067.0,74.0
2020-03-30,12061,70.0,0.0,2.0,Tagesspiegel,DE-BB,Dahme-Spreewald,169067.0,74.0
2020-03-31,12061,70.0,0.0,7.0,Tagesspiegel,DE-BB,Dahme-Spreewald,169067.0,74.0
2020-04-01,12061,81.0,1.0,8.0,Tagesspiegel,DE-BB,Dahme-Spreewald,169067.0,74.0
2020-04-02,12061,99.0,1.0,13.0,Tagesspiegel,DE-BB,Dahme-Spreewald,169067.0,74.0
2020-04-03,12061,102.0,1.0,14.0,Tagesspiegel,DE-BB,Dahme-Spreewald,169067.0,74.0
2020-04-04,12061,113.0,2.0,14.0,Tagesspiegel,DE-BB,Dahme-Spreewald,169067.0,74.0
2020-04-05,12061,115.0,2.0,14.0,Tagesspiegel,DE-BB,Dahme-Spreewald,169067.0,74.0
2020-04-06,12061,117.0,2.0,14.0,Tagesspiegel,DE-BB,Dahme-Spreewald,169067.0,74.0
2020-04-07,12061,122.0,3.0,20.0,Tagesspiegel,DE-BB,Dahme-Spreewald,169067.0,74.0
2020-04-08,12061,124.0,3.0,30.0,Tagesspiegel,DE-BB,Dahme-Spreewald,169067.0,74.0
2020-04-09,12061,128.0,3.0,35.0,Tagesspiegel,DE-BB,Dahme-Spreewald,169067.0,74.0
2020-04-10,12061,137.0,3.0,37.0,Tagesspiegel,DE-BB,Dahme-Spreewald,169067.0,74.0
2020-04-11,12061,139.0,3.0,39.0,Tagesspiegel,DE-BB,Dahme-Spreewald,169067.0,74.0
2020-04-13,12061,143.0,4.0,43.0,Tagesspiegel,DE-BB,Dahme-Spreewald,169067.0,74.0
2020-04-14,12061,145.0,4.0,43.0,Tagesspiegel,DE-BB,Dahme-Spreewald,169067.0,74.0
2020-04-15,12061,145.0,4.0,57.0,Tagesspiegel,DE-BB,Dahme-Spreewald,169067.0,74.0
2020-04-16,12061,149.0,4.0,60.0,Tagesspiegel,DE-BB,Dahme-Spreewald,169067.0,74.0
2020-04-17,12061,150.0,4.0,68.0,Tagesspiegel,DE-BB,Dahme-Spreewald,169067.0,74.0
2020-04-18,12061,156.0,4.0,74.0,Tagesspiegel,DE-BB,Dahme-Spreewald,169067.0,74.0
2020-04-19,12061,159.0,4.0,74.0,Tagesspiegel,DE-BB,Dahme-Spreewald,169067.0,74.0
2020-04-21,12061,161.0,4.0,78.0,Tagesspiegel,DE-BB,Dahme-Spreewald,169067.0,74.0
2020-04-22,12061,161.0,4.0,83.0,Tagesspiegel,DE-BB,Dahme-Spreewald,169067.0,74.0
2020-04-23,12061,162.0,4.0,92.0,Tagesspiegel,DE-BB,Dahme-Spreewald,169067.0,74.0
2020-04-24,12061,163.0,4.0,101.0,Tagesspiegel,DE-BB,Dahme-Spreewald,169067.0,74.0
2020-04-25,12061,166.0,6.0,103.0,Tagesspiegel,DE-BB,Dahme-Spreewald,169067.0,74.0
2020-04-26,12061,174.0,6.0,103.0,Tagesspiegel,DE-BB,Dahme-Spreewald,169067.0,74.0
2020-04-27,12061,181.0,6.0,106.0,Tagesspiegel,DE-BB,Dahme-Spreewald,169067.0,74.0
2020-04-28,12061,185.0,6.0,107.0,Tagesspiegel,DE-BB,Dahme-Spreewald,169067.0,74.0
2020-04-29,12061,186.0,6.0,113.0,Tagesspiegel,DE-BB,Dahme-Spreewald,169067.0,74.0
2020-04-30,12061,201.0,7.0,129.0,Tagesspiegel,DE-BB,Dahme-Spreewald,169067.0,74.0
2020-05-01,12061,204.0,7.0,129.0,Tagesspiegel,DE-BB,Dahme-Spreewald,169067.0,74.0
2020-05-05,12061,212.0,7.0,129.0,Tagesspiegel,DE-BB,Dahme-Spreewald,169067.0,74.0
2020-05-06,12061,212.0,7.0,132.0,Tagesspiegel,DE-BB,Dahme-Spreewald,169067.0,74.0
2020-05-07,12061,237.0,8.0,133.0,Tagesspiegel,DE-BB,Dahme-Spreewald,169067.0,74.0
2020-05-11,12061,239.0,8.0,141.0,Tagesspiegel,DE-BB,Dahme-Spreewald,169067.0,74.0
2020-05-18,12061,240.0,8.0,172.0,Tagesspiegel,DE-BB,Dahme-Spreewald,169067.0,74.0
2020-05-21,12061,242.0,8.0,227.0,Tagesspiegel,DE-BB,Dahme-Spreewald,169067.0,74.0
2020-05-23,12061,243.0,8.0,230.0,Tagesspiegel,DE-BB,Dahme-Spreewald,169067.0,74.0
2020-05-25,12061,243.0,8.0,230.0,Tagesspiegel,DE-BB,Dahme-Spreewald,169067.0,74.0
2020-05-27,12061,244.0,8.0,232.0,Tagesspiegel,DE-BB,Dahme-Spreewald,169067.0,74.0
2020-05-29,12061,246.0,8.0,232.0,Tagesspiegel,DE-BB,Dahme-Spreewald,169067.0,74.0
2020-05-30,12061,247.0,8.0,232.0,Tagesspiegel,DE-BB,Dahme-Spreewald,169067.0,74.0
2020-05-31,12061,250.0,8.0,232.0,Tagesspiegel,DE-BB,Dahme-Spreewald,169067.0,74.0
2020-06-03,12061,251.0,8.0,233.0,Tagesspiegel,DE-BB,Dahme-Spreewald,169067.0,74.0
2020-06-04,12061,251.0,8.0,233.0,Tagesspiegel,DE-BB,Dahme-Spreewald,169067.0,74.0
2020-06-15,12061,253.0,8.0,240.0,Tagesspiegel,DE-BB,Dahme-Spreewald,169067.0,74.0
2020-06-16,12061,253.0,8.0,240.0,Tagesspiegel,DE-BB,Dahme-Spreewald,169067.0,74.0
2020-06-22,12061,255.0,8.0,244.0,Tagesspiegel,DE-BB,Dahme-Spreewald,169067.0,74.0
2020-06-24,12061,256.0,8.0,245.0,Tagesspiegel,DE-BB,Dahme-Spreewald,169067.0,74.0
2020-06-25,12061,256.0,8.0,245.0,Tagesspiegel,DE-BB,Dahme-Spreewald,169067.0,74.0
2020-06-28,12061,258.0,8.0,245.0,Tagesspiegel,DE-BB,Dahme-Spreewald,169067.0,74.0
2020-06-29,12061,259.0,8.0,246.0,Tagesspiegel,DE-BB,Dahme-Spreewald,169067.0,74.0
2020-07-01,12061,259.0,8.0,245.0,Tagesspiegel,DE-BB,Dahme-Spreewald,169067.0,74.0
2020-07-02,12061,259.0,8.0,245.0,Tagesspiegel,DE-BB,Dahme-Spreewald,169067.0,74.0
2020-07-03,12061,261.0,8.0,246.0,Tagesspiegel,DE-BB,Dahme-Spreewald,169067.0,74.0
2020-07-04,12061,263.0,8.0,246.0,Tagesspiegel,DE-BB,Dahme-Spreewald,169067.0,74.0
2020-07-12,12061,267.0,8.0,248.0,Tagesspiegel,DE-BB,Dahme-Spreewald,169067.0,74.0
2020-07-15,12061,268.0,8.0,250.0,Tagesspiegel,DE-BB,Dahme-Spreewald,169067.0,74.0
2020-03-10,12062,1.0,0.0,1.0,RKI,DE-BB,Elbe-Elster,102638.0,54.0
2020-03-12,12062,2.0,0.0,2.0,RKI,DE-BB,Elbe-Elster,102638.0,54.0
2020-03-17,12062,3.0,0.0,3.0,RKI,DE-BB,Elbe-Elster,102638.0,54.0
2020-03-18,12062,3.0,0.0,3.0,RKI,DE-BB,Elbe-Elster,102638.0,54.0
2020-03-20,12062,3.0,0.0,3.0,RKI,DE-BB,Elbe-Elster,102638.0,54.0
2020-03-22,12062,5.0,0.0,5.0,RKI,DE-BB,Elbe-Elster,102638.0,54.0
2020-03-24,12062,8.0,0.0,8.0,RKI,DE-BB,Elbe-Elster,102638.0,54.0
2020-03-25,12062,8.0,0.0,8.0,RKI,DE-BB,Elbe-Elster,102638.0,54.0
2020-03-26,12062,12.0,0.0,12.0,RKI,DE-BB,Elbe-Elster,102638.0,54.0
2020-03-27,12062,17.0,1.0,16.0,RKI,DE-BB,Elbe-Elster,102638.0,54.0
2020-03-28,12062,19.0,1.0,18.0,RKI,DE-BB,Elbe-Elster,102638.0,54.0
2020-03-29,12062,20.0,1.0,19.0,RKI,DE-BB,Elbe-Elster,102638.0,54.0
2020-03-30,12062,27.0,0.0,2.0,Tagesspiegel,DE-BB,Elbe-Elster,102638.0,54.0
2020-03-31,12062,33.0,1.0,3.0,Tagesspiegel,DE-BB,Elbe-Elster,102638.0,54.0
2020-04-01,12062,38.0,1.0,4.0,Tagesspiegel,DE-BB,Elbe-Elster,102638.0,54.0
2020-04-02,12062,39.0,1.0,6.0,Tagesspiegel,DE-BB,Elbe-Elster,102638.0,54.0
2020-04-03,12062,44.0,1.0,6.0,Tagesspiegel,DE-BB,Elbe-Elster,102638.0,54.0
2020-04-04,12062,53.0,1.0,6.0,Tagesspiegel,DE-BB,Elbe-Elster,102638.0,54.0
2020-04-06,12062,53.0,1.0,6.0,Tagesspiegel,DE-BB,Elbe-Elster,102638.0,54.0
2020-04-07,12062,61.0,1.0,8.0,Tagesspiegel,DE-BB,Elbe-Elster,102638.0,54.0
2020-04-09,12062,66.0,1.0,10.0,Tagesspiegel,DE-BB,Elbe-Elster,102638.0,54.0
2020-04-10,12062,67.0,1.0,18.0,Tagesspiegel,DE-BB,Elbe-Elster,102638.0,54.0
2020-04-11,12062,68.0,1.0,18.0,Tagesspiegel,DE-BB,Elbe-Elster,102638.0,54.0
2020-04-12,12062,68.0,1.0,18.0,Tagesspiegel,DE-BB,Elbe-Elster,102638.0,54.0
2020-04-16,12062,69.0,2.0,30.0,Tagesspiegel,DE-BB,Elbe-Elster,102638.0,54.0
2020-04-21,12062,72.0,2.0,55.0,Tagesspiegel,DE-BB,Elbe-Elster,102638.0,54.0
2020-05-06,12062,73.0,3.0,68.0,Tagesspiegel,DE-BB,Elbe-Elster,102638.0,54.0
2020-05-07,12062,73.0,3.0,68.0,Tagesspiegel,DE-BB,Elbe-Elster,102638.0,54.0
2020-05-13,12062,75.0,3.0,68.0,Tagesspiegel,DE-BB,Elbe-Elster,102638.0,54.0
2020-05-26,12062,76.0,3.0,71.0,Tagesspiegel,DE-BB,Elbe-Elster,102638.0,54.0
2020-06-08,12062,77.0,3.0,72.0,Tagesspiegel,DE-BB,Elbe-Elster,102638.0,54.0
2020-06-11,12062,78.0,3.0,72.0,Tagesspiegel,DE-BB,Elbe-Elster,102638.0,54.0
2020-06-15,12062,78.0,3.0,72.0,Tagesspiegel,DE-BB,Elbe-Elster,102638.0,54.0
2020-06-26,12062,80.0,3.0,75.0,Tagesspiegel,DE-BB,Elbe-Elster,102638.0,54.0
2020-07-03,12062,81.0,3.0,76.0,Tagesspiegel,DE-BB,Elbe-Elster,102638.0,54.0
2020-03-08,12063,2.0,0.0,2.0,RKI,DE-BB,Havelland,161909.0,94.0
2020-03-09,12063,2.0,0.0,2.0,RKI,DE-BB,Havelland,161909.0,94.0
2020-03-12,12063,2.0,0.0,2.0,RKI,DE-BB,Havelland,161909.0,94.0
2020-03-13,12063,3.0,0.0,3.0,RKI,DE-BB,Havelland,161909.0,94.0
2020-03-16,12063,3.0,0.0,3.0,RKI,DE-BB,Havelland,161909.0,94.0
2020-03-17,12063,3.0,0.0,3.0,RKI,DE-BB,Havelland,161909.0,94.0
2020-03-20,12063,9.0,0.0,9.0,RKI,DE-BB,Havelland,161909.0,94.0
2020-03-21,12063,12.0,0.0,12.0,RKI,DE-BB,Havelland,161909.0,94.0
2020-03-23,12063,13.0,0.0,13.0,RKI,DE-BB,Havelland,161909.0,94.0
2020-03-24,12063,16.0,0.0,16.0,RKI,DE-BB,Havelland,161909.0,94.0
2020-03-25,12063,23.0,1.0,22.0,RKI,DE-BB,Havelland,161909.0,94.0
2020-03-26,12063,28.0,1.0,27.0,RKI,DE-BB,Havelland,161909.0,94.0
2020-03-27,12063,33.0,1.0,32.0,RKI,DE-BB,Havelland,161909.0,94.0
2020-03-28,12063,37.0,1.0,36.0,RKI,DE-BB,Havelland,161909.0,94.0
2020-03-29,12063,38.0,1.0,37.0,RKI,DE-BB,Havelland,161909.0,94.0
2020-03-30,12063,40.0,3.0,37.0,RKI,DE-BB,Havelland,161909.0,94.0
2020-03-31,12063,54.0,3.0,51.0,RKI,DE-BB,Havelland,161909.0,94.0
2020-04-01,12063,59.0,4.0,55.0,RKI,DE-BB,Havelland,161909.0,94.0
2020-04-02,12063,70.0,4.0,66.0,RKI,DE-BB,Havelland,161909.0,94.0
2020-04-03,12063,75.0,4.0,71.0,RKI,DE-BB,Havelland,161909.0,94.0
2020-04-04,12063,82.0,4.0,78.0,RKI,DE-BB,Havelland,161909.0,94.0
2020-04-05,12063,83.0,4.0,79.0,RKI,DE-BB,Havelland,161909.0,94.0
2020-04-06,12063,83.0,4.0,79.0,RKI,DE-BB,Havelland,161909.0,94.0
2020-04-07,12063,91.0,5.0,86.0,RKI,DE-BB,Havelland,161909.0,94.0
2020-04-08,12063,98.0,5.0,93.0,RKI,DE-BB,Havelland,161909.0,94.0
2020-04-09,12063,99.0,5.0,94.0,RKI,DE-BB,Havelland,161909.0,94.0
2020-04-10,12063,101.0,5.0,96.0,RKI,DE-BB,Havelland,161909.0,94.0
2020-04-11,12063,101.0,5.0,96.0,RKI,DE-BB,Havelland,161909.0,94.0
2020-04-12,12063,103.0,6.0,97.0,RKI,DE-BB,Havelland,161909.0,94.0
2020-04-14,12063,105.0,6.0,99.0,RKI,DE-BB,Havelland,161909.0,94.0
2020-04-15,12063,105.0,6.0,99.0,RKI,DE-BB,Havelland,161909.0,94.0
2020-04-16,12063,106.0,6.0,100.0,RKI,DE-BB,Havelland,161909.0,94.0
2020-04-17,12063,109.0,6.0,103.0,RKI,DE-BB,Havelland,161909.0,94.0
2020-04-20,12063,110.0,6.0,104.0,RKI,DE-BB,Havelland,161909.0,94.0
2020-04-21,12063,112.0,6.0,106.0,RKI,DE-BB,Havelland,161909.0,94.0
2020-04-22,12063,113.0,6.0,107.0,RKI,DE-BB,Havelland,161909.0,94.0
2020-04-23,12063,113.0,6.0,107.0,RKI,DE-BB,Havelland,161909.0,94.0
2020-04-25,12063,113.0,6.0,107.0,RKI,DE-BB,Havelland,161909.0,94.0
2020-04-27,12063,150.0,5.0,105.0,Tagesspiegel,DE-BB,Havelland,161909.0,94.0
2020-04-29,12063,154.0,5.0,105.0,Tagesspiegel,DE-BB,Havelland,161909.0,94.0
2020-05-01,12063,156.0,5.0,105.0,Tagesspiegel,DE-BB,Havelland,161909.0,94.0
2020-05-02,12063,156.0,6.0,105.0,Tagesspiegel,DE-BB,Havelland,161909.0,94.0
2020-05-04,12063,159.0,6.0,121.0,Tagesspiegel,DE-BB,Havelland,161909.0,94.0
2020-05-06,12063,162.0,6.0,122.0,Tagesspiegel,DE-BB,Havelland,161909.0,94.0
2020-05-07,12063,162.0,6.0,124.0,Tagesspiegel,DE-BB,Havelland,161909.0,94.0
2020-05-15,12063,166.0,6.0,138.0,Tagesspiegel,DE-BB,Havelland,161909.0,94.0
2020-05-16,12063,166.0,6.0,138.0,Tagesspiegel,DE-BB,Havelland,161909.0,94.0
2020-05-19,12063,168.0,6.0,145.0,Tagesspiegel,DE-BB,Havelland,161909.0,94.0
2020-05-25,12063,170.0,6.0,145.0,Tagesspiegel,DE-BB,Havelland,161909.0,94.0
2020-06-15,12063,171.0,6.0,165.0,Tagesspiegel,DE-BB,Havelland,161909.0,94.0
2020-06-16,12063,171.0,6.0,165.0,Tagesspiegel,DE-BB,Havelland,161909.0,94.0
2020-06-17,12063,171.0,6.0,165.0,Tagesspiegel,DE-BB,Havelland,161909.0,94.0
2020-06-18,12063,173.0,6.0,165.0,Tagesspiegel,DE-BB,Havelland,161909.0,94.0
2020-06-19,12063,174.0,6.0,165.0,Tagesspiegel,DE-BB,Havelland,161909.0,94.0
2020-06-20,12063,178.0,6.0,165.0,Tagesspiegel,DE-BB,Havelland,161909.0,94.0
2020-06-23,12063,184.0,6.0,165.0,Tagesspiegel,DE-BB,Havelland,161909.0,94.0
2020-06-26,12063,186.0,6.0,165.0,Tagesspiegel,DE-BB,Havelland,161909.0,94.0
2020-06-27,12063,186.0,6.0,165.0,Tagesspiegel,DE-BB,Havelland,161909.0,94.0
2020-06-30,12063,189.0,6.0,168.0,Tagesspiegel,DE-BB,Havelland,161909.0,94.0
2020-07-01,12063,189.0,6.0,170.0,Tagesspiegel,DE-BB,Havelland,161909.0,94.0
2020-07-02,12063,190.0,6.0,172.0,Tagesspiegel,DE-BB,Havelland,161909.0,94.0
2020-07-15,12063,193.0,6.0,181.0,Tagesspiegel,DE-BB,Havelland,161909.0,94.0
2020-07-16,12063,193.0,6.0,187.0,Tagesspiegel,DE-BB,Havelland,161909.0,94.0
2020-03-11,12064,2.0,0.0,2.0,RKI,DE-BB,Märkisch-Oderland,194328.0,90.0
2020-03-12,12064,6.0,0.0,6.0,RKI,DE-BB,Märkisch-Oderland,194328.0,90.0
2020-03-13,12064,10.0,0.0,10.0,RKI,DE-BB,Märkisch-Oderland,194328.0,90.0
2020-03-14,12064,12.0,0.0,12.0,RKI,DE-BB,Märkisch-Oderland,194328.0,90.0
2020-03-15,12064,14.0,0.0,14.0,RKI,DE-BB,Märkisch-Oderland,194328.0,90.0
2020-03-16,12064,15.0,0.0,15.0,RKI,DE-BB,Märkisch-Oderland,194328.0,90.0
2020-03-17,12064,28.0,0.0,28.0,RKI,DE-BB,Märkisch-Oderland,194328.0,90.0
2020-03-18,12064,37.0,0.0,37.0,RKI,DE-BB,Märkisch-Oderland,194328.0,90.0
2020-03-19,12064,39.0,0.0,39.0,RKI,DE-BB,Märkisch-Oderland,194328.0,90.0
2020-03-20,12064,44.0,0.0,44.0,RKI,DE-BB,Märkisch-Oderland,194328.0,90.0
2020-03-21,12064,45.0,0.0,45.0,RKI,DE-BB,Märkisch-Oderland,194328.0,90.0
2020-03-23,12064,47.0,0.0,47.0,RKI,DE-BB,Märkisch-Oderland,194328.0,90.0
2020-03-24,12064,48.0,0.0,48.0,RKI,DE-BB,Märkisch-Oderland,194328.0,90.0
2020-03-25,12064,56.0,1.0,55.0,RKI,DE-BB,Märkisch-Oderland,194328.0,90.0
2020-03-26,12064,57.0,1.0,56.0,RKI,DE-BB,Märkisch-Oderland,194328.0,90.0
2020-03-27,12064,61.0,1.0,60.0,RKI,DE-BB,Märkisch-Oderland,194328.0,90.0
2020-03-28,12064,65.0,1.0,64.0,RKI,DE-BB,Märkisch-Oderland,194328.0,90.0
2020-03-29,12064,67.0,1.0,66.0,RKI,DE-BB,Märkisch-Oderland,194328.0,90.0
2020-03-30,12064,76.0,0.0,15.0,Tagesspiegel,DE-BB,Märkisch-Oderland,194328.0,90.0
2020-03-31,12064,80.0,0.0,16.0,Tagesspiegel,DE-BB,Märkisch-Oderland,194328.0,90.0
2020-04-01,12064,86.0,0.0,16.0,Tagesspiegel,DE-BB,Märkisch-Oderland,194328.0,90.0
2020-04-02,12064,94.0,0.0,18.0,Tagesspiegel,DE-BB,Märkisch-Oderland,194328.0,90.0
2020-04-03,12064,94.0,0.0,19.0,Tagesspiegel,DE-BB,Märkisch-Oderland,194328.0,90.0
2020-04-04,12064,102.0,1.0,32.0,Tagesspiegel,DE-BB,Märkisch-Oderland,194328.0,90.0
2020-04-05,12064,108.0,1.0,46.0,Tagesspiegel,DE-BB,Märkisch-Oderland,194328.0,90.0
2020-04-06,12064,112.0,1.0,46.0,Tagesspiegel,DE-BB,Märkisch-Oderland,194328.0,90.0
2020-04-07,12064,114.0,1.0,50.0,Tagesspiegel,DE-BB,Märkisch-Oderland,194328.0,90.0
2020-04-08,12064,117.0,1.0,57.0,Tagesspiegel,DE-BB,Märkisch-Oderland,194328.0,90.0
2020-04-09,12064,120.0,1.0,65.0,Tagesspiegel,DE-BB,Märkisch-Oderland,194328.0,90.0
2020-04-10,12064,125.0,1.0,66.0,Tagesspiegel,DE-BB,Märkisch-Oderland,194328.0,90.0
2020-04-11,12064,131.0,1.0,66.0,Tagesspiegel,DE-BB,Märkisch-Oderland,194328.0,90.0
2020-04-12,12064,132.0,1.0,72.0,Tagesspiegel,DE-BB,Märkisch-Oderland,194328.0,90.0
2020-04-13,12064,134.0,1.0,72.0,Tagesspiegel,DE-BB,Märkisch-Oderland,194328.0,90.0
2020-04-14,12064,144.0,1.0,74.0,Tagesspiegel,DE-BB,Märkisch-Oderland,194328.0,90.0
2020-04-16,12064,145.0,2.0,79.0,Tagesspiegel,DE-BB,Märkisch-Oderland,194328.0,90.0
2020-04-17,12064,153.0,2.0,84.0,Tagesspiegel,DE-BB,Märkisch-Oderland,194328.0,90.0
2020-04-18,12064,153.0,2.0,84.0,Tagesspiegel,DE-BB,Märkisch-Oderland,194328.0,90.0
2020-04-19,12064,153.0,2.0,84.0,Tagesspiegel,DE-BB,Märkisch-Oderland,194328.0,90.0
2020-04-20,12064,156.0,2.0,87.0,Tagesspiegel,DE-BB,Märkisch-Oderland,194328.0,90.0
2020-04-21,12064,156.0,2.0,100.0,Tagesspiegel,DE-BB,Märkisch-Oderland,194328.0,90.0
2020-04-22,12064,158.0,2.0,109.0,Tagesspiegel,DE-BB,Märkisch-Oderland,194328.0,90.0
2020-04-23,12064,160.0,2.0,118.0,Tagesspiegel,DE-BB,Märkisch-Oderland,194328.0,90.0
2020-04-24,12064,166.0,3.0,124.0,Tagesspiegel,DE-BB,Märkisch-Oderland,194328.0,90.0
2020-04-27,12064,173.0,4.0,128.0,Tagesspiegel,DE-BB,Märkisch-Oderland,194328.0,90.0
2020-04-28,12064,174.0,4.0,133.0,Tagesspiegel,DE-BB,Märkisch-Oderland,194328.0,90.0
2020-04-29,12064,179.0,4.0,134.0,Tagesspiegel,DE-BB,Märkisch-Oderland,194328.0,90.0
2020-04-30,12064,183.0,4.0,136.0,Tagesspiegel,DE-BB,Märkisch-Oderland,194328.0,90.0
2020-05-01,12064,184.0,4.0,136.0,Tagesspiegel,DE-BB,Märkisch-Oderland,194328.0,90.0
2020-05-03,12064,188.0,4.0,136.0,Tagesspiegel,DE-BB,Märkisch-Oderland,194328.0,90.0
2020-05-04,12064,195.0,4.0,147.0,Tagesspiegel,DE-BB,Märkisch-Oderland,194328.0,90.0
2020-05-05,12064,195.0,4.0,147.0,Tagesspiegel,DE-BB,Märkisch-Oderland,194328.0,90.0
2020-05-14,12064,200.0,4.0,177.0,Tagesspiegel,DE-BB,Märkisch-Oderland,194328.0,90.0
2020-05-19,12064,201.0,4.0,195.0,Tagesspiegel,DE-BB,Märkisch-Oderland,194328.0,90.0
2020-05-20,12064,201.0,4.0,195.0,Tagesspiegel,DE-BB,Märkisch-Oderland,194328.0,90.0
2020-05-22,12064,203.0,4.0,196.0,Tagesspiegel,DE-BB,Märkisch-Oderland,194328.0,90.0
2020-06-09,12064,205.0,4.0,199.0,Tagesspiegel,DE-BB,Märkisch-Oderland,194328.0,90.0
2020-06-12,12064,206.0,4.0,199.0,Tagesspiegel,DE-BB,Märkisch-Oderland,194328.0,90.0
2020-06-18,12064,209.0,4.0,201.0,Tagesspiegel,DE-BB,Märkisch-Oderland,194328.0,90.0
2020-06-19,12064,209.0,4.0,201.0,Tagesspiegel,DE-BB,Märkisch-Oderland,194328.0,90.0
2020-06-20,12064,209.0,4.0,201.0,Tagesspiegel,DE-BB,Märkisch-Oderland,194328.0,90.0
2020-06-24,12064,210.0,4.0,201.0,Tagesspiegel,DE-BB,Märkisch-Oderland,194328.0,90.0
2020-06-26,12064,212.0,4.0,205.0,Tagesspiegel,DE-BB,Märkisch-Oderland,194328.0,90.0
2020-07-02,12064,215.0,4.0,205.0,Tagesspiegel,DE-BB,Märkisch-Oderland,194328.0,90.0
2020-07-03,12064,215.0,4.0,207.0,Tagesspiegel,DE-BB,Märkisch-Oderland,194328.0,90.0
2020-03-12,12065,0.0,0.0,0.0,RKI,DE-BB,Oberhavel,211249.0,117.0
2020-03-13,12065,1.0,0.0,1.0,RKI,DE-BB,Oberhavel,211249.0,117.0
2020-03-15,12065,2.0,0.0,2.0,RKI,DE-BB,Oberhavel,211249.0,117.0
2020-03-16,12065,4.0,0.0,4.0,RKI,DE-BB,Oberhavel,211249.0,117.0
2020-03-17,12065,8.0,0.0,8.0,RKI,DE-BB,Oberhavel,211249.0,117.0
2020-03-18,12065,13.0,0.0,13.0,RKI,DE-BB,Oberhavel,211249.0,117.0
2020-03-19,12065,18.0,1.0,17.0,RKI,DE-BB,Oberhavel,211249.0,117.0
2020-03-20,12065,31.0,2.0,29.0,RKI,DE-BB,Oberhavel,211249.0,117.0
2020-03-22,12065,31.0,2.0,29.0,RKI,DE-BB,Oberhavel,211249.0,117.0
2020-03-23,12065,32.0,2.0,30.0,RKI,DE-BB,Oberhavel,211249.0,117.0
2020-03-24,12065,43.0,2.0,41.0,RKI,DE-BB,Oberhavel,211249.0,117.0
2020-03-25,12065,50.0,2.0,48.0,RKI,DE-BB,Oberhavel,211249.0,117.0
2020-03-26,12065,63.0,3.0,60.0,RKI,DE-BB,Oberhavel,211249.0,117.0
2020-03-27,12065,74.0,4.0,70.0,RKI,DE-BB,Oberhavel,211249.0,117.0
2020-03-28,12065,82.0,4.0,78.0,RKI,DE-BB,Oberhavel,211249.0,117.0
2020-03-29,12065,82.0,4.0,78.0,RKI,DE-BB,Oberhavel,211249.0,117.0
2020-03-30,12065,95.0,1.0,9.0,Tagesspiegel,DE-BB,Oberhavel,211249.0,117.0
2020-03-31,12065,101.0,1.0,13.0,Tagesspiegel,DE-BB,Oberhavel,211249.0,117.0
2020-04-01,12065,106.0,1.0,16.0,Tagesspiegel,DE-BB,Oberhavel,211249.0,117.0
2020-04-02,12065,115.0,1.0,24.0,Tagesspiegel,DE-BB,Oberhavel,211249.0,117.0
2020-04-03,12065,119.0,2.0,24.0,Tagesspiegel,DE-BB,Oberhavel,211249.0,117.0
2020-04-04,12065,126.0,2.0,24.0,Tagesspiegel,DE-BB,Oberhavel,211249.0,117.0
2020-04-05,12065,133.0,2.0,38.0,Tagesspiegel,DE-BB,Oberhavel,211249.0,117.0
2020-04-06,12065,137.0,2.0,38.0,Tagesspiegel,DE-BB,Oberhavel,211249.0,117.0
2020-04-07,12065,141.0,2.0,41.0,Tagesspiegel,DE-BB,Oberhavel,211249.0,117.0
2020-04-08,12065,144.0,2.0,52.0,Tagesspiegel,DE-BB,Oberhavel,211249.0,117.0
2020-04-09,12065,149.0,4.0,63.0,Tagesspiegel,DE-BB,Oberhavel,211249.0,117.0
2020-04-11,12065,155.0,4.0,63.0,Tagesspiegel,DE-BB,Oberhavel,211249.0,117.0
2020-04-12,12065,155.0,4.0,63.0,Tagesspiegel,DE-BB,Oberhavel,211249.0,117.0
2020-04-13,12065,161.0,4.0,63.0,Tagesspiegel,DE-BB,Oberhavel,211249.0,117.0
2020-04-14,12065,162.0,5.0,63.0,Tagesspiegel,DE-BB,Oberhavel,211249.0,117.0
2020-04-15,12065,164.0,5.0,75.0,Tagesspiegel,DE-BB,Oberhavel,211249.0,117.0
2020-04-16,12065,165.0,5.0,96.0,Tagesspiegel,DE-BB,Oberhavel,211249.0,117.0
2020-04-17,12065,168.0,5.0,99.0,Tagesspiegel,DE-BB,Oberhavel,211249.0,117.0
2020-04-18,12065,172.0,5.0,99.0,Tagesspiegel,DE-BB,Oberhavel,211249.0,117.0
2020-04-19,12065,176.0,5.0,99.0,Tagesspiegel,DE-BB,Oberhavel,211249.0,117.0
2020-04-20,12065,177.0,5.0,112.0,Tagesspiegel,DE-BB,Oberhavel,211249.0,117.0
2020-04-21,12065,195.0,6.0,112.0,Tagesspiegel,DE-BB,Oberhavel,211249.0,117.0
2020-04-22,12065,202.0,6.0,123.0,Tagesspiegel,DE-BB,Oberhavel,211249.0,117.0
2020-04-23,12065,207.0,6.0,123.0,Tagesspiegel,DE-BB,Oberhavel,211249.0,117.0
2020-04-24,12065,258.0,6.0,129.0,Tagesspiegel,DE-BB,Oberhavel,211249.0,117.0
2020-04-27,12065,261.0,6.0,133.0,Tagesspiegel,DE-BB,Oberhavel,211249.0,117.0
2020-04-28,12065,263.0,6.0,133.0,Tagesspiegel,DE-BB,Oberhavel,211249.0,117.0
2020-04-29,12065,263.0,6.0,143.0,Tagesspiegel,DE-BB,Oberhavel,211249.0,117.0
2020-04-30,12065,265.0,6.0,150.0,Tagesspiegel,DE-BB,Oberhavel,211249.0,117.0
2020-05-01,12065,268.0,6.0,150.0,Tagesspiegel,DE-BB,Oberhavel,211249.0,117.0
2020-05-04,12065,275.0,6.0,152.0,Tagesspiegel,DE-BB,Oberhavel,211249.0,117.0
2020-05-05,12065,275.0,6.0,152.0,Tagesspiegel,DE-BB,Oberhavel,211249.0,117.0
2020-05-06,12065,275.0,6.0,160.0,Tagesspiegel,DE-BB,Oberhavel,211249.0,117.0
2020-05-07,12065,284.0,6.0,165.0,Tagesspiegel,DE-BB,Oberhavel,211249.0,117.0
2020-05-08,12065,288.0,6.0,225.0,Tagesspiegel,DE-BB,Oberhavel,211249.0,117.0
2020-05-09,12065,299.0,6.0,225.0,Tagesspiegel,DE-BB,Oberhavel,211249.0,117.0
2020-05-12,12065,303.0,6.0,231.0,Tagesspiegel,DE-BB,Oberhavel,211249.0,117.0
2020-05-13,12065,306.0,6.0,231.0,Tagesspiegel,DE-BB,Oberhavel,211249.0,117.0
2020-05-15,12065,311.0,7.0,242.0,Tagesspiegel,DE-BB,Oberhavel,211249.0,117.0
2020-05-28,12065,314.0,8.0,279.0,Tagesspiegel,DE-BB,Oberhavel,211249.0,117.0
2020-06-09,12065,317.0,9.0,300.0,Tagesspiegel,DE-BB,Oberhavel,211249.0,117.0
2020-06-10,12065,317.0,9.0,300.0,Tagesspiegel,DE-BB,Oberhavel,211249.0,117.0
2020-06-11,12065,317.0,9.0,300.0,Tagesspiegel,DE-BB,Oberhavel,211249.0,117.0
2020-06-18,12065,322.0,9.0,303.0,Tagesspiegel,DE-BB,Oberhavel,211249.0,117.0
2020-06-23,12065,322.0,9.0,303.0,Tagesspiegel,DE-BB,Oberhavel,211249.0,117.0
2020-06-25,12065,324.0,9.0,309.0,Tagesspiegel,DE-BB,Oberhavel,211249.0,117.0
2020-07-01,12065,326.0,9.0,309.0,Tagesspiegel,DE-BB,Oberhavel,211249.0,117.0
2020-07-04,12065,327.0,9.0,309.0,Tagesspiegel,DE-BB,Oberhavel,211249.0,117.0
2020-07-06,12065,328.0,9.0,309.0,Tagesspiegel,DE-BB,Oberhavel,211249.0,117.0
2020-07-09,12065,329.0,9.0,311.0,Tagesspiegel,DE-BB,Oberhavel,211249.0,117.0
2020-07-14,12065,330.0,9.0,314.0,Tagesspiegel,DE-BB,Oberhavel,211249.0,117.0
2020-03-10,12066,0.0,0.0,0.0,RKI,DE-BB,Oberspreewald-Lausitz,110476.0,90.0
2020-03-16,12066,1.0,0.0,1.0,RKI,DE-BB,Oberspreewald-Lausitz,110476.0,90.0
2020-03-17,12066,1.0,0.0,1.0,RKI,DE-BB,Oberspreewald-Lausitz,110476.0,90.0
2020-03-19,12066,1.0,0.0,1.0,RKI,DE-BB,Oberspreewald-Lausitz,110476.0,90.0
2020-03-23,12066,5.0,0.0,5.0,RKI,DE-BB,Oberspreewald-Lausitz,110476.0,90.0
2020-03-24,12066,6.0,0.0,6.0,RKI,DE-BB,Oberspreewald-Lausitz,110476.0,90.0
2020-03-27,12066,6.0,0.0,6.0,RKI,DE-BB,Oberspreewald-Lausitz,110476.0,90.0
2020-03-28,12066,7.0,0.0,7.0,RKI,DE-BB,Oberspreewald-Lausitz,110476.0,90.0
2020-03-30,12066,18.0,0.0,1.0,Tagesspiegel,DE-BB,Oberspreewald-Lausitz,110476.0,90.0
2020-03-31,12066,18.0,0.0,3.0,Tagesspiegel,DE-BB,Oberspreewald-Lausitz,110476.0,90.0
2020-04-01,12066,19.0,0.0,3.0,Tagesspiegel,DE-BB,Oberspreewald-Lausitz,110476.0,90.0
2020-04-02,12066,22.0,0.0,3.0,Tagesspiegel,DE-BB,Oberspreewald-Lausitz,110476.0,90.0
2020-04-03,12066,25.0,0.0,3.0,Tagesspiegel,DE-BB,Oberspreewald-Lausitz,110476.0,90.0
2020-04-06,12066,28.0,0.0,3.0,Tagesspiegel,DE-BB,Oberspreewald-Lausitz,110476.0,90.0
2020-04-08,12066,31.0,0.0,3.0,Tagesspiegel,DE-BB,Oberspreewald-Lausitz,110476.0,90.0
2020-04-09,12066,33.0,1.0,15.0,Tagesspiegel,DE-BB,Oberspreewald-Lausitz,110476.0,90.0
2020-04-13,12066,36.0,1.0,15.0,Tagesspiegel,DE-BB,Oberspreewald-Lausitz,110476.0,90.0
2020-04-14,12066,37.0,1.0,15.0,Tagesspiegel,DE-BB,Oberspreewald-Lausitz,110476.0,90.0
2020-04-16,12066,38.0,2.0,24.0,Tagesspiegel,DE-BB,Oberspreewald-Lausitz,110476.0,90.0
2020-04-17,12066,39.0,2.0,24.0,Tagesspiegel,DE-BB,Oberspreewald-Lausitz,110476.0,90.0
2020-04-22,12066,40.0,2.0,32.0,Tagesspiegel,DE-BB,Oberspreewald-Lausitz,110476.0,90.0
2020-04-30,12066,42.0,2.0,35.0,Tagesspiegel,DE-BB,Oberspreewald-Lausitz,110476.0,90.0
2020-05-07,12066,43.0,2.0,35.0,Tagesspiegel,DE-BB,Oberspreewald-Lausitz,110476.0,90.0
2020-05-11,12066,45.0,2.0,41.0,Tagesspiegel,DE-BB,Oberspreewald-Lausitz,110476.0,90.0
2020-05-13,12066,45.0,2.0,41.0,Tagesspiegel,DE-BB,Oberspreewald-Lausitz,110476.0,90.0
2020-05-28,12066,49.0,2.0,41.0,Tagesspiegel,DE-BB,Oberspreewald-Lausitz,110476.0,90.0
2020-06-04,12066,50.0,2.0,46.0,Tagesspiegel,DE-BB,Oberspreewald-Lausitz,110476.0,90.0
2020-06-10,12066,51.0,2.0,47.0,Tagesspiegel,DE-BB,Oberspreewald-Lausitz,110476.0,90.0
2020-06-30,12066,52.0,2.0,49.0,Tagesspiegel,DE-BB,Oberspreewald-Lausitz,110476.0,90.0
2020-07-09,12066,53.0,2.0,50.0,Tagesspiegel,DE-BB,Oberspreewald-Lausitz,110476.0,90.0
2020-07-11,12066,54.0,2.0,50.0,Tagesspiegel,DE-BB,Oberspreewald-Lausitz,110476.0,90.0
2020-07-14,12066,56.0,2.0,51.0,Tagesspiegel,DE-BB,Oberspreewald-Lausitz,110476.0,90.0
2020-03-11,12067,0.0,0.0,0.0,RKI,DE-BB,Oder-Spree,178658.0,79.0
2020-03-12,12067,0.0,0.0,0.0,RKI,DE-BB,Oder-Spree,178658.0,79.0
2020-03-13,12067,0.0,0.0,0.0,RKI,DE-BB,Oder-Spree,178658.0,79.0
2020-03-14,12067,1.0,0.0,1.0,RKI,DE-BB,Oder-Spree,178658.0,79.0
2020-03-15,12067,3.0,0.0,3.0,RKI,DE-BB,Oder-Spree,178658.0,79.0
2020-03-17,12067,5.0,0.0,5.0,RKI,DE-BB,Oder-Spree,178658.0,79.0
2020-03-18,12067,13.0,0.0,13.0,RKI,DE-BB,Oder-Spree,178658.0,79.0
2020-03-19,12067,22.0,0.0,22.0,RKI,DE-BB,Oder-Spree,178658.0,79.0
2020-03-20,12067,24.0,0.0,24.0,RKI,DE-BB,Oder-Spree,178658.0,79.0
2020-03-21,12067,28.0,0.0,28.0,RKI,DE-BB,Oder-Spree,178658.0,79.0
2020-03-22,12067,29.0,0.0,29.0,RKI,DE-BB,Oder-Spree,178658.0,79.0
2020-03-23,12067,30.0,0.0,30.0,RKI,DE-BB,Oder-Spree,178658.0,79.0
2020-03-24,12067,33.0,0.0,33.0,RKI,DE-BB,Oder-Spree,178658.0,79.0
2020-03-25,12067,34.0,0.0,34.0,RKI,DE-BB,Oder-Spree,178658.0,79.0
2020-03-26,12067,42.0,0.0,42.0,RKI,DE-BB,Oder-Spree,178658.0,79.0
2020-03-27,12067,46.0,0.0,46.0,RKI,DE-BB,Oder-Spree,178658.0,79.0
2020-03-28,12067,52.0,0.0,52.0,RKI,DE-BB,Oder-Spree,178658.0,79.0
2020-03-29,12067,53.0,0.0,53.0,RKI,DE-BB,Oder-Spree,178658.0,79.0
2020-03-30,12067,75.0,0.0,6.0,Tagesspiegel,DE-BB,Oder-Spree,178658.0,79.0
2020-03-31,12067,75.0,0.0,10.0,Tagesspiegel,DE-BB,Oder-Spree,178658.0,79.0
2020-04-01,12067,79.0,0.0,19.0,Tagesspiegel,DE-BB,Oder-Spree,178658.0,79.0
2020-04-02,12067,80.0,0.0,23.0,Tagesspiegel,DE-BB,Oder-Spree,178658.0,79.0
2020-04-03,12067,80.0,0.0,25.0,Tagesspiegel,DE-BB,Oder-Spree,178658.0,79.0
2020-04-04,12067,81.0,0.0,25.0,Tagesspiegel,DE-BB,Oder-Spree,178658.0,79.0
2020-04-07,12067,85.0,0.0,39.0,Tagesspiegel,DE-BB,Oder-Spree,178658.0,79.0
2020-04-09,12067,91.0,0.0,50.0,Tagesspiegel,DE-BB,Oder-Spree,178658.0,79.0
2020-04-11,12067,95.0,0.0,50.0,Tagesspiegel,DE-BB,Oder-Spree,178658.0,79.0
2020-04-12,12067,98.0,0.0,50.0,Tagesspiegel,DE-BB,Oder-Spree,178658.0,79.0
2020-04-14,12067,99.0,0.0,64.0,Tagesspiegel,DE-BB,Oder-Spree,178658.0,79.0
2020-04-17,12067,101.0,0.0,67.0,Tagesspiegel,DE-BB,Oder-Spree,178658.0,79.0
2020-04-18,12067,101.0,0.0,67.0,Tagesspiegel,DE-BB,Oder-Spree,178658.0,79.0
2020-04-20,12067,105.0,0.0,73.0,Tagesspiegel,DE-BB,Oder-Spree,178658.0,79.0
2020-04-21,12067,105.0,1.0,74.0,Tagesspiegel,DE-BB,Oder-Spree,178658.0,79.0
2020-04-22,12067,110.0,1.0,76.0,Tagesspiegel,DE-BB,Oder-Spree,178658.0,79.0
2020-04-23,12067,111.0,1.0,80.0,Tagesspiegel,DE-BB,Oder-Spree,178658.0,79.0
2020-04-24,12067,112.0,1.0,84.0,Tagesspiegel,DE-BB,Oder-Spree,178658.0,79.0
2020-04-25,12067,113.0,1.0,84.0,Tagesspiegel,DE-BB,Oder-Spree,178658.0,79.0
2020-04-27,12067,119.0,2.0,87.0,Tagesspiegel,DE-BB,Oder-Spree,178658.0,79.0
2020-04-29,12067,121.0,2.0,89.0,Tagesspiegel,DE-BB,Oder-Spree,178658.0,79.0
2020-04-30,12067,121.0,2.0,90.0,Tagesspiegel,DE-BB,Oder-Spree,178658.0,79.0
2020-05-01,12067,123.0,2.0,90.0,Tagesspiegel,DE-BB,Oder-Spree,178658.0,79.0
2020-05-02,12067,125.0,2.0,90.0,Tagesspiegel,DE-BB,Oder-Spree,178658.0,79.0
2020-05-06,12067,128.0,2.0,95.0,Tagesspiegel,DE-BB,Oder-Spree,178658.0,79.0
2020-05-13,12067,129.0,2.0,110.0,Tagesspiegel,DE-BB,Oder-Spree,178658.0,79.0
2020-05-14,12067,129.0,2.0,111.0,Tagesspiegel,DE-BB,Oder-Spree,178658.0,79.0
2020-05-26,12067,131.0,2.0,124.0,Tagesspiegel,DE-BB,Oder-Spree,178658.0,79.0
2020-05-27,12067,131.0,2.0,124.0,Tagesspiegel,DE-BB,Oder-Spree,178658.0,79.0
2020-06-02,12067,133.0,2.0,128.0,Tagesspiegel,DE-BB,Oder-Spree,178658.0,79.0
2020-06-05,12067,134.0,2.0,128.0,Tagesspiegel,DE-BB,Oder-Spree,178658.0,79.0
2020-06-10,12067,136.0,2.0,129.0,Tagesspiegel,DE-BB,Oder-Spree,178658.0,79.0
2020-06-11,12067,136.0,2.0,129.0,Tagesspiegel,DE-BB,Oder-Spree,178658.0,79.0
2020-06-12,12067,137.0,2.0,129.0,Tagesspiegel,DE-BB,Oder-Spree,178658.0,79.0
2020-06-13,12067,139.0,2.0,129.0,Tagesspiegel,DE-BB,Oder-Spree,178658.0,79.0
2020-06-19,12067,142.0,2.0,133.0,Tagesspiegel,DE-BB,Oder-Spree,178658.0,79.0
2020-07-02,12067,143.0,2.0,137.0,Tagesspiegel,DE-BB,Oder-Spree,178658.0,79.0
2020-07-06,12067,144.0,2.0,140.0,Tagesspiegel,DE-BB,Oder-Spree,178658.0,79.0
2020-07-10,12067,145.0,2.0,141.0,Tagesspiegel,DE-BB,Oder-Spree,178658.0,79.0
2020-07-11,12067,145.0,2.0,141.0,Tagesspiegel,DE-BB,Oder-Spree,178658.0,79.0
2020-03-19,12068,4.0,0.0,4.0,RKI,DE-BB,Ostprignitz-Ruppin,99078.0,39.0
2020-03-25,12068,5.0,0.0,5.0,RKI,DE-BB,Ostprignitz-Ruppin,99078.0,39.0
2020-03-26,12068,5.0,0.0,5.0,RKI,DE-BB,Ostprignitz-Ruppin,99078.0,39.0
2020-03-27,12068,6.0,0.0,6.0,RKI,DE-BB,Ostprignitz-Ruppin,99078.0,39.0
2020-03-28,12068,6.0,0.0,6.0,RKI,DE-BB,Ostprignitz-Ruppin,99078.0,39.0
2020-03-30,12068,7.0,0.0,7.0,RKI,DE-BB,Ostprignitz-Ruppin,99078.0,39.0
2020-03-31,12068,10.0,0.0,10.0,RKI,DE-BB,Ostprignitz-Ruppin,99078.0,39.0
2020-04-01,12068,15.0,0.0,1.0,Tagesspiegel,DE-BB,Ostprignitz-Ruppin,99078.0,39.0
2020-04-02,12068,18.0,0.0,1.0,Tagesspiegel,DE-BB,Ostprignitz-Ruppin,99078.0,39.0
2020-04-03,12068,19.0,0.0,1.0,Tagesspiegel,DE-BB,Ostprignitz-Ruppin,99078.0,39.0
2020-04-04,12068,21.0,0.0,1.0,Tagesspiegel,DE-BB,Ostprignitz-Ruppin,99078.0,39.0
2020-04-06,12068,26.0,0.0,1.0,Tagesspiegel,DE-BB,Ostprignitz-Ruppin,99078.0,39.0
2020-04-07,12068,26.0,0.0,1.0,Tagesspiegel,DE-BB,Ostprignitz-Ruppin,99078.0,39.0
2020-04-08,12068,31.0,0.0,1.0,Tagesspiegel,DE-BB,Ostprignitz-Ruppin,99078.0,39.0
2020-04-09,12068,33.0,0.0,6.0,Tagesspiegel,DE-BB,Ostprignitz-Ruppin,99078.0,39.0
2020-04-10,12068,36.0,0.0,6.0,Tagesspiegel,DE-BB,Ostprignitz-Ruppin,99078.0,39.0
2020-04-18,12068,42.0,0.0,15.0,Tagesspiegel,DE-BB,Ostprignitz-Ruppin,99078.0,39.0
2020-04-21,12068,44.0,0.0,16.0,Tagesspiegel,DE-BB,Ostprignitz-Ruppin,99078.0,39.0
2020-04-22,12068,44.0,0.0,20.0,Tagesspiegel,DE-BB,Ostprignitz-Ruppin,99078.0,39.0
2020-04-23,12068,53.0,0.0,21.0,Tagesspiegel,DE-BB,Ostprignitz-Ruppin,99078.0,39.0
2020-04-24,12068,62.0,0.0,25.0,Tagesspiegel,DE-BB,Ostprignitz-Ruppin,99078.0,39.0
2020-04-28,12068,64.0,0.0,26.0,Tagesspiegel,DE-BB,Ostprignitz-Ruppin,99078.0,39.0
2020-04-29,12068,69.0,0.0,31.0,Tagesspiegel,DE-BB,Ostprignitz-Ruppin,99078.0,39.0
2020-04-30,12068,73.0,0.0,32.0,Tagesspiegel,DE-BB,Ostprignitz-Ruppin,99078.0,39.0
2020-05-02,12068,74.0,0.0,32.0,Tagesspiegel,DE-BB,Ostprignitz-Ruppin,99078.0,39.0
2020-05-08,12068,75.0,0.0,40.0,Tagesspiegel,DE-BB,Ostprignitz-Ruppin,99078.0,39.0
2020-05-14,12068,80.0,0.0,57.0,Tagesspiegel,DE-BB,Ostprignitz-Ruppin,99078.0,39.0
2020-05-18,12068,87.0,0.0,59.0,Tagesspiegel,DE-BB,Ostprignitz-Ruppin,99078.0,39.0
2020-05-19,12068,87.0,0.0,59.0,Tagesspiegel,DE-BB,Ostprignitz-Ruppin,99078.0,39.0
2020-06-18,12068,85.0,0.0,85.0,Tagesspiegel,DE-BB,Ostprignitz-Ruppin,99078.0,39.0
2020-07-01,12068,86.0,0.0,85.0,Tagesspiegel,DE-BB,Ostprignitz-Ruppin,99078.0,39.0
2020-07-02,12068,86.0,0.0,85.0,Tagesspiegel,DE-BB,Ostprignitz-Ruppin,99078.0,39.0
2020-07-03,12068,87.0,0.0,85.0,Tagesspiegel,DE-BB,Ostprignitz-Ruppin,99078.0,39.0
2020-07-04,12068,89.0,0.0,85.0,Tagesspiegel,DE-BB,Ostprignitz-Ruppin,99078.0,39.0
2020-07-06,12068,89.0,0.0,85.0,Tagesspiegel,DE-BB,Ostprignitz-Ruppin,99078.0,39.0
2020-07-14,12068,93.0,0.0,85.0,Tagesspiegel,DE-BB,Ostprignitz-Ruppin,99078.0,39.0
2020-03-13,12069,3.0,0.0,3.0,RKI,DE-BB,Potsdam-Mittelmark,214664.0,83.0
2020-03-15,12069,4.0,0.0,4.0,RKI,DE-BB,Potsdam-Mittelmark,214664.0,83.0
2020-03-17,12069,6.0,0.0,6.0,RKI,DE-BB,Potsdam-Mittelmark,214664.0,83.0
2020-03-18,12069,9.0,0.0,9.0,RKI,DE-BB,Potsdam-Mittelmark,214664.0,83.0
2020-03-19,12069,11.0,0.0,11.0,RKI,DE-BB,Potsdam-Mittelmark,214664.0,83.0
2020-03-20,12069,14.0,0.0,14.0,RKI,DE-BB,Potsdam-Mittelmark,214664.0,83.0
2020-03-21,12069,18.0,0.0,18.0,RKI,DE-BB,Potsdam-Mittelmark,214664.0,83.0
2020-03-22,12069,19.0,0.0,19.0,RKI,DE-BB,Potsdam-Mittelmark,214664.0,83.0
2020-03-23,12069,26.0,0.0,26.0,RKI,DE-BB,Potsdam-Mittelmark,214664.0,83.0
2020-03-24,12069,29.0,0.0,29.0,RKI,DE-BB,Potsdam-Mittelmark,214664.0,83.0
2020-03-25,12069,46.0,0.0,46.0,RKI,DE-BB,Potsdam-Mittelmark,214664.0,83.0
2020-03-26,12069,54.0,0.0,54.0,RKI,DE-BB,Potsdam-Mittelmark,214664.0,83.0
2020-03-27,12069,57.0,0.0,57.0,RKI,DE-BB,Potsdam-Mittelmark,214664.0,83.0
2020-03-28,12069,58.0,0.0,58.0,RKI,DE-BB,Potsdam-Mittelmark,214664.0,83.0
2020-03-29,12069,59.0,0.0,59.0,RKI,DE-BB,Potsdam-Mittelmark,214664.0,83.0
2020-03-30,12069,72.0,1.0,71.0,RKI,DE-BB,Potsdam-Mittelmark,214664.0,83.0
2020-03-31,12069,96.0,5.0,91.0,RKI,DE-BB,Potsdam-Mittelmark,214664.0,83.0
2020-04-01,12069,104.0,6.0,98.0,RKI,DE-BB,Potsdam-Mittelmark,214664.0,83.0
2020-04-02,12069,134.0,10.0,124.0,RKI,DE-BB,Potsdam-Mittelmark,214664.0,83.0
2020-04-03,12069,145.0,4.0,12.0,Tagesspiegel,DE-BB,Potsdam-Mittelmark,214664.0,83.0
2020-04-04,12069,175.0,4.0,12.0,Tagesspiegel,DE-BB,Potsdam-Mittelmark,214664.0,83.0
2020-04-05,12069,188.0,5.0,12.0,Tagesspiegel,DE-BB,Potsdam-Mittelmark,214664.0,83.0
2020-04-06,12069,199.0,6.0,12.0,Tagesspiegel,DE-BB,Potsdam-Mittelmark,214664.0,83.0
2020-04-07,12069,204.0,9.0,12.0,Tagesspiegel,DE-BB,Potsdam-Mittelmark,214664.0,83.0
2020-04-08,12069,213.0,10.0,12.0,Tagesspiegel,DE-BB,Potsdam-Mittelmark,214664.0,83.0
2020-04-09,12069,226.0,11.0,49.0,Tagesspiegel,DE-BB,Potsdam-Mittelmark,214664.0,83.0
2020-04-10,12069,245.0,11.0,49.0,Tagesspiegel,DE-BB,Potsdam-Mittelmark,214664.0,83.0
2020-04-11,12069,255.0,11.0,49.0,Tagesspiegel,DE-BB,Potsdam-Mittelmark,214664.0,83.0
2020-04-12,12069,273.0,11.0,171.0,Tagesspiegel,DE-BB,Potsdam-Mittelmark,214664.0,83.0
2020-04-14,12069,289.0,12.0,176.0,Tagesspiegel,DE-BB,Potsdam-Mittelmark,214664.0,83.0
2020-04-15,12069,294.0,14.0,173.0,Tagesspiegel,DE-BB,Potsdam-Mittelmark,214664.0,83.0
2020-04-16,12069,308.0,15.0,34.0,Tagesspiegel,DE-BB,Potsdam-Mittelmark,214664.0,83.0
2020-04-17,12069,330.0,15.0,142.0,Tagesspiegel,DE-BB,Potsdam-Mittelmark,214664.0,83.0
2020-04-18,12069,340.0,16.0,142.0,Tagesspiegel,DE-BB,Potsdam-Mittelmark,214664.0,83.0
2020-04-19,12069,352.0,19.0,142.0,Tagesspiegel,DE-BB,Potsdam-Mittelmark,214664.0,83.0
2020-04-20,12069,363.0,21.0,142.0,Tagesspiegel,DE-BB,Potsdam-Mittelmark,214664.0,83.0
2020-04-21,12069,375.0,26.0,142.0,Tagesspiegel,DE-BB,Potsdam-Mittelmark,214664.0,83.0
2020-04-22,12069,379.0,26.0,142.0,Tagesspiegel,DE-BB,Potsdam-Mittelmark,214664.0,83.0
2020-04-23,12069,380.0,28.0,142.0,Tagesspiegel,DE-BB,Potsdam-Mittelmark,214664.0,83.0
2020-04-24,12069,395.0,30.0,142.0,Tagesspiegel,DE-BB,Potsdam-Mittelmark,214664.0,83.0
2020-04-25,12069,412.0,31.0,142.0,Tagesspiegel,DE-BB,Potsdam-Mittelmark,214664.0,83.0
2020-04-27,12069,436.0,31.0,142.0,Tagesspiegel,DE-BB,Potsdam-Mittelmark,214664.0,83.0
2020-04-28,12069,438.0,31.0,142.0,Tagesspiegel,DE-BB,Potsdam-Mittelmark,214664.0,83.0
2020-04-29,12069,440.0,35.0,142.0,Tagesspiegel,DE-BB,Potsdam-Mittelmark,214664.0,83.0
2020-04-30,12069,441.0,36.0,142.0,Tagesspiegel,DE-BB,Potsdam-Mittelmark,214664.0,83.0
2020-05-01,12069,447.0,38.0,142.0,Tagesspiegel,DE-BB,Potsdam-Mittelmark,214664.0,83.0
2020-05-02,12069,461.0,38.0,142.0,Tagesspiegel,DE-BB,Potsdam-Mittelmark,214664.0,83.0
2020-05-03,12069,469.0,38.0,142.0,Tagesspiegel,DE-BB,Potsdam-Mittelmark,214664.0,83.0
2020-05-04,12069,476.0,38.0,142.0,Tagesspiegel,DE-BB,Potsdam-Mittelmark,214664.0,83.0
2020-05-05,12069,476.0,38.0,142.0,Tagesspiegel,DE-BB,Potsdam-Mittelmark,214664.0,83.0
2020-05-06,12069,479.0,39.0,142.0,Tagesspiegel,DE-BB,Potsdam-Mittelmark,214664.0,83.0
2020-05-08,12069,489.0,40.0,142.0,Tagesspiegel,DE-BB,Potsdam-Mittelmark,214664.0,83.0
2020-05-09,12069,491.0,40.0,142.0,Tagesspiegel,DE-BB,Potsdam-Mittelmark,214664.0,83.0
2020-05-10,12069,491.0,40.0,142.0,Tagesspiegel,DE-BB,Potsdam-Mittelmark,214664.0,83.0
2020-05-11,12069,493.0,40.0,142.0,Tagesspiegel,DE-BB,Potsdam-Mittelmark,214664.0,83.0
2020-05-12,12069,493.0,40.0,142.0,Tagesspiegel,DE-BB,Potsdam-Mittelmark,214664.0,83.0
2020-05-13,12069,497.0,40.0,142.0,Tagesspiegel,DE-BB,Potsdam-Mittelmark,214664.0,83.0
2020-05-14,12069,500.0,40.0,142.0,Tagesspiegel,DE-BB,Potsdam-Mittelmark,214664.0,83.0
2020-05-15,12069,503.0,40.0,142.0,Tagesspiegel,DE-BB,Potsdam-Mittelmark,214664.0,83.0
2020-05-16,12069,504.0,40.0,199.0,Tagesspiegel,DE-BB,Potsdam-Mittelmark,214664.0,83.0
2020-05-17,12069,510.0,40.0,199.0,Tagesspiegel,DE-BB,Potsdam-Mittelmark,214664.0,83.0
2020-05-18,12069,510.0,40.0,199.0,Tagesspiegel,DE-BB,Potsdam-Mittelmark,214664.0,83.0
2020-05-19,12069,512.0,40.0,199.0,Tagesspiegel,DE-BB,Potsdam-Mittelmark,214664.0,83.0
2020-05-20,12069,512.0,40.0,199.0,Tagesspiegel,DE-BB,Potsdam-Mittelmark,214664.0,83.0
2020-05-21,12069,518.0,40.0,199.0,Tagesspiegel,DE-BB,Potsdam-Mittelmark,214664.0,83.0
2020-05-22,12069,519.0,40.0,199.0,Tagesspiegel,DE-BB,Potsdam-Mittelmark,214664.0,83.0
2020-05-23,12069,521.0,40.0,199.0,Tagesspiegel,DE-BB,Potsdam-Mittelmark,214664.0,83.0
2020-05-24,12069,527.0,40.0,199.0,Tagesspiegel,DE-BB,Potsdam-Mittelmark,214664.0,83.0
2020-05-25,12069,528.0,40.0,199.0,Tagesspiegel,DE-BB,Potsdam-Mittelmark,214664.0,83.0
2020-05-26,12069,534.0,40.0,199.0,Tagesspiegel,DE-BB,Potsdam-Mittelmark,214664.0,83.0
2020-05-27,12069,538.0,40.0,199.0,Tagesspiegel,DE-BB,Potsdam-Mittelmark,214664.0,83.0
2020-05-28,12069,541.0,40.0,199.0,Tagesspiegel,DE-BB,Potsdam-Mittelmark,214664.0,83.0
2020-05-29,12069,545.0,40.0,199.0,Tagesspiegel,DE-BB,Potsdam-Mittelmark,214664.0,83.0
2020-06-03,12069,551.0,41.0,457.0,Tagesspiegel,DE-BB,Potsdam-Mittelmark,214664.0,83.0
2020-06-05,12069,555.0,42.0,468.0,Tagesspiegel,DE-BB,Potsdam-Mittelmark,214664.0,83.0
2020-06-09,12069,555.0,42.0,475.0,Tagesspiegel,DE-BB,Potsdam-Mittelmark,214664.0,83.0
2020-06-13,12069,556.0,42.0,495.0,Tagesspiegel,DE-BB,Potsdam-Mittelmark,214664.0,83.0
2020-06-14,12069,556.0,42.0,496.0,Tagesspiegel,DE-BB,Potsdam-Mittelmark,214664.0,83.0
2020-06-15,12069,557.0,42.0,497.0,Tagesspiegel,DE-BB,Potsdam-Mittelmark,214664.0,83.0
2020-06-18,12069,559.0,42.0,500.0,Tagesspiegel,DE-BB,Potsdam-Mittelmark,214664.0,83.0
2020-06-19,12069,559.0,42.0,501.0,Tagesspiegel,DE-BB,Potsdam-Mittelmark,214664.0,83.0
2020-06-23,12069,559.0,42.0,503.0,Tagesspiegel,DE-BB,Potsdam-Mittelmark,214664.0,83.0
2020-06-24,12069,560.0,42.0,503.0,Tagesspiegel,DE-BB,Potsdam-Mittelmark,214664.0,83.0
2020-06-28,12069,567.0,42.0,514.0,Tagesspiegel,DE-BB,Potsdam-Mittelmark,214664.0,83.0
2020-07-04,12069,574.0,42.0,524.0,Tagesspiegel,DE-BB,Potsdam-Mittelmark,214664.0,83.0
2020-03-24,12070,3.0,0.0,3.0,RKI,DE-BB,Prignitz,76508.0,36.0
2020-03-25,12070,3.0,0.0,3.0,RKI,DE-BB,Prignitz,76508.0,36.0
2020-03-26,12070,5.0,0.0,5.0,RKI,DE-BB,Prignitz,76508.0,36.0
2020-04-03,12070,7.0,0.0,7.0,RKI,DE-BB,Prignitz,76508.0,36.0
2020-04-04,12070,8.0,0.0,8.0,RKI,DE-BB,Prignitz,76508.0,36.0
2020-04-06,12070,9.0,0.0,9.0,RKI,DE-BB,Prignitz,76508.0,36.0
2020-04-07,12070,9.0,0.0,9.0,RKI,DE-BB,Prignitz,76508.0,36.0
2020-04-08,12070,9.0,0.0,9.0,RKI,DE-BB,Prignitz,76508.0,36.0
2020-04-09,12070,10.0,0.0,10.0,RKI,DE-BB,Prignitz,76508.0,36.0
2020-04-14,12070,12.0,0.0,12.0,RKI,DE-BB,Prignitz,76508.0,36.0
2020-05-02,12070,23.0,0.0,19.0,Tagesspiegel,DE-BB,Prignitz,76508.0,36.0
2020-05-12,12070,24.0,0.0,21.0,Tagesspiegel,DE-BB,Prignitz,76508.0,36.0
2020-06-06,12070,25.0,0.0,25.0,Tagesspiegel,DE-BB,Prignitz,76508.0,36.0
2020-06-15,12070,26.0,0.0,25.0,Tagesspiegel,DE-BB,Prignitz,76508.0,36.0
2020-06-19,12070,28.0,0.0,25.0,Tagesspiegel,DE-BB,Prignitz,76508.0,36.0
2020-03-09,12071,0.0,0.0,0.0,RKI,DE-BB,Spree-Neiße,114429.0,69.0
2020-03-11,12071,0.0,0.0,0.0,RKI,DE-BB,Spree-Neiße,114429.0,69.0
2020-03-12,12071,1.0,0.0,1.0,RKI,DE-BB,Spree-Neiße,114429.0,69.0
2020-03-13,12071,3.0,0.0,3.0,RKI,DE-BB,Spree-Neiße,114429.0,69.0
2020-03-14,12071,4.0,0.0,4.0,RKI,DE-BB,Spree-Neiße,114429.0,69.0
2020-03-16,12071,5.0,0.0,5.0,RKI,DE-BB,Spree-Neiße,114429.0,69.0
2020-03-17,12071,11.0,0.0,11.0,RKI,DE-BB,Spree-Neiße,114429.0,69.0
2020-03-18,12071,11.0,0.0,11.0,RKI,DE-BB,Spree-Neiße,114429.0,69.0
2020-03-19,12071,12.0,0.0,12.0,RKI,DE-BB,Spree-Neiße,114429.0,69.0
2020-03-20,12071,12.0,0.0,12.0,RKI,DE-BB,Spree-Neiße,114429.0,69.0
2020-03-23,12071,17.0,0.0,17.0,RKI,DE-BB,Spree-Neiße,114429.0,69.0
2020-03-25,12071,22.0,0.0,22.0,RKI,DE-BB,Spree-Neiße,114429.0,69.0
2020-03-26,12071,24.0,0.0,24.0,RKI,DE-BB,Spree-Neiße,114429.0,69.0
2020-03-27,12071,26.0,0.0,26.0,RKI,DE-BB,Spree-Neiße,114429.0,69.0
2020-03-28,12071,27.0,0.0,27.0,RKI,DE-BB,Spree-Neiße,114429.0,69.0
2020-03-30,12071,40.0,0.0,11.0,Tagesspiegel,DE-BB,Spree-Neiße,114429.0,69.0
2020-03-31,12071,43.0,0.0,17.0,Tagesspiegel,DE-BB,Spree-Neiße,114429.0,69.0
2020-04-01,12071,44.0,0.0,17.0,Tagesspiegel,DE-BB,Spree-Neiße,114429.0,69.0
2020-04-02,12071,46.0,0.0,18.0,Tagesspiegel,DE-BB,Spree-Neiße,114429.0,69.0
2020-04-03,12071,46.0,0.0,26.0,Tagesspiegel,DE-BB,Spree-Neiße,114429.0,69.0
2020-04-06,12071,51.0,0.0,26.0,Tagesspiegel,DE-BB,Spree-Neiße,114429.0,69.0
2020-04-14,12071,51.0,0.0,38.0,Tagesspiegel,DE-BB,Spree-Neiße,114429.0,69.0
2020-04-18,12071,52.0,0.0,47.0,Tagesspiegel,DE-BB,Spree-Neiße,114429.0,69.0
2020-04-20,12071,53.0,0.0,47.0,Tagesspiegel,DE-BB,Spree-Neiße,114429.0,69.0
2020-04-24,12071,54.0,0.0,51.0,Tagesspiegel,DE-BB,Spree-Neiße,114429.0,69.0
2020-04-26,12071,57.0,0.0,51.0,Tagesspiegel,DE-BB,Spree-Neiße,114429.0,69.0
2020-04-27,12071,62.0,0.0,51.0,Tagesspiegel,DE-BB,Spree-Neiße,114429.0,69.0
2020-05-30,12071,63.0,0.0,63.0,Tagesspiegel,DE-BB,Spree-Neiße,114429.0,69.0
2020-06-18,12071,64.0,0.0,64.0,Tagesspiegel,DE-BB,Spree-Neiße,114429.0,69.0
2020-06-20,12071,65.0,0.0,64.0,Tagesspiegel,DE-BB,Spree-Neiße,114429.0,69.0
2020-07-11,12071,66.0,0.0,66.0,Tagesspiegel,DE-BB,Spree-Neiße,114429.0,69.0
2020-03-13,12072,0.0,0.0,0.0,RKI,DE-BB,Teltow-Fläming,168296.0,80.0
2020-03-14,12072,3.0,0.0,3.0,RKI,DE-BB,Teltow-Fläming,168296.0,80.0
2020-03-17,12072,6.0,0.0,6.0,RKI,DE-BB,Teltow-Fläming,168296.0,80.0
2020-03-18,12072,6.0,0.0,6.0,RKI,DE-BB,Teltow-Fläming,168296.0,80.0
2020-03-19,12072,6.0,0.0,6.0,RKI,DE-BB,Teltow-Fläming,168296.0,80.0
2020-03-20,12072,9.0,0.0,9.0,RKI,DE-BB,Teltow-Fläming,168296.0,80.0
2020-03-21,12072,11.0,0.0,11.0,RKI,DE-BB,Teltow-Fläming,168296.0,80.0
2020-03-22,12072,12.0,0.0,12.0,RKI,DE-BB,Teltow-Fläming,168296.0,80.0
2020-03-25,12072,25.0,0.0,25.0,RKI,DE-BB,Teltow-Fläming,168296.0,80.0
2020-03-26,12072,25.0,0.0,25.0,RKI,DE-BB,Teltow-Fläming,168296.0,80.0
2020-03-27,12072,29.0,0.0,29.0,RKI,DE-BB,Teltow-Fläming,168296.0,80.0
2020-03-28,12072,29.0,0.0,29.0,RKI,DE-BB,Teltow-Fläming,168296.0,80.0
2020-03-30,12072,43.0,0.0,13.0,Tagesspiegel,DE-BB,Teltow-Fläming,168296.0,80.0
2020-03-31,12072,43.0,0.0,13.0,Tagesspiegel,DE-BB,Teltow-Fläming,168296.0,80.0
2020-04-01,12072,50.0,0.0,13.0,Tagesspiegel,DE-BB,Teltow-Fläming,168296.0,80.0
2020-04-02,12072,56.0,0.0,13.0,Tagesspiegel,DE-BB,Teltow-Fläming,168296.0,80.0
2020-04-03,12072,59.0,0.0,13.0,Tagesspiegel,DE-BB,Teltow-Fläming,168296.0,80.0
2020-04-04,12072,67.0,0.0,13.0,Tagesspiegel,DE-BB,Teltow-Fläming,168296.0,80.0
2020-04-06,12072,70.0,0.0,13.0,Tagesspiegel,DE-BB,Teltow-Fläming,168296.0,80.0
2020-04-07,12072,71.0,1.0,13.0,Tagesspiegel,DE-BB,Teltow-Fläming,168296.0,80.0
2020-04-08,12072,75.0,2.0,13.0,Tagesspiegel,DE-BB,Teltow-Fläming,168296.0,80.0
2020-04-09,12072,83.0,2.0,13.0,Tagesspiegel,DE-BB,Teltow-Fläming,168296.0,80.0
2020-04-10,12072,88.0,2.0,13.0,Tagesspiegel,DE-BB,Teltow-Fläming,168296.0,80.0
2020-04-11,12072,90.0,2.0,13.0,Tagesspiegel,DE-BB,Teltow-Fläming,168296.0,80.0
2020-04-14,12072,92.0,2.0,13.0,Tagesspiegel,DE-BB,Teltow-Fläming,168296.0,80.0
2020-04-15,12072,94.0,3.0,13.0,Tagesspiegel,DE-BB,Teltow-Fläming,168296.0,80.0
2020-04-16,12072,99.0,4.0,39.0,Tagesspiegel,DE-BB,Teltow-Fläming,168296.0,80.0
2020-04-17,12072,101.0,4.0,53.0,Tagesspiegel,DE-BB,Teltow-Fläming,168296.0,80.0
2020-04-18,12072,102.0,5.0,54.0,Tagesspiegel,DE-BB,Teltow-Fläming,168296.0,80.0
2020-04-19,12072,105.0,5.0,54.0,Tagesspiegel,DE-BB,Teltow-Fläming,168296.0,80.0
2020-04-20,12072,106.0,5.0,55.0,Tagesspiegel,DE-BB,Teltow-Fläming,168296.0,80.0
2020-04-21,12072,110.0,5.0,62.0,Tagesspiegel,DE-BB,Teltow-Fläming,168296.0,80.0
2020-04-22,12072,110.0,5.0,72.0,Tagesspiegel,DE-BB,Teltow-Fläming,168296.0,80.0
2020-04-23,12072,117.0,7.0,72.0,Tagesspiegel,DE-BB,Teltow-Fläming,168296.0,80.0
2020-04-24,12072,120.0,7.0,74.0,Tagesspiegel,DE-BB,Teltow-Fläming,168296.0,80.0
2020-04-27,12072,123.0,9.0,78.0,Tagesspiegel,DE-BB,Teltow-Fläming,168296.0,80.0
2020-04-28,12072,124.0,9.0,79.0,Tagesspiegel,DE-BB,Teltow-Fläming,168296.0,80.0
2020-04-29,12072,125.0,9.0,81.0,Tagesspiegel,DE-BB,Teltow-Fläming,168296.0,80.0
2020-05-02,12072,130.0,9.0,95.0,Tagesspiegel,DE-BB,Teltow-Fläming,168296.0,80.0
2020-05-03,12072,131.0,9.0,99.0,Tagesspiegel,DE-BB,Teltow-Fläming,168296.0,80.0
2020-05-04,12072,131.0,9.0,101.0,Tagesspiegel,DE-BB,Teltow-Fläming,168296.0,80.0
2020-05-06,12072,136.0,10.0,103.0,Tagesspiegel,DE-BB,Teltow-Fläming,168296.0,80.0
2020-05-08,12072,141.0,11.0,106.0,Tagesspiegel,DE-BB,Teltow-Fläming,168296.0,80.0
2020-05-14,12072,146.0,11.0,116.0,Tagesspiegel,DE-BB,Teltow-Fläming,168296.0,80.0
2020-05-20,12072,147.0,11.0,120.0,Tagesspiegel,DE-BB,Teltow-Fläming,168296.0,80.0
2020-06-15,12072,148.0,12.0,136.0,Tagesspiegel,DE-BB,Teltow-Fläming,168296.0,80.0
2020-06-16,12072,148.0,12.0,136.0,Tagesspiegel,DE-BB,Teltow-Fläming,168296.0,80.0
2020-06-17,12072,151.0,12.0,136.0,Tagesspiegel,DE-BB,Teltow-Fläming,168296.0,80.0
2020-06-18,12072,152.0,12.0,136.0,Tagesspiegel,DE-BB,Teltow-Fläming,168296.0,80.0
2020-06-19,12072,153.0,12.0,136.0,Tagesspiegel,DE-BB,Teltow-Fläming,168296.0,80.0
2020-06-20,12072,153.0,12.0,136.0,Tagesspiegel,DE-BB,Teltow-Fläming,168296.0,80.0
2020-06-22,12072,163.0,12.0,136.0,Tagesspiegel,DE-BB,Teltow-Fläming,168296.0,80.0
2020-06-23,12072,164.0,12.0,136.0,Tagesspiegel,DE-BB,Teltow-Fläming,168296.0,80.0
2020-06-26,12072,170.0,12.0,136.0,Tagesspiegel,DE-BB,Teltow-Fläming,168296.0,80.0
2020-06-29,12072,171.0,12.0,138.0,Tagesspiegel,DE-BB,Teltow-Fläming,168296.0,80.0
2020-07-01,12072,172.0,13.0,140.0,Tagesspiegel,DE-BB,Teltow-Fläming,168296.0,80.0
2020-07-02,12072,175.0,13.0,145.0,Tagesspiegel,DE-BB,Teltow-Fläming,168296.0,80.0
2020-07-06,12072,177.0,13.0,151.0,Tagesspiegel,DE-BB,Teltow-Fläming,168296.0,80.0
2020-07-09,12072,178.0,13.0,157.0,Tagesspiegel,DE-BB,Teltow-Fläming,168296.0,80.0
2020-07-10,12072,179.0,13.0,158.0,Tagesspiegel,DE-BB,Teltow-Fläming,168296.0,80.0
2020-07-15,12072,181.0,13.0,160.0,Tagesspiegel,DE-BB,Teltow-Fläming,168296.0,80.0
2020-03-18,12073,2.0,0.0,2.0,RKI,DE-BB,Uckermark,119552.0,39.0
2020-03-24,12073,2.0,0.0,2.0,RKI,DE-BB,Uckermark,119552.0,39.0
2020-03-26,12073,4.0,0.0,4.0,RKI,DE-BB,Uckermark,119552.0,39.0
2020-03-27,12073,4.0,0.0,4.0,RKI,DE-BB,Uckermark,119552.0,39.0
2020-03-28,12073,4.0,0.0,4.0,RKI,DE-BB,Uckermark,119552.0,39.0
2020-03-30,12073,11.0,1.0,10.0,RKI,DE-BB,Uckermark,119552.0,39.0
2020-04-01,12073,13.0,1.0,12.0,RKI,DE-BB,Uckermark,119552.0,39.0
2020-04-02,12073,13.0,1.0,12.0,RKI,DE-BB,Uckermark,119552.0,39.0
2020-04-06,12073,13.0,1.0,12.0,RKI,DE-BB,Uckermark,119552.0,39.0
2020-04-07,12073,13.0,1.0,12.0,RKI,DE-BB,Uckermark,119552.0,39.0
2020-04-10,12073,24.0,1.0,11.0,Tagesspiegel,DE-BB,Uckermark,119552.0,39.0
2020-04-11,12073,24.0,1.0,11.0,Tagesspiegel,DE-BB,Uckermark,119552.0,39.0
2020-04-12,12073,26.0,1.0,18.0,Tagesspiegel,DE-BB,Uckermark,119552.0,39.0
2020-04-17,12073,29.0,1.0,18.0,Tagesspiegel,DE-BB,Uckermark,119552.0,39.0
2020-04-18,12073,29.0,1.0,18.0,Tagesspiegel,DE-BB,Uckermark,119552.0,39.0
2020-04-20,12073,31.0,1.0,18.0,Tagesspiegel,DE-BB,Uckermark,119552.0,39.0
2020-04-21,12073,32.0,1.0,18.0,Tagesspiegel,DE-BB,Uckermark,119552.0,39.0
2020-04-30,12073,35.0,1.0,27.0,Tagesspiegel,DE-BB,Uckermark,119552.0,39.0
2020-05-27,12073,36.0,2.0,34.0,Tagesspiegel,DE-BB,Uckermark,119552.0,39.0
2020-06-13,12073,37.0,2.0,34.0,Tagesspiegel,DE-BB,Uckermark,119552.0,39.0
2020-06-16,12073,37.0,2.0,35.0,Tagesspiegel,DE-BB,Uckermark,119552.0,39.0
2020-06-17,12073,40.0,2.0,35.0,Tagesspiegel,DE-BB,Uckermark,119552.0,39.0
2020-06-18,12073,40.0,2.0,35.0,Tagesspiegel,DE-BB,Uckermark,119552.0,39.0
2020-06-30,12073,44.0,2.0,37.0,Tagesspiegel,DE-BB,Uckermark,119552.0,39.0
2020-03-02,4011,0.0,0.0,0.0,RKI,DE-HB,Bremen,569352.0,1749.0
2020-03-03,4011,1.0,0.0,1.0,RKI,DE-HB,Bremen,569352.0,1749.0
2020-03-09,4011,6.0,0.0,6.0,RKI,DE-HB,Bremen,569352.0,1749.0
2020-03-10,4011,16.0,0.0,16.0,RKI,DE-HB,Bremen,569352.0,1749.0
2020-03-11,4011,26.0,0.0,26.0,RKI,DE-HB,Bremen,569352.0,1749.0
2020-03-12,4011,31.0,0.0,31.0,RKI,DE-HB,Bremen,569352.0,1749.0
2020-03-13,4011,34.0,0.0,34.0,RKI,DE-HB,Bremen,569352.0,1749.0
2020-03-14,4011,35.0,0.0,35.0,RKI,DE-HB,Bremen,569352.0,1749.0
2020-03-15,4011,37.0,0.0,37.0,RKI,DE-HB,Bremen,569352.0,1749.0
2020-03-16,4011,37.0,0.0,37.0,RKI,DE-HB,Bremen,569352.0,1749.0
2020-03-17,4011,44.0,1.0,43.0,RKI,DE-HB,Bremen,569352.0,1749.0
2020-03-18,4011,52.0,1.0,51.0,RKI,DE-HB,Bremen,569352.0,1749.0
2020-03-19,4011,87.0,1.0,86.0,RKI,DE-HB,Bremen,569352.0,1749.0
2020-03-20,4011,110.0,1.0,109.0,RKI,DE-HB,Bremen,569352.0,1749.0
2020-03-21,4011,131.0,1.0,130.0,RKI,DE-HB,Bremen,569352.0,1749.0
2020-03-22,4011,134.0,1.0,133.0,RKI,DE-HB,Bremen,569352.0,1749.0
2020-03-23,4011,145.0,1.0,144.0,RKI,DE-HB,Bremen,569352.0,1749.0
2020-03-24,4011,163.0,2.0,161.0,RKI,DE-HB,Bremen,569352.0,1749.0
2020-03-25,4011,171.0,2.0,169.0,RKI,DE-HB,Bremen,569352.0,1749.0
2020-03-26,4011,201.0,4.0,197.0,RKI,DE-HB,Bremen,569352.0,1749.0
2020-03-27,4011,220.0,5.0,215.0,RKI,DE-HB,Bremen,569352.0,1749.0
2020-03-28,4011,241.0,5.0,236.0,RKI,DE-HB,Bremen,569352.0,1749.0
2020-03-29,4011,241.0,5.0,236.0,RKI,DE-HB,Bremen,569352.0,1749.0
2020-03-30,4011,270.0,4.0,62.0,Tagesspiegel,DE-HB,Bremen,569352.0,1749.0
2020-03-31,4011,277.0,5.0,68.0,Tagesspiegel,DE-HB,Bremen,569352.0,1749.0
2020-04-01,4011,292.0,6.0,84.0,Tagesspiegel,DE-HB,Bremen,569352.0,1749.0
2020-04-02,4011,308.0,6.0,98.0,Tagesspiegel,DE-HB,Bremen,569352.0,1749.0
2020-04-03,4011,319.0,6.0,123.0,Tagesspiegel,DE-HB,Bremen,569352.0,1749.0
2020-04-04,4011,331.0,6.0,123.0,Tagesspiegel,DE-HB,Bremen,569352.0,1749.0
2020-04-05,4011,365.0,8.0,123.0,Tagesspiegel,DE-HB,Bremen,569352.0,1749.0
2020-04-06,4011,368.0,9.0,149.0,Tagesspiegel,DE-HB,Bremen,569352.0,1749.0
2020-04-07,4011,370.0,10.0,163.0,Tagesspiegel,DE-HB,Bremen,569352.0,1749.0
2020-04-08,4011,396.0,11.0,179.0,Tagesspiegel,DE-HB,Bremen,569352.0,1749.0
2020-04-09,4011,416.0,13.0,193.0,Tagesspiegel,DE-HB,Bremen,569352.0,1749.0
2020-04-10,4011,425.0,13.0,193.0,Tagesspiegel,DE-HB,Bremen,569352.0,1749.0
2020-04-11,4011,425.0,15.0,217.0,Tagesspiegel,DE-HB,Bremen,569352.0,1749.0
2020-04-12,4011,451.0,15.0,235.0,Tagesspiegel,DE-HB,Bremen,569352.0,1749.0
2020-04-13,4011,451.0,20.0,221.0,Tagesspiegel,DE-HB,Bremen,569352.0,1749.0
2020-04-14,4011,463.0,21.0,239.0,Tagesspiegel,DE-HB,Bremen,569352.0,1749.0
2020-04-15,4011,471.0,21.0,249.0,Tagesspiegel,DE-HB,Bremen,569352.0,1749.0
2020-04-16,4011,478.0,22.0,262.0,Tagesspiegel,DE-HB,Bremen,569352.0,1749.0
2020-04-17,4011,526.0,24.0,277.0,Tagesspiegel,DE-HB,Bremen,569352.0,1749.0
2020-04-18,4011,537.0,25.0,277.0,Tagesspiegel,DE-HB,Bremen,569352.0,1749.0
2020-04-19,4011,555.0,25.0,277.0,Tagesspiegel,DE-HB,Bremen,569352.0,1749.0
2020-04-20,4011,574.0,25.0,291.0,Tagesspiegel,DE-HB,Bremen,569352.0,1749.0
2020-04-21,4011,578.0,26.0,308.0,Tagesspiegel,DE-HB,Bremen,569352.0,1749.0
2020-04-22,4011,595.0,27.0,323.0,Tagesspiegel,DE-HB,Bremen,569352.0,1749.0
2020-04-23,4011,643.0,27.0,336.0,Tagesspiegel,DE-HB,Bremen,569352.0,1749.0
2020-04-24,4011,676.0,27.0,348.0,Tagesspiegel,DE-HB,Bremen,569352.0,1749.0
2020-04-25,4011,682.0,27.0,348.0,Tagesspiegel,DE-HB,Bremen,569352.0,1749.0
2020-04-26,4011,700.0,27.0,349.0,Tagesspiegel,DE-HB,Bremen,569352.0,1749.0
2020-04-27,4011,714.0,27.0,367.0,Tagesspiegel,DE-HB,Bremen,569352.0,1749.0
2020-04-28,4011,719.0,29.0,388.0,Tagesspiegel,DE-HB,Bremen,569352.0,1749.0
2020-04-29,4011,751.0,29.0,396.0,Tagesspiegel,DE-HB,Bremen,569352.0,1749.0
2020-04-30,4011,777.0,30.0,412.0,Tagesspiegel,DE-HB,Bremen,569352.0,1749.0
2020-05-01,4011,806.0,30.0,412.0,Tagesspiegel,DE-HB,Bremen,569352.0,1749.0
2020-05-02,4011,807.0,30.0,412.0,Tagesspiegel,DE-HB,Bremen,569352.0,1749.0
2020-05-03,4011,820.0,30.0,412.0,Tagesspiegel,DE-HB,Bremen,569352.0,1749.0
2020-05-04,4011,837.0,30.0,474.0,Tagesspiegel,DE-HB,Bremen,569352.0,1749.0
2020-05-05,4011,838.0,30.0,474.0,Tagesspiegel,DE-HB,Bremen,569352.0,1749.0
2020-05-06,4011,854.0,30.0,431.0,Tagesspiegel,DE-HB,Bremen,569352.0,1749.0
2020-05-07,4011,895.0,30.0,536.0,Tagesspiegel,DE-HB,Bremen,569352.0,1749.0
2020-05-08,4011,925.0,30.0,542.0,Tagesspiegel,DE-HB,Bremen,569352.0,1749.0
2020-05-09,4011,949.0,30.0,542.0,Tagesspiegel,DE-HB,Bremen,569352.0,1749.0
2020-05-10,4011,965.0,31.0,542.0,Tagesspiegel,DE-HB,Bremen,569352.0,1749.0
2020-05-11,4011,975.0,31.0,542.0,Tagesspiegel,DE-HB,Bremen,569352.0,1749.0
2020-05-12,4011,978.0,32.0,602.0,Tagesspiegel,DE-HB,Bremen,569352.0,1749.0
2020-05-13,4011,996.0,32.0,602.0,Tagesspiegel,DE-HB,Bremen,569352.0,1749.0
2020-05-14,4011,1023.0,33.0,642.0,Tagesspiegel,DE-HB,Bremen,569352.0,1749.0
2020-05-15,4011,1047.0,33.0,642.0,Tagesspiegel,DE-HB,Bremen,569352.0,1749.0
2020-05-16,4011,1068.0,33.0,655.0,Tagesspiegel,DE-HB,Bremen,569352.0,1749.0
2020-05-17,4011,1082.0,34.0,655.0,Tagesspiegel,DE-HB,Bremen,569352.0,1749.0
2020-05-18,4011,1089.0,34.0,736.0,Tagesspiegel,DE-HB,Bremen,569352.0,1749.0
2020-05-19,4011,1155.0,34.0,811.0,Tagesspiegel,DE-HB,Bremen,569352.0,1749.0
2020-05-20,4011,1174.0,34.0,811.0,Tagesspiegel,DE-HB,Bremen,569352.0,1749.0
2020-05-21,4011,1191.0,35.0,823.0,Tagesspiegel,DE-HB,Bremen,569352.0,1749.0
2020-05-22,4011,1191.0,37.0,865.0,Tagesspiegel,DE-HB,Bremen,569352.0,1749.0
2020-05-23,4011,1212.0,37.0,865.0,Tagesspiegel,DE-HB,Bremen,569352.0,1749.0
2020-05-24,4011,1214.0,37.0,865.0,Tagesspiegel,DE-HB,Bremen,569352.0,1749.0
2020-05-25,4011,1226.0,37.0,865.0,Tagesspiegel,DE-HB,Bremen,569352.0,1749.0
2020-05-26,4011,1227.0,37.0,912.0,Tagesspiegel,DE-HB,Bremen,569352.0,1749.0
2020-05-27,4011,1234.0,37.0,967.0,Tagesspiegel,DE-HB,Bremen,569352.0,1749.0
2020-05-28,4011,1256.0,37.0,995.0,Tagesspiegel,DE-HB,Bremen,569352.0,1749.0
2020-05-29,4011,1275.0,38.0,1025.0,Tagesspiegel,DE-HB,Bremen,569352.0,1749.0
2020-05-30,4011,1292.0,38.0,1025.0,Tagesspiegel,DE-HB,Bremen,569352.0,1749.0
2020-05-31,4011,1292.0,38.0,1025.0,Tagesspiegel,DE-HB,Bremen,569352.0,1749.0
2020-06-01,4011,1292.0,38.0,1025.0,Tagesspiegel,DE-HB,Bremen,569352.0,1749.0
2020-06-02,4011,1292.0,39.0,1073.0,Tagesspiegel,DE-HB,Bremen,569352.0,1749.0
2020-06-03,4011,1316.0,39.0,1090.0,Tagesspiegel,DE-HB,Bremen,569352.0,1749.0
2020-06-04,4011,1328.0,39.0,1094.0,Tagesspiegel,DE-HB,Bremen,569352.0,1749.0
2020-06-05,4011,1337.0,39.0,1104.0,Tagesspiegel,DE-HB,Bremen,569352.0,1749.0
2020-06-06,4011,1346.0,39.0,1104.0,Tagesspiegel,DE-HB,Bremen,569352.0,1749.0
2020-06-07,4011,1349.0,39.0,1104.0,Tagesspiegel,DE-HB,Bremen,569352.0,1749.0
2020-06-08,4011,1355.0,39.0,1156.0,Tagesspiegel,DE-HB,Bremen,569352.0,1749.0
2020-06-09,4011,1356.0,39.0,1176.0,Tagesspiegel,DE-HB,Bremen,569352.0,1749.0
2020-06-10,4011,1371.0,39.0,1194.0,Tagesspiegel,DE-HB,Bremen,569352.0,1749.0
2020-06-11,4011,1387.0,40.0,1207.0,Tagesspiegel,DE-HB,Bremen,569352.0,1749.0
2020-06-12,4011,1391.0,40.0,1207.0,Tagesspiegel,DE-HB,Bremen,569352.0,1749.0
2020-06-13,4011,1397.0,40.0,1207.0,Tagesspiegel,DE-HB,Bremen,569352.0,1749.0
2020-06-14,4011,1397.0,40.0,1207.0,Tagesspiegel,DE-HB,Bremen,569352.0,1749.0
2020-06-15,4011,1397.0,42.0,1240.0,Tagesspiegel,DE-HB,Bremen,569352.0,1749.0
2020-06-16,4011,1408.0,43.0,1244.0,Tagesspiegel,DE-HB,Bremen,569352.0,1749.0
2020-06-17,4011,1421.0,43.0,1254.0,Tagesspiegel,DE-HB,Bremen,569352.0,1749.0
2020-06-18,4011,1427.0,43.0,1258.0,Tagesspiegel,DE-HB,Bremen,569352.0,1749.0
2020-06-19,4011,1432.0,43.0,1273.0,Tagesspiegel,DE-HB,Bremen,569352.0,1749.0
2020-06-20,4011,1440.0,43.0,1273.0,Tagesspiegel,DE-HB,Bremen,569352.0,1749.0
2020-06-21,4011,1449.0,43.0,1273.0,Tagesspiegel,DE-HB,Bremen,569352.0,1749.0
2020-06-22,4011,1451.0,43.0,1291.0,Tagesspiegel,DE-HB,Bremen,569352.0,1749.0
2020-06-24,4011,1454.0,43.0,1319.0,Tagesspiegel,DE-HB,Bremen,569352.0,1749.0
2020-06-25,4011,1456.0,43.0,1328.0,Tagesspiegel,DE-HB,Bremen,569352.0,1749.0
2020-06-26,4011,1459.0,44.0,1340.0,Tagesspiegel,DE-HB,Bremen,569352.0,1749.0
2020-06-27,4011,1460.0,44.0,1340.0,Tagesspiegel,DE-HB,Bremen,569352.0,1749.0
2020-06-30,4011,1462.0,47.0,1359.0,Tagesspiegel,DE-HB,Bremen,569352.0,1749.0
2020-07-01,4011,1467.0,47.0,1367.0,Tagesspiegel,DE-HB,Bremen,569352.0,1749.0
2020-07-02,4011,1469.0,47.0,1368.0,Tagesspiegel,DE-HB,Bremen,569352.0,1749.0
2020-07-04,4011,1472.0,47.0,1369.0,Tagesspiegel,DE-HB,Bremen,569352.0,1749.0
2020-07-05,4011,1475.0,48.0,1369.0,Tagesspiegel,DE-HB,Bremen,569352.0,1749.0
2020-07-07,4011,1476.0,48.0,1401.0,Tagesspiegel,DE-HB,Bremen,569352.0,1749.0
2020-07-08,4011,1477.0,48.0,1404.0,Tagesspiegel,DE-HB,Bremen,569352.0,1749.0
2020-07-09,4011,1478.0,48.0,1405.0,Tagesspiegel,DE-HB,Bremen,569352.0,1749.0
2020-07-10,4011,1482.0,49.0,1409.0,Tagesspiegel,DE-HB,Bremen,569352.0,1749.0
2020-07-13,4011,1483.0,49.0,1411.0,Tagesspiegel,DE-HB,Bremen,569352.0,1749.0
2020-07-15,4011,1484.0,49.0,1414.0,Tagesspiegel,DE-HB,Bremen,569352.0,1749.0
2020-07-16,4011,1488.0,49.0,1419.0,Tagesspiegel,DE-HB,Bremen,569352.0,1749.0
2020-03-12,4012,0.0,0.0,0.0,RKI,DE-HB,Bremerhaven,113634.0,1211.0
2020-03-13,4012,3.0,0.0,3.0,RKI,DE-HB,Bremerhaven,113634.0,1211.0
2020-03-14,4012,3.0,0.0,3.0,RKI,DE-HB,Bremerhaven,113634.0,1211.0
2020-03-17,4012,6.0,0.0,6.0,RKI,DE-HB,Bremerhaven,113634.0,1211.0
2020-03-18,4012,6.0,0.0,6.0,RKI,DE-HB,Bremerhaven,113634.0,1211.0
2020-03-19,4012,7.0,0.0,7.0,RKI,DE-HB,Bremerhaven,113634.0,1211.0
2020-03-25,4012,8.0,0.0,8.0,RKI,DE-HB,Bremerhaven,113634.0,1211.0
2020-03-28,4012,10.0,0.0,10.0,RKI,DE-HB,Bremerhaven,113634.0,1211.0
2020-03-30,4012,20.0,0.0,9.0,Tagesspiegel,DE-HB,Bremerhaven,113634.0,1211.0
2020-03-31,4012,20.0,0.0,9.0,Tagesspiegel,DE-HB,Bremerhaven,113634.0,1211.0
2020-04-03,4012,22.0,0.0,12.0,Tagesspiegel,DE-HB,Bremerhaven,113634.0,1211.0
2020-04-04,4012,23.0,0.0,12.0,Tagesspiegel,DE-HB,Bremerhaven,113634.0,1211.0
2020-04-07,4012,25.0,0.0,18.0,Tagesspiegel,DE-HB,Bremerhaven,113634.0,1211.0
2020-04-16,4012,26.0,0.0,24.0,Tagesspiegel,DE-HB,Bremerhaven,113634.0,1211.0
2020-04-20,4012,27.0,0.0,26.0,Tagesspiegel,DE-HB,Bremerhaven,113634.0,1211.0
2020-04-21,4012,29.0,0.0,26.0,Tagesspiegel,DE-HB,Bremerhaven,113634.0,1211.0
2020-04-23,4012,30.0,0.0,26.0,Tagesspiegel,DE-HB,Bremerhaven,113634.0,1211.0
2020-04-24,4012,32.0,0.0,26.0,Tagesspiegel,DE-HB,Bremerhaven,113634.0,1211.0
2020-04-25,4012,38.0,0.0,26.0,Tagesspiegel,DE-HB,Bremerhaven,113634.0,1211.0
2020-04-28,4012,40.0,0.0,26.0,Tagesspiegel,DE-HB,Bremerhaven,113634.0,1211.0
2020-04-29,4012,45.0,0.0,26.0,Tagesspiegel,DE-HB,Bremerhaven,113634.0,1211.0
2020-04-30,4012,50.0,0.0,26.0,Tagesspiegel,DE-HB,Bremerhaven,113634.0,1211.0
2020-05-01,4012,53.0,0.0,26.0,Tagesspiegel,DE-HB,Bremerhaven,113634.0,1211.0
2020-05-02,4012,53.0,0.0,26.0,Tagesspiegel,DE-HB,Bremerhaven,113634.0,1211.0
2020-05-03,4012,55.0,1.0,26.0,Tagesspiegel,DE-HB,Bremerhaven,113634.0,1211.0
2020-05-04,4012,56.0,2.0,26.0,Tagesspiegel,DE-HB,Bremerhaven,113634.0,1211.0
2020-05-05,4012,56.0,2.0,26.0,Tagesspiegel,DE-HB,Bremerhaven,113634.0,1211.0
2020-05-06,4012,63.0,2.0,28.0,Tagesspiegel,DE-HB,Bremerhaven,113634.0,1211.0
2020-05-07,4012,71.0,2.0,28.0,Tagesspiegel,DE-HB,Bremerhaven,113634.0,1211.0
2020-05-08,4012,73.0,2.0,30.0,Tagesspiegel,DE-HB,Bremerhaven,113634.0,1211.0
2020-05-10,4012,79.0,2.0,30.0,Tagesspiegel,DE-HB,Bremerhaven,113634.0,1211.0
2020-05-12,4012,81.0,3.0,31.0,Tagesspiegel,DE-HB,Bremerhaven,113634.0,1211.0
2020-05-14,4012,83.0,3.0,35.0,Tagesspiegel,DE-HB,Bremerhaven,113634.0,1211.0
2020-05-20,4012,85.0,3.0,50.0,Tagesspiegel,DE-HB,Bremerhaven,113634.0,1211.0
2020-05-23,4012,84.0,3.0,56.0,Tagesspiegel,DE-HB,Bremerhaven,113634.0,1211.0
2020-05-24,4012,85.0,3.0,56.0,Tagesspiegel,DE-HB,Bremerhaven,113634.0,1211.0
2020-05-26,4012,86.0,3.0,62.0,Tagesspiegel,DE-HB,Bremerhaven,113634.0,1211.0
2020-05-27,4012,89.0,3.0,66.0,Tagesspiegel,DE-HB,Bremerhaven,113634.0,1211.0
2020-05-28,4012,92.0,3.0,67.0,Tagesspiegel,DE-HB,Bremerhaven,113634.0,1211.0
2020-05-29,4012,97.0,3.0,70.0,Tagesspiegel,DE-HB,Bremerhaven,113634.0,1211.0
2020-05-30,4012,112.0,3.0,72.0,Tagesspiegel,DE-HB,Bremerhaven,113634.0,1211.0
2020-05-31,4012,120.0,3.0,72.0,Tagesspiegel,DE-HB,Bremerhaven,113634.0,1211.0
2020-06-02,4012,120.0,3.0,73.0,Tagesspiegel,DE-HB,Bremerhaven,113634.0,1211.0
2020-06-03,4012,132.0,3.0,77.0,Tagesspiegel,DE-HB,Bremerhaven,113634.0,1211.0
2020-06-04,4012,136.0,3.0,77.0,Tagesspiegel,DE-HB,Bremerhaven,113634.0,1211.0
2020-06-05,4012,163.0,3.0,77.0,Tagesspiegel,DE-HB,Bremerhaven,113634.0,1211.0
2020-06-06,4012,168.0,4.0,77.0,Tagesspiegel,DE-HB,Bremerhaven,113634.0,1211.0
2020-06-07,4012,170.0,4.0,77.0,Tagesspiegel,DE-HB,Bremerhaven,113634.0,1211.0
2020-06-10,4012,179.0,4.0,83.0,Tagesspiegel,DE-HB,Bremerhaven,113634.0,1211.0
2020-06-11,4012,181.0,5.0,83.0,Tagesspiegel,DE-HB,Bremerhaven,113634.0,1211.0
2020-06-12,4012,183.0,5.0,97.0,Tagesspiegel,DE-HB,Bremerhaven,113634.0,1211.0
2020-06-14,4012,187.0,5.0,97.0,Tagesspiegel,DE-HB,Bremerhaven,113634.0,1211.0
2020-06-16,4012,188.0,6.0,116.0,Tagesspiegel,DE-HB,Bremerhaven,113634.0,1211.0
2020-06-17,4012,189.0,6.0,124.0,Tagesspiegel,DE-HB,Bremerhaven,113634.0,1211.0
2020-06-18,4012,195.0,6.0,125.0,Tagesspiegel,DE-HB,Bremerhaven,113634.0,1211.0
2020-06-19,4012,197.0,6.0,160.0,Tagesspiegel,DE-HB,Bremerhaven,113634.0,1211.0
2020-06-21,4012,199.0,6.0,163.0,Tagesspiegel,DE-HB,Bremerhaven,113634.0,1211.0
2020-06-22,4012,200.0,6.0,163.0,Tagesspiegel,DE-HB,Bremerhaven,113634.0,1211.0
2020-06-29,4012,202.0,6.0,180.0,Tagesspiegel,DE-HB,Bremerhaven,113634.0,1211.0
2020-07-01,4012,203.0,6.0,189.0,Tagesspiegel,DE-HB,Bremerhaven,113634.0,1211.0
2020-07-02,4012,204.0,6.0,192.0,Tagesspiegel,DE-HB,Bremerhaven,113634.0,1211.0
2020-07-07,4012,206.0,6.0,195.0,Tagesspiegel,DE-HB,Bremerhaven,113634.0,1211.0
2020-07-08,4012,207.0,6.0,195.0,Tagesspiegel,DE-HB,Bremerhaven,113634.0,1211.0
2020-07-12,4012,209.0,6.0,196.0,Tagesspiegel,DE-HB,Bremerhaven,113634.0,1211.0
2020-07-15,4012,210.0,6.0,197.0,Tagesspiegel,DE-HB,Bremerhaven,113634.0,1211.0
2020-07-16,4012,212.0,6.0,200.0,Tagesspiegel,DE-HB,Bremerhaven,113634.0,1211.0
2020-03-01,2000,0.0,0.0,0.0,RKI,DE-HH,Hamburg,1841179.0,2505.0
2020-03-03,2000,2.0,0.0,2.0,RKI,DE-HH,Hamburg,1841179.0,2505.0
2020-03-04,2000,2.0,0.0,2.0,RKI,DE-HH,Hamburg,1841179.0,2505.0
2020-03-05,2000,6.0,0.0,6.0,RKI,DE-HH,Hamburg,1841179.0,2505.0
2020-03-06,2000,8.0,1.0,7.0,RKI,DE-HH,Hamburg,1841179.0,2505.0
2020-03-07,2000,11.0,1.0,10.0,RKI,DE-HH,Hamburg,1841179.0,2505.0
2020-03-08,2000,15.0,1.0,14.0,RKI,DE-HH,Hamburg,1841179.0,2505.0
2020-03-09,2000,35.0,1.0,34.0,RKI,DE-HH,Hamburg,1841179.0,2505.0
2020-03-10,2000,64.0,1.0,63.0,RKI,DE-HH,Hamburg,1841179.0,2505.0
2020-03-11,2000,92.0,1.0,91.0,RKI,DE-HH,Hamburg,1841179.0,2505.0
2020-03-12,2000,133.0,2.0,131.0,RKI,DE-HH,Hamburg,1841179.0,2505.0
2020-03-13,2000,169.0,3.0,166.0,RKI,DE-HH,Hamburg,1841179.0,2505.0
2020-03-14,2000,247.0,4.0,243.0,RKI,DE-HH,Hamburg,1841179.0,2505.0
2020-03-15,2000,324.0,4.0,320.0,RKI,DE-HH,Hamburg,1841179.0,2505.0
2020-03-16,2000,403.0,4.0,399.0,RKI,DE-HH,Hamburg,1841179.0,2505.0
2020-03-17,2000,535.0,5.0,530.0,RKI,DE-HH,Hamburg,1841179.0,2505.0
2020-03-18,2000,668.0,5.0,663.0,RKI,DE-HH,Hamburg,1841179.0,2505.0
2020-03-19,2000,851.0,7.0,844.0,RKI,DE-HH,Hamburg,1841179.0,2505.0
2020-03-20,2000,997.0,9.0,988.0,RKI,DE-HH,Hamburg,1841179.0,2505.0
2020-03-21,2000,1102.0,10.0,1092.0,RKI,DE-HH,Hamburg,1841179.0,2505.0
2020-03-22,2000,1250.0,12.0,1238.0,RKI,DE-HH,Hamburg,1841179.0,2505.0
2020-03-23,2000,1382.0,13.0,1369.0,RKI,DE-HH,Hamburg,1841179.0,2505.0
2020-03-24,2000,1588.0,16.0,1572.0,RKI,DE-HH,Hamburg,1841179.0,2505.0
2020-03-25,2000,1750.0,27.0,1723.0,RKI,DE-HH,Hamburg,1841179.0,2505.0
2020-03-26,2000,1920.0,33.0,1887.0,RKI,DE-HH,Hamburg,1841179.0,2505.0
2020-03-27,2000,2061.0,42.0,2019.0,RKI,DE-HH,Hamburg,1841179.0,2505.0
2020-03-28,2000,2205.0,52.0,2153.0,RKI,DE-HH,Hamburg,1841179.0,2505.0
2020-03-29,2000,2319.0,53.0,2266.0,RKI,DE-HH,Hamburg,1841179.0,2505.0
2020-03-30,2000,2388.0,57.0,2331.0,RKI,DE-HH,Hamburg,1841179.0,2505.0
2020-03-31,2000,2544.0,65.0,2479.0,RKI,DE-HH,Hamburg,1841179.0,2505.0
2020-04-01,2000,2290.0,8.0,860.0,Tagesspiegel,DE-HH,Hamburg,1841179.0,2505.0
2020-04-02,2000,2437.0,14.0,1000.0,Tagesspiegel,DE-HH,Hamburg,1841179.0,2505.0
2020-04-03,2000,2557.0,16.0,1250.0,Tagesspiegel,DE-HH,Hamburg,1841179.0,2505.0
2020-04-04,2000,2739.0,16.0,1400.0,Tagesspiegel,DE-HH,Hamburg,1841179.0,2505.0
2020-04-05,2000,2882.0,19.0,1500.0,Tagesspiegel,DE-HH,Hamburg,1841179.0,2505.0
2020-04-06,2000,3019.0,19.0,1640.0,Tagesspiegel,DE-HH,Hamburg,1841179.0,2505.0
2020-04-07,2000,3088.0,25.0,1790.0,Tagesspiegel,DE-HH,Hamburg,1841179.0,2505.0
2020-04-08,2000,3217.0,29.0,1900.0,Tagesspiegel,DE-HH,Hamburg,1841179.0,2505.0
2020-04-09,2000,3370.0,33.0,2000.0,Tagesspiegel,DE-HH,Hamburg,1841179.0,2505.0
2020-04-10,2000,3518.0,38.0,2000.0,Tagesspiegel,DE-HH,Hamburg,1841179.0,2505.0
2020-04-11,2000,3642.0,42.0,2000.0,Tagesspiegel,DE-HH,Hamburg,1841179.0,2505.0
2020-04-12,2000,3739.0,47.0,2000.0,Tagesspiegel,DE-HH,Hamburg,1841179.0,2505.0
2020-04-13,2000,3817.0,52.0,2000.0,Tagesspiegel,DE-HH,Hamburg,1841179.0,2505.0
2020-04-14,2000,3887.0,58.0,2000.0,Tagesspiegel,DE-HH,Hamburg,1841179.0,2505.0
2020-04-15,2000,3925.0,61.0,2100.0,Tagesspiegel,DE-HH,Hamburg,1841179.0,2505.0
2020-04-16,2000,3978.0,80.0,2200.0,Tagesspiegel,DE-HH,Hamburg,1841179.0,2505.0
2020-04-17,2000,4064.0,84.0,2300.0,Tagesspiegel,DE-HH,Hamburg,1841179.0,2505.0
2020-04-18,2000,4195.0,90.0,2400.0,Tagesspiegel,DE-HH,Hamburg,1841179.0,2505.0
2020-04-19,2000,4297.0,91.0,2500.0,Tagesspiegel,DE-HH,Hamburg,1841179.0,2505.0
2020-04-20,2000,4347.0,91.0,2600.0,Tagesspiegel,DE-HH,Hamburg,1841179.0,2505.0
2020-04-21,2000,4368.0,91.0,2700.0,Tagesspiegel,DE-HH,Hamburg,1841179.0,2505.0
2020-04-22,2000,4401.0,95.0,2800.0,Tagesspiegel,DE-HH,Hamburg,1841179.0,2505.0
2020-04-23,2000,4449.0,113.0,2900.0,Tagesspiegel,DE-HH,Hamburg,1841179.0,2505.0
2020-04-24,2000,4511.0,122.0,3000.0,Tagesspiegel,DE-HH,Hamburg,1841179.0,2505.0
2020-04-25,2000,4558.0,139.0,3100.0,Tagesspiegel,DE-HH,Hamburg,1841179.0,2505.0
2020-04-26,2000,4589.0,140.0,3200.0,Tagesspiegel,DE-HH,Hamburg,1841179.0,2505.0
2020-04-27,2000,4636.0,142.0,3300.0,Tagesspiegel,DE-HH,Hamburg,1841179.0,2505.0
2020-04-28,2000,4658.0,147.0,3300.0,Tagesspiegel,DE-HH,Hamburg,1841179.0,2505.0
2020-04-29,2000,4682.0,153.0,3400.0,Tagesspiegel,DE-HH,Hamburg,1841179.0,2505.0
2020-04-30,2000,4724.0,155.0,3500.0,Tagesspiegel,DE-HH,Hamburg,1841179.0,2505.0
2020-05-01,2000,4801.0,163.0,3600.0,Tagesspiegel,DE-HH,Hamburg,1841179.0,2505.0
2020-05-02,2000,4820.0,163.0,3700.0,Tagesspiegel,DE-HH,Hamburg,1841179.0,2505.0
2020-05-03,2000,4831.0,165.0,3700.0,Tagesspiegel,DE-HH,Hamburg,1841179.0,2505.0
2020-05-04,2000,4834.0,167.0,3800.0,Tagesspiegel,DE-HH,Hamburg,1841179.0,2505.0
2020-05-05,2000,4843.0,172.0,3800.0,Tagesspiegel,DE-HH,Hamburg,1841179.0,2505.0
2020-05-06,2000,4855.0,190.0,3900.0,Tagesspiegel,DE-HH,Hamburg,1841179.0,2505.0
2020-05-07,2000,4881.0,194.0,4000.0,Tagesspiegel,DE-HH,Hamburg,1841179.0,2505.0
2020-05-08,2000,4907.0,201.0,4100.0,Tagesspiegel,DE-HH,Hamburg,1841179.0,2505.0
2020-05-09,2000,4925.0,204.0,4100.0,Tagesspiegel,DE-HH,Hamburg,1841179.0,2505.0
2020-05-10,2000,4938.0,204.0,4100.0,Tagesspiegel,DE-HH,Hamburg,1841179.0,2505.0
2020-05-11,2000,4946.0,204.0,4100.0,Tagesspiegel,DE-HH,Hamburg,1841179.0,2505.0
2020-05-12,2000,4951.0,216.0,4300.0,Tagesspiegel,DE-HH,Hamburg,1841179.0,2505.0
2020-05-13,2000,4964.0,223.0,4300.0,Tagesspiegel,DE-HH,Hamburg,1841179.0,2505.0
2020-05-14,2000,4967.0,228.0,4400.0,Tagesspiegel,DE-HH,Hamburg,1841179.0,2505.0
2020-05-15,2000,4973.0,228.0,4400.0,Tagesspiegel,DE-HH,Hamburg,1841179.0,2505.0
2020-05-16,2000,5009.0,231.0,4500.0,Tagesspiegel,DE-HH,Hamburg,1841179.0,2505.0
2020-05-17,2000,5021.0,232.0,4500.0,Tagesspiegel,DE-HH,Hamburg,1841179.0,2505.0
2020-05-18,2000,5029.0,234.0,4500.0,Tagesspiegel,DE-HH,Hamburg,1841179.0,2505.0
2020-05-19,2000,5034.0,234.0,4500.0,Tagesspiegel,DE-HH,Hamburg,1841179.0,2505.0
2020-05-20,2000,5034.0,236.0,4600.0,Tagesspiegel,DE-HH,Hamburg,1841179.0,2505.0
2020-05-21,2000,5045.0,236.0,4600.0,Tagesspiegel,DE-HH,Hamburg,1841179.0,2505.0
2020-05-22,2000,5051.0,240.0,4600.0,Tagesspiegel,DE-HH,Hamburg,1841179.0,2505.0
2020-05-23,2000,5055.0,240.0,4600.0,Tagesspiegel,DE-HH,Hamburg,1841179.0,2505.0
2020-05-25,2000,5061.0,240.0,4600.0,Tagesspiegel,DE-HH,Hamburg,1841179.0,2505.0
2020-05-26,2000,5061.0,241.0,4700.0,Tagesspiegel,DE-HH,Hamburg,1841179.0,2505.0
2020-05-27,2000,5064.0,242.0,4700.0,Tagesspiegel,DE-HH,Hamburg,1841179.0,2505.0
2020-05-29,2000,5071.0,245.0,4700.0,Tagesspiegel,DE-HH,Hamburg,1841179.0,2505.0
2020-05-30,2000,5075.0,245.0,4700.0,Tagesspiegel,DE-HH,Hamburg,1841179.0,2505.0
2020-05-31,2000,5081.0,245.0,4700.0,Tagesspiegel,DE-HH,Hamburg,1841179.0,2505.0
2020-06-01,2000,5088.0,245.0,4700.0,Tagesspiegel,DE-HH,Hamburg,1841179.0,2505.0
2020-06-02,2000,5096.0,245.0,4700.0,Tagesspiegel,DE-HH,Hamburg,1841179.0,2505.0
2020-06-03,2000,5096.0,245.0,4800.0,Tagesspiegel,DE-HH,Hamburg,1841179.0,2505.0
2020-06-04,2000,5096.0,245.0,4800.0,Tagesspiegel,DE-HH,Hamburg,1841179.0,2505.0
2020-06-05,2000,5106.0,245.0,4800.0,Tagesspiegel,DE-HH,Hamburg,1841179.0,2505.0
2020-06-06,2000,5110.0,245.0,4800.0,Tagesspiegel,DE-HH,Hamburg,1841179.0,2505.0
2020-06-07,2000,5112.0,245.0,4800.0,Tagesspiegel,DE-HH,Hamburg,1841179.0,2505.0
2020-06-08,2000,5114.0,245.0,4800.0,Tagesspiegel,DE-HH,Hamburg,1841179.0,2505.0
2020-06-09,2000,5116.0,254.0,4800.0,Tagesspiegel,DE-HH,Hamburg,1841179.0,2505.0
2020-06-10,2000,5120.0,254.0,4800.0,Tagesspiegel,DE-HH,Hamburg,1841179.0,2505.0
2020-06-11,2000,5125.0,254.0,4800.0,Tagesspiegel,DE-HH,Hamburg,1841179.0,2505.0
2020-06-12,2000,5133.0,254.0,4800.0,Tagesspiegel,DE-HH,Hamburg,1841179.0,2505.0
2020-06-13,2000,5138.0,254.0,4800.0,Tagesspiegel,DE-HH,Hamburg,1841179.0,2505.0
2020-06-14,2000,5138.0,254.0,4800.0,Tagesspiegel,DE-HH,Hamburg,1841179.0,2505.0
2020-06-15,2000,5143.0,255.0,4800.0,Tagesspiegel,DE-HH,Hamburg,1841179.0,2505.0
2020-06-16,2000,5146.0,255.0,4800.0,Tagesspiegel,DE-HH,Hamburg,1841179.0,2505.0
2020-06-17,2000,5148.0,255.0,4800.0,Tagesspiegel,DE-HH,Hamburg,1841179.0,2505.0
2020-06-18,2000,5150.0,255.0,4800.0,Tagesspiegel,DE-HH,Hamburg,1841179.0,2505.0
2020-06-19,2000,5155.0,259.0,4800.0,Tagesspiegel,DE-HH,Hamburg,1841179.0,2505.0
2020-06-20,2000,5159.0,259.0,4800.0,Tagesspiegel,DE-HH,Hamburg,1841179.0,2505.0
2020-06-21,2000,5162.0,259.0,4800.0,Tagesspiegel,DE-HH,Hamburg,1841179.0,2505.0
2020-06-22,2000,5169.0,259.0,4800.0,Tagesspiegel,DE-HH,Hamburg,1841179.0,2505.0
2020-06-23,2000,5169.0,259.0,4800.0,Tagesspiegel,DE-HH,Hamburg,1841179.0,2505.0
2020-06-24,2000,5164.0,259.0,4800.0,Tagesspiegel,DE-HH,Hamburg,1841179.0,2505.0
2020-06-25,2000,5171.0,259.0,4900.0,Tagesspiegel,DE-HH,Hamburg,1841179.0,2505.0
2020-06-26,2000,5172.0,259.0,4800.0,Tagesspiegel,DE-HH,Hamburg,1841179.0,2505.0
2020-06-27,2000,5177.0,259.0,4800.0,Tagesspiegel,DE-HH,Hamburg,1841179.0,2505.0
2020-06-28,2000,5187.0,259.0,4800.0,Tagesspiegel,DE-HH,Hamburg,1841179.0,2505.0
2020-06-29,2000,5193.0,259.0,4900.0,Tagesspiegel,DE-HH,Hamburg,1841179.0,2505.0
2020-06-30,2000,5200.0,259.0,4900.0,Tagesspiegel,DE-HH,Hamburg,1841179.0,2505.0
2020-07-01,2000,5203.0,259.0,4900.0,Tagesspiegel,DE-HH,Hamburg,1841179.0,2505.0
2020-07-02,2000,5206.0,260.0,4900.0,Tagesspiegel,DE-HH,Hamburg,1841179.0,2505.0
2020-07-03,2000,5211.0,260.0,4900.0,Tagesspiegel,DE-HH,Hamburg,1841179.0,2505.0
2020-07-04,2000,5216.0,260.0,4900.0,Tagesspiegel,DE-HH,Hamburg,1841179.0,2505.0
2020-07-05,2000,5219.0,261.0,4900.0,Tagesspiegel,DE-HH,Hamburg,1841179.0,2505.0
2020-07-06,2000,5219.0,261.0,4900.0,Tagesspiegel,DE-HH,Hamburg,1841179.0,2505.0
2020-07-07,2000,5222.0,261.0,4900.0,Tagesspiegel,DE-HH,Hamburg,1841179.0,2505.0
2020-07-08,2000,5222.0,261.0,4900.0,Tagesspiegel,DE-HH,Hamburg,1841179.0,2505.0
2020-07-09,2000,5228.0,261.0,4900.0,Tagesspiegel,DE-HH,Hamburg,1841179.0,2505.0
2020-07-10,2000,5230.0,261.0,4900.0,Tagesspiegel,DE-HH,Hamburg,1841179.0,2505.0
2020-07-13,2000,5230.0,261.0,4900.0,Tagesspiegel,DE-HH,Hamburg,1841179.0,2505.0
2020-07-14,2000,5230.0,261.0,4900.0,Tagesspiegel,DE-HH,Hamburg,1841179.0,2505.0
2020-03-16,6411,6.0,0.0,6.0,RKI,DE-HE,Darmstadt,159207.0,1304.0
2020-03-17,6411,6.0,0.0,6.0,RKI,DE-HE,Darmstadt,159207.0,1304.0
2020-03-18,6411,11.0,0.0,11.0,RKI,DE-HE,Darmstadt,159207.0,1304.0
2020-03-19,6411,12.0,0.0,12.0,RKI,DE-HE,Darmstadt,159207.0,1304.0
2020-03-20,6411,17.0,0.0,17.0,RKI,DE-HE,Darmstadt,159207.0,1304.0
2020-03-21,6411,20.0,0.0,20.0,RKI,DE-HE,Darmstadt,159207.0,1304.0
2020-03-24,6411,22.0,0.0,22.0,RKI,DE-HE,Darmstadt,159207.0,1304.0
2020-03-25,6411,29.0,0.0,29.0,RKI,DE-HE,Darmstadt,159207.0,1304.0
2020-03-26,6411,38.0,0.0,38.0,RKI,DE-HE,Darmstadt,159207.0,1304.0
2020-03-27,6411,49.0,0.0,49.0,RKI,DE-HE,Darmstadt,159207.0,1304.0
2020-03-28,6411,49.0,0.0,49.0,RKI,DE-HE,Darmstadt,159207.0,1304.0
2020-03-29,6411,51.0,0.0,51.0,RKI,DE-HE,Darmstadt,159207.0,1304.0
2020-03-30,6411,56.0,0.0,56.0,RKI,DE-HE,Darmstadt,159207.0,1304.0
2020-03-31,6411,57.0,0.0,57.0,RKI,DE-HE,Darmstadt,159207.0,1304.0
2020-04-01,6411,70.0,0.0,18.0,Tagesspiegel,DE-HE,Darmstadt,159207.0,1304.0
2020-04-02,6411,72.0,0.0,18.0,Tagesspiegel,DE-HE,Darmstadt,159207.0,1304.0
2020-04-03,6411,79.0,0.0,33.0,Tagesspiegel,DE-HE,Darmstadt,159207.0,1304.0
2020-04-04,6411,83.0,0.0,33.0,Tagesspiegel,DE-HE,Darmstadt,159207.0,1304.0
2020-04-05,6411,87.0,0.0,33.0,Tagesspiegel,DE-HE,Darmstadt,159207.0,1304.0
2020-04-06,6411,92.0,0.0,33.0,Tagesspiegel,DE-HE,Darmstadt,159207.0,1304.0
2020-04-07,6411,93.0,0.0,33.0,Tagesspiegel,DE-HE,Darmstadt,159207.0,1304.0
2020-04-08,6411,96.0,0.0,53.0,Tagesspiegel,DE-HE,Darmstadt,159207.0,1304.0
2020-04-09,6411,99.0,0.0,63.0,Tagesspiegel,DE-HE,Darmstadt,159207.0,1304.0
2020-04-10,6411,103.0,0.0,63.0,Tagesspiegel,DE-HE,Darmstadt,159207.0,1304.0
2020-04-11,6411,108.0,0.0,63.0,Tagesspiegel,DE-HE,Darmstadt,159207.0,1304.0
2020-04-12,6411,114.0,0.0,63.0,Tagesspiegel,DE-HE,Darmstadt,159207.0,1304.0
2020-04-13,6411,116.0,0.0,63.0,Tagesspiegel,DE-HE,Darmstadt,159207.0,1304.0
2020-04-14,6411,117.0,0.0,78.0,Tagesspiegel,DE-HE,Darmstadt,159207.0,1304.0
2020-04-15,6411,118.0,1.0,88.0,Tagesspiegel,DE-HE,Darmstadt,159207.0,1304.0
2020-04-16,6411,119.0,1.0,90.0,Tagesspiegel,DE-HE,Darmstadt,159207.0,1304.0
2020-04-17,6411,123.0,2.0,95.0,Tagesspiegel,DE-HE,Darmstadt,159207.0,1304.0
2020-04-18,6411,131.0,2.0,95.0,Tagesspiegel,DE-HE,Darmstadt,159207.0,1304.0
2020-04-19,6411,134.0,3.0,95.0,Tagesspiegel,DE-HE,Darmstadt,159207.0,1304.0
2020-04-20,6411,137.0,4.0,99.0,Tagesspiegel,DE-HE,Darmstadt,159207.0,1304.0
2020-04-21,6411,159.0,4.0,99.0,Tagesspiegel,DE-HE,Darmstadt,159207.0,1304.0
2020-04-22,6411,160.0,6.0,107.0,Tagesspiegel,DE-HE,Darmstadt,159207.0,1304.0
2020-04-23,6411,164.0,7.0,107.0,Tagesspiegel,DE-HE,Darmstadt,159207.0,1304.0
2020-04-24,6411,179.0,7.0,107.0,Tagesspiegel,DE-HE,Darmstadt,159207.0,1304.0
2020-04-25,6411,182.0,7.0,107.0,Tagesspiegel,DE-HE,Darmstadt,159207.0,1304.0
2020-04-27,6411,186.0,9.0,112.0,Tagesspiegel,DE-HE,Darmstadt,159207.0,1304.0
2020-04-28,6411,185.0,10.0,112.0,Tagesspiegel,DE-HE,Darmstadt,159207.0,1304.0
2020-04-29,6411,190.0,10.0,117.0,Tagesspiegel,DE-HE,Darmstadt,159207.0,1304.0
2020-04-30,6411,197.0,11.0,117.0,Tagesspiegel,DE-HE,Darmstadt,159207.0,1304.0
2020-05-03,6411,201.0,13.0,117.0,Tagesspiegel,DE-HE,Darmstadt,159207.0,1304.0
2020-05-05,6411,203.0,14.0,120.0,Tagesspiegel,DE-HE,Darmstadt,159207.0,1304.0
2020-05-06,6411,203.0,14.0,120.0,Tagesspiegel,DE-HE,Darmstadt,159207.0,1304.0
2020-05-09,6411,210.0,14.0,120.0,Tagesspiegel,DE-HE,Darmstadt,159207.0,1304.0
2020-05-11,6411,213.0,14.0,120.0,Tagesspiegel,DE-HE,Darmstadt,159207.0,1304.0
2020-05-13,6411,213.0,14.0,152.0,Tagesspiegel,DE-HE,Darmstadt,159207.0,1304.0
2020-05-14,6411,214.0,14.0,152.0,Tagesspiegel,DE-HE,Darmstadt,159207.0,1304.0
2020-05-15,6411,215.0,14.0,152.0,Tagesspiegel,DE-HE,Darmstadt,159207.0,1304.0
2020-05-19,6411,221.0,17.0,168.0,Tagesspiegel,DE-HE,Darmstadt,159207.0,1304.0
2020-06-08,6411,222.0,18.0,199.0,Tagesspiegel,DE-HE,Darmstadt,159207.0,1304.0
2020-06-20,6411,223.0,18.0,204.0,Tagesspiegel,DE-HE,Darmstadt,159207.0,1304.0
2020-06-22,6411,223.0,18.0,204.0,Tagesspiegel,DE-HE,Darmstadt,159207.0,1304.0
2020-06-25,6411,226.0,18.0,205.0,Tagesspiegel,DE-HE,Darmstadt,159207.0,1304.0
2020-06-26,6411,226.0,18.0,205.0,Tagesspiegel,DE-HE,Darmstadt,159207.0,1304.0
2020-07-03,6411,228.0,18.0,205.0,Tagesspiegel,DE-HE,Darmstadt,159207.0,1304.0
2020-07-07,6411,229.0,18.0,207.0,Tagesspiegel,DE-HE,Darmstadt,159207.0,1304.0
2020-07-09,6411,230.0,18.0,208.0,Tagesspiegel,DE-HE,Darmstadt,159207.0,1304.0
2020-07-11,6411,232.0,18.0,208.0,Tagesspiegel,DE-HE,Darmstadt,159207.0,1304.0
2020-07-13,6411,235.0,18.0,211.0,Tagesspiegel,DE-HE,Darmstadt,159207.0,1304.0
2020-07-14,6411,235.0,18.0,212.0,Tagesspiegel,DE-HE,Darmstadt,159207.0,1304.0
2020-03-04,6412,1.0,0.0,1.0,RKI,DE-HE,Frankfurt am Main,753056.0,3033.0
2020-03-05,6412,2.0,0.0,2.0,RKI,DE-HE,Frankfurt am Main,753056.0,3033.0
2020-03-09,6412,2.0,0.0,2.0,RKI,DE-HE,Frankfurt am Main,753056.0,3033.0
2020-03-10,6412,4.0,0.0,4.0,RKI,DE-HE,Frankfurt am Main,753056.0,3033.0
2020-03-11,6412,6.0,0.0,6.0,RKI,DE-HE,Frankfurt am Main,753056.0,3033.0
2020-03-12,6412,7.0,0.0,7.0,RKI,DE-HE,Frankfurt am Main,753056.0,3033.0
2020-03-13,6412,17.0,0.0,17.0,RKI,DE-HE,Frankfurt am Main,753056.0,3033.0
2020-03-14,6412,26.0,0.0,26.0,RKI,DE-HE,Frankfurt am Main,753056.0,3033.0
2020-03-16,6412,40.0,0.0,40.0,RKI,DE-HE,Frankfurt am Main,753056.0,3033.0
2020-03-17,6412,70.0,0.0,70.0,RKI,DE-HE,Frankfurt am Main,753056.0,3033.0
2020-03-18,6412,83.0,0.0,83.0,RKI,DE-HE,Frankfurt am Main,753056.0,3033.0
2020-03-19,6412,106.0,0.0,106.0,RKI,DE-HE,Frankfurt am Main,753056.0,3033.0
2020-03-20,6412,131.0,0.0,131.0,RKI,DE-HE,Frankfurt am Main,753056.0,3033.0
2020-03-21,6412,141.0,0.0,141.0,RKI,DE-HE,Frankfurt am Main,753056.0,3033.0
2020-03-22,6412,144.0,0.0,144.0,RKI,DE-HE,Frankfurt am Main,753056.0,3033.0
2020-03-23,6412,175.0,1.0,174.0,RKI,DE-HE,Frankfurt am Main,753056.0,3033.0
2020-03-24,6412,196.0,1.0,195.0,RKI,DE-HE,Frankfurt am Main,753056.0,3033.0
2020-03-25,6412,217.0,1.0,216.0,RKI,DE-HE,Frankfurt am Main,753056.0,3033.0
2020-03-26,6412,264.0,4.0,260.0,RKI,DE-HE,Frankfurt am Main,753056.0,3033.0
2020-03-27,6412,296.0,5.0,291.0,RKI,DE-HE,Frankfurt am Main,753056.0,3033.0
2020-03-28,6412,304.0,5.0,299.0,RKI,DE-HE,Frankfurt am Main,753056.0,3033.0
2020-03-29,6412,343.0,10.0,333.0,RKI,DE-HE,Frankfurt am Main,753056.0,3033.0
2020-03-30,6412,365.0,14.0,351.0,RKI,DE-HE,Frankfurt am Main,753056.0,3033.0
2020-03-31,6412,402.0,15.0,387.0,RKI,DE-HE,Frankfurt am Main,753056.0,3033.0
2020-04-01,6412,446.0,16.0,430.0,RKI,DE-HE,Frankfurt am Main,753056.0,3033.0
2020-04-02,6412,485.0,17.0,468.0,RKI,DE-HE,Frankfurt am Main,753056.0,3033.0
2020-04-03,6412,515.0,18.0,497.0,RKI,DE-HE,Frankfurt am Main,753056.0,3033.0
2020-04-04,6412,550.0,20.0,530.0,RKI,DE-HE,Frankfurt am Main,753056.0,3033.0
2020-04-05,6412,575.0,21.0,554.0,RKI,DE-HE,Frankfurt am Main,753056.0,3033.0
2020-04-06,6412,602.0,23.0,579.0,RKI,DE-HE,Frankfurt am Main,753056.0,3033.0
2020-04-07,6412,643.0,25.0,618.0,RKI,DE-HE,Frankfurt am Main,753056.0,3033.0
2020-04-08,6412,700.0,32.0,668.0,RKI,DE-HE,Frankfurt am Main,753056.0,3033.0
2020-04-09,6412,756.0,37.0,719.0,RKI,DE-HE,Frankfurt am Main,753056.0,3033.0
2020-04-10,6412,771.0,38.0,733.0,RKI,DE-HE,Frankfurt am Main,753056.0,3033.0
2020-04-11,6412,803.0,39.0,764.0,RKI,DE-HE,Frankfurt am Main,753056.0,3033.0
2020-04-12,6412,817.0,41.0,776.0,RKI,DE-HE,Frankfurt am Main,753056.0,3033.0
2020-04-13,6412,831.0,42.0,789.0,RKI,DE-HE,Frankfurt am Main,753056.0,3033.0
2020-04-14,6412,882.0,45.0,837.0,RKI,DE-HE,Frankfurt am Main,753056.0,3033.0
2020-04-15,6412,920.0,48.0,872.0,RKI,DE-HE,Frankfurt am Main,753056.0,3033.0
2020-04-16,6412,949.0,50.0,899.0,RKI,DE-HE,Frankfurt am Main,753056.0,3033.0
2020-04-17,6412,985.0,52.0,933.0,RKI,DE-HE,Frankfurt am Main,753056.0,3033.0
2020-04-18,6412,999.0,52.0,947.0,RKI,DE-HE,Frankfurt am Main,753056.0,3033.0
2020-04-19,6412,1010.0,52.0,958.0,RKI,DE-HE,Frankfurt am Main,753056.0,3033.0
2020-04-20,6412,1039.0,57.0,982.0,RKI,DE-HE,Frankfurt am Main,753056.0,3033.0
2020-04-21,6412,1061.0,57.0,1004.0,RKI,DE-HE,Frankfurt am Main,753056.0,3033.0
2020-04-22,6412,1088.0,58.0,1030.0,RKI,DE-HE,Frankfurt am Main,753056.0,3033.0
2020-04-23,6412,1112.0,59.0,1053.0,RKI,DE-HE,Frankfurt am Main,753056.0,3033.0
2020-04-24,6412,1128.0,59.0,1069.0,RKI,DE-HE,Frankfurt am Main,753056.0,3033.0
2020-04-25,6412,1146.0,60.0,1086.0,RKI,DE-HE,Frankfurt am Main,753056.0,3033.0
2020-04-26,6412,1150.0,61.0,1089.0,RKI,DE-HE,Frankfurt am Main,753056.0,3033.0
2020-04-27,6412,1158.0,62.0,1096.0,RKI,DE-HE,Frankfurt am Main,753056.0,3033.0
2020-04-28,6412,1172.0,62.0,1110.0,RKI,DE-HE,Frankfurt am Main,753056.0,3033.0
2020-04-29,6412,1198.0,62.0,1136.0,RKI,DE-HE,Frankfurt am Main,753056.0,3033.0
2020-04-30,6412,1217.0,62.0,1155.0,RKI,DE-HE,Frankfurt am Main,753056.0,3033.0
2020-05-01,6412,1225.0,62.0,1163.0,RKI,DE-HE,Frankfurt am Main,753056.0,3033.0
2020-05-02,6412,1230.0,62.0,1168.0,RKI,DE-HE,Frankfurt am Main,753056.0,3033.0
2020-05-03,6412,1234.0,62.0,1172.0,RKI,DE-HE,Frankfurt am Main,753056.0,3033.0
2020-05-04,6412,1238.0,62.0,1176.0,RKI,DE-HE,Frankfurt am Main,753056.0,3033.0
2020-05-05,6412,1249.0,62.0,1187.0,RKI,DE-HE,Frankfurt am Main,753056.0,3033.0
2020-05-06,6412,1264.0,62.0,1202.0,RKI,DE-HE,Frankfurt am Main,753056.0,3033.0
2020-05-07,6412,1274.0,63.0,1211.0,RKI,DE-HE,Frankfurt am Main,753056.0,3033.0
2020-05-08,6412,1283.0,64.0,1219.0,RKI,DE-HE,Frankfurt am Main,753056.0,3033.0
2020-05-09,6412,1285.0,64.0,1221.0,RKI,DE-HE,Frankfurt am Main,753056.0,3033.0
2020-05-10,6412,1286.0,64.0,1222.0,RKI,DE-HE,Frankfurt am Main,753056.0,3033.0
2020-05-11,6412,1288.0,64.0,1224.0,RKI,DE-HE,Frankfurt am Main,753056.0,3033.0
2020-05-12,6412,1298.0,64.0,1234.0,RKI,DE-HE,Frankfurt am Main,753056.0,3033.0
2020-05-13,6412,1306.0,64.0,1242.0,RKI,DE-HE,Frankfurt am Main,753056.0,3033.0
2020-05-14,6412,1316.0,64.0,1252.0,RKI,DE-HE,Frankfurt am Main,753056.0,3033.0
2020-05-15,6412,1332.0,65.0,1267.0,RKI,DE-HE,Frankfurt am Main,753056.0,3033.0
2020-05-16,6412,1340.0,65.0,1275.0,RKI,DE-HE,Frankfurt am Main,753056.0,3033.0
2020-05-17,6412,1394.0,65.0,1329.0,RKI,DE-HE,Frankfurt am Main,753056.0,3033.0
2020-05-18,6412,1406.0,65.0,1341.0,RKI,DE-HE,Frankfurt am Main,753056.0,3033.0
2020-05-19,6412,1427.0,65.0,1362.0,RKI,DE-HE,Frankfurt am Main,753056.0,3033.0
2020-05-20,6412,1440.0,65.0,1375.0,RKI,DE-HE,Frankfurt am Main,753056.0,3033.0
2020-05-22,6412,1459.0,65.0,1394.0,RKI,DE-HE,Frankfurt am Main,753056.0,3033.0
2020-05-23,6412,1468.0,65.0,1403.0,RKI,DE-HE,Frankfurt am Main,753056.0,3033.0
2020-05-24,6412,1469.0,65.0,1404.0,RKI,DE-HE,Frankfurt am Main,753056.0,3033.0
2020-05-25,6412,1469.0,65.0,1404.0,RKI,DE-HE,Frankfurt am Main,753056.0,3033.0
2020-05-26,6412,1484.0,65.0,1419.0,RKI,DE-HE,Frankfurt am Main,753056.0,3033.0
2020-05-27,6412,1488.0,65.0,1423.0,RKI,DE-HE,Frankfurt am Main,753056.0,3033.0
2020-05-28,6412,1509.0,65.0,1444.0,RKI,DE-HE,Frankfurt am Main,753056.0,3033.0
2020-05-29,6412,1519.0,65.0,1454.0,RKI,DE-HE,Frankfurt am Main,753056.0,3033.0
2020-05-30,6412,1527.0,65.0,1462.0,RKI,DE-HE,Frankfurt am Main,753056.0,3033.0
2020-05-31,6412,1531.0,65.0,1466.0,RKI,DE-HE,Frankfurt am Main,753056.0,3033.0
2020-06-01,6412,1531.0,65.0,1466.0,RKI,DE-HE,Frankfurt am Main,753056.0,3033.0
2020-06-02,6412,1612.0,61.0,1404.0,Tagesspiegel,DE-HE,Frankfurt am Main,753056.0,3033.0
2020-06-03,6412,1624.0,61.0,1404.0,Tagesspiegel,DE-HE,Frankfurt am Main,753056.0,3033.0
2020-06-04,6412,1630.0,61.0,1404.0,Tagesspiegel,DE-HE,Frankfurt am Main,753056.0,3033.0
2020-06-05,6412,1630.0,61.0,1404.0,Tagesspiegel,DE-HE,Frankfurt am Main,753056.0,3033.0
2020-06-06,6412,1637.0,61.0,1404.0,Tagesspiegel,DE-HE,Frankfurt am Main,753056.0,3033.0
2020-06-08,6412,1649.0,61.0,1404.0,Tagesspiegel,DE-HE,Frankfurt am Main,753056.0,3033.0
2020-06-09,6412,1649.0,61.0,1404.0,Tagesspiegel,DE-HE,Frankfurt am Main,753056.0,3033.0
2020-06-10,6412,1650.0,61.0,1404.0,Tagesspiegel,DE-HE,Frankfurt am Main,753056.0,3033.0
2020-06-11,6412,1653.0,61.0,1404.0,Tagesspiegel,DE-HE,Frankfurt am Main,753056.0,3033.0
2020-06-12,6412,1660.0,61.0,1404.0,Tagesspiegel,DE-HE,Frankfurt am Main,753056.0,3033.0
2020-06-13,6412,1665.0,61.0,1404.0,Tagesspiegel,DE-HE,Frankfurt am Main,753056.0,3033.0
2020-06-14,6412,1665.0,61.0,1404.0,Tagesspiegel,DE-HE,Frankfurt am Main,753056.0,3033.0
2020-06-15,6412,1665.0,61.0,1404.0,Tagesspiegel,DE-HE,Frankfurt am Main,753056.0,3033.0
2020-06-16,6412,1665.0,62.0,1404.0,Tagesspiegel,DE-HE,Frankfurt am Main,753056.0,3033.0
2020-06-17,6412,1685.0,62.0,1552.0,Tagesspiegel,DE-HE,Frankfurt am Main,753056.0,3033.0
2020-06-18,6412,1685.0,63.0,1557.0,Tagesspiegel,DE-HE,Frankfurt am Main,753056.0,3033.0
2020-06-19,6412,1695.0,63.0,1568.0,Tagesspiegel,DE-HE,Frankfurt am Main,753056.0,3033.0
2020-06-20,6412,1702.0,64.0,1573.0,Tagesspiegel,DE-HE,Frankfurt am Main,753056.0,3033.0
2020-06-21,6412,1717.0,64.0,1574.0,Tagesspiegel,DE-HE,Frankfurt am Main,753056.0,3033.0
2020-06-23,6412,1717.0,64.0,1586.0,Tagesspiegel,DE-HE,Frankfurt am Main,753056.0,3033.0
2020-06-24,6412,1741.0,64.0,1588.0,Tagesspiegel,DE-HE,Frankfurt am Main,753056.0,3033.0
2020-06-25,6412,1742.0,64.0,1597.0,Tagesspiegel,DE-HE,Frankfurt am Main,753056.0,3033.0
2020-06-26,6412,1748.0,64.0,1597.0,Tagesspiegel,DE-HE,Frankfurt am Main,753056.0,3033.0
2020-06-27,6412,1754.0,64.0,1597.0,Tagesspiegel,DE-HE,Frankfurt am Main,753056.0,3033.0
2020-06-28,6412,1762.0,65.0,1620.0,Tagesspiegel,DE-HE,Frankfurt am Main,753056.0,3033.0
2020-06-30,6412,1769.0,65.0,1626.0,Tagesspiegel,DE-HE,Frankfurt am Main,753056.0,3033.0
2020-07-02,6412,1771.0,65.0,1645.0,Tagesspiegel,DE-HE,Frankfurt am Main,753056.0,3033.0
2020-07-03,6412,1772.0,65.0,1645.0,Tagesspiegel,DE-HE,Frankfurt am Main,753056.0,3033.0
2020-07-04,6412,1776.0,67.0,1645.0,Tagesspiegel,DE-HE,Frankfurt am Main,753056.0,3033.0
2020-07-05,6412,1778.0,67.0,1663.0,Tagesspiegel,DE-HE,Frankfurt am Main,753056.0,3033.0
2020-07-06,6412,1779.0,67.0,1663.0,Tagesspiegel,DE-HE,Frankfurt am Main,753056.0,3033.0
2020-07-07,6412,1790.0,67.0,1668.0,Tagesspiegel,DE-HE,Frankfurt am Main,753056.0,3033.0
2020-07-08,6412,1795.0,67.0,1670.0,Tagesspiegel,DE-HE,Frankfurt am Main,753056.0,3033.0
2020-07-09,6412,1803.0,68.0,1672.0,Tagesspiegel,DE-HE,Frankfurt am Main,753056.0,3033.0
2020-07-10,6412,1815.0,68.0,1672.0,Tagesspiegel,DE-HE,Frankfurt am Main,753056.0,3033.0
2020-07-11,6412,1822.0,68.0,1672.0,Tagesspiegel,DE-HE,Frankfurt am Main,753056.0,3033.0
2020-07-12,6412,1822.0,68.0,1672.0,Tagesspiegel,DE-HE,Frankfurt am Main,753056.0,3033.0
2020-07-13,6412,1844.0,68.0,1685.0,Tagesspiegel,DE-HE,Frankfurt am Main,753056.0,3033.0
2020-07-14,6412,1845.0,68.0,1686.0,Tagesspiegel,DE-HE,Frankfurt am Main,753056.0,3033.0
2020-07-15,6412,1850.0,68.0,1686.0,Tagesspiegel,DE-HE,Frankfurt am Main,753056.0,3033.0
2020-03-11,6414,3.0,0.0,3.0,RKI,DE-HE,Wiesbaden,278342.0,1365.0
2020-03-12,6414,3.0,0.0,3.0,RKI,DE-HE,Wiesbaden,278342.0,1365.0
2020-03-13,6414,3.0,0.0,3.0,RKI,DE-HE,Wiesbaden,278342.0,1365.0
2020-03-16,6414,15.0,0.0,15.0,RKI,DE-HE,Wiesbaden,278342.0,1365.0
2020-03-17,6414,16.0,0.0,16.0,RKI,DE-HE,Wiesbaden,278342.0,1365.0
2020-03-18,6414,27.0,1.0,26.0,RKI,DE-HE,Wiesbaden,278342.0,1365.0
2020-03-19,6414,38.0,1.0,37.0,RKI,DE-HE,Wiesbaden,278342.0,1365.0
2020-03-20,6414,50.0,1.0,49.0,RKI,DE-HE,Wiesbaden,278342.0,1365.0
2020-03-23,6414,83.0,2.0,81.0,RKI,DE-HE,Wiesbaden,278342.0,1365.0
2020-03-24,6414,89.0,2.0,87.0,RKI,DE-HE,Wiesbaden,278342.0,1365.0
2020-03-25,6414,98.0,2.0,96.0,RKI,DE-HE,Wiesbaden,278342.0,1365.0
2020-03-26,6414,115.0,2.0,113.0,RKI,DE-HE,Wiesbaden,278342.0,1365.0
2020-03-27,6414,132.0,2.0,130.0,RKI,DE-HE,Wiesbaden,278342.0,1365.0
2020-03-30,6414,157.0,2.0,155.0,RKI,DE-HE,Wiesbaden,278342.0,1365.0
2020-03-31,6414,163.0,3.0,160.0,RKI,DE-HE,Wiesbaden,278342.0,1365.0
2020-04-01,6414,170.0,4.0,166.0,RKI,DE-HE,Wiesbaden,278342.0,1365.0
2020-04-02,6414,174.0,5.0,169.0,RKI,DE-HE,Wiesbaden,278342.0,1365.0
2020-04-03,6414,195.0,3.0,60.0,Tagesspiegel,DE-HE,Wiesbaden,278342.0,1365.0
2020-04-04,6414,199.0,4.0,60.0,Tagesspiegel,DE-HE,Wiesbaden,278342.0,1365.0
2020-04-05,6414,206.0,4.0,60.0,Tagesspiegel,DE-HE,Wiesbaden,278342.0,1365.0
2020-04-06,6414,209.0,4.0,60.0,Tagesspiegel,DE-HE,Wiesbaden,278342.0,1365.0
2020-04-07,6414,210.0,5.0,140.0,Tagesspiegel,DE-HE,Wiesbaden,278342.0,1365.0
2020-04-08,6414,217.0,6.0,152.0,Tagesspiegel,DE-HE,Wiesbaden,278342.0,1365.0
2020-04-09,6414,229.0,6.0,156.0,Tagesspiegel,DE-HE,Wiesbaden,278342.0,1365.0
2020-04-10,6414,239.0,6.0,156.0,Tagesspiegel,DE-HE,Wiesbaden,278342.0,1365.0
2020-04-11,6414,247.0,6.0,156.0,Tagesspiegel,DE-HE,Wiesbaden,278342.0,1365.0
2020-04-12,6414,250.0,6.0,156.0,Tagesspiegel,DE-HE,Wiesbaden,278342.0,1365.0
2020-04-13,6414,250.0,6.0,156.0,Tagesspiegel,DE-HE,Wiesbaden,278342.0,1365.0
2020-04-14,6414,250.0,8.0,179.0,Tagesspiegel,DE-HE,Wiesbaden,278342.0,1365.0
2020-04-15,6414,254.0,9.0,183.0,Tagesspiegel,DE-HE,Wiesbaden,278342.0,1365.0
2020-04-16,6414,259.0,9.0,181.0,Tagesspiegel,DE-HE,Wiesbaden,278342.0,1365.0
2020-04-17,6414,269.0,9.0,185.0,Tagesspiegel,DE-HE,Wiesbaden,278342.0,1365.0
2020-04-18,6414,277.0,9.0,185.0,Tagesspiegel,DE-HE,Wiesbaden,278342.0,1365.0
2020-04-19,6414,278.0,9.0,195.0,Tagesspiegel,DE-HE,Wiesbaden,278342.0,1365.0
2020-04-20,6414,282.0,9.0,198.0,Tagesspiegel,DE-HE,Wiesbaden,278342.0,1365.0
2020-04-21,6414,283.0,9.0,199.0,Tagesspiegel,DE-HE,Wiesbaden,278342.0,1365.0
2020-04-22,6414,291.0,9.0,201.0,Tagesspiegel,DE-HE,Wiesbaden,278342.0,1365.0
2020-04-23,6414,290.0,9.0,222.0,Tagesspiegel,DE-HE,Wiesbaden,278342.0,1365.0
2020-04-24,6414,293.0,10.0,231.0,Tagesspiegel,DE-HE,Wiesbaden,278342.0,1365.0
2020-04-25,6414,294.0,10.0,231.0,Tagesspiegel,DE-HE,Wiesbaden,278342.0,1365.0
2020-04-26,6414,295.0,10.0,231.0,Tagesspiegel,DE-HE,Wiesbaden,278342.0,1365.0
2020-04-27,6414,302.0,10.0,234.0,Tagesspiegel,DE-HE,Wiesbaden,278342.0,1365.0
2020-04-28,6414,303.0,10.0,244.0,Tagesspiegel,DE-HE,Wiesbaden,278342.0,1365.0
2020-04-29,6414,312.0,10.0,250.0,Tagesspiegel,DE-HE,Wiesbaden,278342.0,1365.0
2020-04-30,6414,313.0,10.0,257.0,Tagesspiegel,DE-HE,Wiesbaden,278342.0,1365.0
2020-05-01,6414,318.0,10.0,257.0,Tagesspiegel,DE-HE,Wiesbaden,278342.0,1365.0
2020-05-04,6414,328.0,11.0,274.0,Tagesspiegel,DE-HE,Wiesbaden,278342.0,1365.0
2020-05-05,6414,330.0,11.0,274.0,Tagesspiegel,DE-HE,Wiesbaden,278342.0,1365.0
2020-05-06,6414,331.0,11.0,279.0,Tagesspiegel,DE-HE,Wiesbaden,278342.0,1365.0
2020-05-07,6414,342.0,11.0,284.0,Tagesspiegel,DE-HE,Wiesbaden,278342.0,1365.0
2020-05-09,6414,350.0,11.0,285.0,Tagesspiegel,DE-HE,Wiesbaden,278342.0,1365.0
2020-05-10,6414,354.0,11.0,285.0,Tagesspiegel,DE-HE,Wiesbaden,278342.0,1365.0
2020-05-11,6414,356.0,11.0,285.0,Tagesspiegel,DE-HE,Wiesbaden,278342.0,1365.0
2020-05-12,6414,356.0,12.0,292.0,Tagesspiegel,DE-HE,Wiesbaden,278342.0,1365.0
2020-05-13,6414,361.0,12.0,292.0,Tagesspiegel,DE-HE,Wiesbaden,278342.0,1365.0
2020-05-14,6414,369.0,12.0,306.0,Tagesspiegel,DE-HE,Wiesbaden,278342.0,1365.0
2020-05-15,6414,373.0,12.0,306.0,Tagesspiegel,DE-HE,Wiesbaden,278342.0,1365.0
2020-05-16,6414,378.0,12.0,306.0,Tagesspiegel,DE-HE,Wiesbaden,278342.0,1365.0
2020-05-17,6414,383.0,12.0,306.0,Tagesspiegel,DE-HE,Wiesbaden,278342.0,1365.0
2020-05-18,6414,393.0,12.0,316.0,Tagesspiegel,DE-HE,Wiesbaden,278342.0,1365.0
2020-05-19,6414,396.0,12.0,323.0,Tagesspiegel,DE-HE,Wiesbaden,278342.0,1365.0
2020-05-20,6414,398.0,12.0,327.0,Tagesspiegel,DE-HE,Wiesbaden,278342.0,1365.0
2020-05-21,6414,404.0,12.0,327.0,Tagesspiegel,DE-HE,Wiesbaden,278342.0,1365.0
2020-05-22,6414,408.0,12.0,327.0,Tagesspiegel,DE-HE,Wiesbaden,278342.0,1365.0
2020-05-23,6414,409.0,14.0,329.0,Tagesspiegel,DE-HE,Wiesbaden,278342.0,1365.0
2020-05-24,6414,431.0,14.0,329.0,Tagesspiegel,DE-HE,Wiesbaden,278342.0,1365.0
2020-05-25,6414,430.0,14.0,329.0,Tagesspiegel,DE-HE,Wiesbaden,278342.0,1365.0
2020-05-26,6414,431.0,14.0,345.0,Tagesspiegel,DE-HE,Wiesbaden,278342.0,1365.0
2020-05-27,6414,435.0,15.0,345.0,Tagesspiegel,DE-HE,Wiesbaden,278342.0,1365.0
2020-05-28,6414,449.0,15.0,359.0,Tagesspiegel,DE-HE,Wiesbaden,278342.0,1365.0
2020-05-29,6414,442.0,16.0,363.0,Tagesspiegel,DE-HE,Wiesbaden,278342.0,1365.0
2020-05-30,6414,445.0,16.0,364.0,Tagesspiegel,DE-HE,Wiesbaden,278342.0,1365.0
2020-06-01,6414,446.0,16.0,372.0,Tagesspiegel,DE-HE,Wiesbaden,278342.0,1365.0
2020-06-02,6414,447.0,17.0,375.0,Tagesspiegel,DE-HE,Wiesbaden,278342.0,1365.0
2020-06-03,6414,448.0,17.0,378.0,Tagesspiegel,DE-HE,Wiesbaden,278342.0,1365.0
2020-06-06,6414,450.0,18.0,401.0,Tagesspiegel,DE-HE,Wiesbaden,278342.0,1365.0
2020-06-08,6414,453.0,19.0,406.0,Tagesspiegel,DE-HE,Wiesbaden,278342.0,1365.0
2020-06-09,6414,454.0,20.0,410.0,Tagesspiegel,DE-HE,Wiesbaden,278342.0,1365.0
2020-06-10,6414,455.0,20.0,411.0,Tagesspiegel,DE-HE,Wiesbaden,278342.0,1365.0
2020-06-13,6414,460.0,20.0,413.0,Tagesspiegel,DE-HE,Wiesbaden,278342.0,1365.0
2020-06-16,6414,462.0,20.0,418.0,Tagesspiegel,DE-HE,Wiesbaden,278342.0,1365.0
2020-06-17,6414,466.0,21.0,422.0,Tagesspiegel,DE-HE,Wiesbaden,278342.0,1365.0
2020-06-23,6414,468.0,22.0,434.0,Tagesspiegel,DE-HE,Wiesbaden,278342.0,1365.0
2020-06-26,6414,469.0,22.0,437.0,Tagesspiegel,DE-HE,Wiesbaden,278342.0,1365.0
2020-06-29,6414,470.0,22.0,443.0,Tagesspiegel,DE-HE,Wiesbaden,278342.0,1365.0
2020-06-30,6414,471.0,22.0,443.0,Tagesspiegel,DE-HE,Wiesbaden,278342.0,1365.0
2020-07-01,6414,472.0,22.0,443.0,Tagesspiegel,DE-HE,Wiesbaden,278342.0,1365.0
2020-07-02,6414,476.0,22.0,443.0,Tagesspiegel,DE-HE,Wiesbaden,278342.0,1365.0
2020-07-03,6414,476.0,22.0,443.0,Tagesspiegel,DE-HE,Wiesbaden,278342.0,1365.0
2020-07-04,6414,481.0,22.0,443.0,Tagesspiegel,DE-HE,Wiesbaden,278342.0,1365.0
2020-07-07,6414,484.0,22.0,447.0,Tagesspiegel,DE-HE,Wiesbaden,278342.0,1365.0
2020-07-08,6414,486.0,22.0,449.0,Tagesspiegel,DE-HE,Wiesbaden,278342.0,1365.0
2020-07-09,6414,487.0,22.0,449.0,Tagesspiegel,DE-HE,Wiesbaden,278342.0,1365.0
2020-07-13,6414,490.0,22.0,453.0,Tagesspiegel,DE-HE,Wiesbaden,278342.0,1365.0
2020-07-15,6414,491.0,22.0,455.0,Tagesspiegel,DE-HE,Wiesbaden,278342.0,1365.0
2020-07-16,6414,493.0,22.0,459.0,Tagesspiegel,DE-HE,Wiesbaden,278342.0,1365.0
2020-03-09,6431,2.0,0.0,2.0,RKI,DE-HE,Bergstraße,269694.0,375.0
2020-03-10,6431,2.0,0.0,2.0,RKI,DE-HE,Bergstraße,269694.0,375.0
2020-03-11,6431,2.0,0.0,2.0,RKI,DE-HE,Bergstraße,269694.0,375.0
2020-03-12,6431,2.0,0.0,2.0,RKI,DE-HE,Bergstraße,269694.0,375.0
2020-03-16,6431,13.0,0.0,13.0,RKI,DE-HE,Bergstraße,269694.0,375.0
2020-03-17,6431,18.0,0.0,18.0,RKI,DE-HE,Bergstraße,269694.0,375.0
2020-03-18,6431,21.0,0.0,21.0,RKI,DE-HE,Bergstraße,269694.0,375.0
2020-03-19,6431,27.0,0.0,27.0,RKI,DE-HE,Bergstraße,269694.0,375.0
2020-03-20,6431,30.0,0.0,30.0,RKI,DE-HE,Bergstraße,269694.0,375.0
2020-03-23,6431,58.0,0.0,58.0,RKI,DE-HE,Bergstraße,269694.0,375.0
2020-03-24,6431,81.0,2.0,79.0,RKI,DE-HE,Bergstraße,269694.0,375.0
2020-03-25,6431,89.0,2.0,87.0,RKI,DE-HE,Bergstraße,269694.0,375.0
2020-03-26,6431,99.0,2.0,97.0,RKI,DE-HE,Bergstraße,269694.0,375.0
2020-03-27,6431,119.0,2.0,117.0,RKI,DE-HE,Bergstraße,269694.0,375.0
2020-03-29,6431,138.0,3.0,135.0,RKI,DE-HE,Bergstraße,269694.0,375.0
2020-03-30,6431,168.0,1.0,25.0,Tagesspiegel,DE-HE,Bergstraße,269694.0,375.0
2020-03-31,6431,170.0,1.0,30.0,Tagesspiegel,DE-HE,Bergstraße,269694.0,375.0
2020-04-01,6431,180.0,1.0,32.0,Tagesspiegel,DE-HE,Bergstraße,269694.0,375.0
2020-04-02,6431,192.0,1.0,47.0,Tagesspiegel,DE-HE,Bergstraße,269694.0,375.0
2020-04-03,6431,203.0,1.0,55.0,Tagesspiegel,DE-HE,Bergstraße,269694.0,375.0
2020-04-04,6431,208.0,1.0,55.0,Tagesspiegel,DE-HE,Bergstraße,269694.0,375.0
2020-04-05,6431,221.0,1.0,55.0,Tagesspiegel,DE-HE,Bergstraße,269694.0,375.0
2020-04-06,6431,228.0,1.0,64.0,Tagesspiegel,DE-HE,Bergstraße,269694.0,375.0
2020-04-07,6431,232.0,1.0,74.0,Tagesspiegel,DE-HE,Bergstraße,269694.0,375.0
2020-04-08,6431,241.0,1.0,96.0,Tagesspiegel,DE-HE,Bergstraße,269694.0,375.0
2020-04-09,6431,252.0,1.0,121.0,Tagesspiegel,DE-HE,Bergstraße,269694.0,375.0
2020-04-10,6431,256.0,1.0,121.0,Tagesspiegel,DE-HE,Bergstraße,269694.0,375.0
2020-04-11,6431,261.0,1.0,121.0,Tagesspiegel,DE-HE,Bergstraße,269694.0,375.0
2020-04-12,6431,265.0,1.0,121.0,Tagesspiegel,DE-HE,Bergstraße,269694.0,375.0
2020-04-13,6431,267.0,1.0,121.0,Tagesspiegel,DE-HE,Bergstraße,269694.0,375.0
2020-04-14,6431,268.0,1.0,138.0,Tagesspiegel,DE-HE,Bergstraße,269694.0,375.0
2020-04-15,6431,272.0,1.0,147.0,Tagesspiegel,DE-HE,Bergstraße,269694.0,375.0
2020-04-16,6431,278.0,1.0,162.0,Tagesspiegel,DE-HE,Bergstraße,269694.0,375.0
2020-04-17,6431,284.0,1.0,169.0,Tagesspiegel,DE-HE,Bergstraße,269694.0,375.0
2020-04-18,6431,286.0,1.0,169.0,Tagesspiegel,DE-HE,Bergstraße,269694.0,375.0
2020-04-20,6431,288.0,2.0,177.0,Tagesspiegel,DE-HE,Bergstraße,269694.0,375.0
2020-04-21,6431,290.0,2.0,192.0,Tagesspiegel,DE-HE,Bergstraße,269694.0,375.0
2020-04-22,6431,291.0,2.0,204.0,Tagesspiegel,DE-HE,Bergstraße,269694.0,375.0
2020-04-23,6431,295.0,2.0,216.0,Tagesspiegel,DE-HE,Bergstraße,269694.0,375.0
2020-04-24,6431,297.0,2.0,217.0,Tagesspiegel,DE-HE,Bergstraße,269694.0,375.0
2020-04-27,6431,300.0,2.0,228.0,Tagesspiegel,DE-HE,Bergstraße,269694.0,375.0
2020-04-28,6431,301.0,2.0,241.0,Tagesspiegel,DE-HE,Bergstraße,269694.0,375.0
2020-04-29,6431,304.0,2.0,248.0,Tagesspiegel,DE-HE,Bergstraße,269694.0,375.0
2020-04-30,6431,309.0,2.0,255.0,Tagesspiegel,DE-HE,Bergstraße,269694.0,375.0
2020-05-05,6431,312.0,2.0,257.0,Tagesspiegel,DE-HE,Bergstraße,269694.0,375.0
2020-05-06,6431,315.0,2.0,271.0,Tagesspiegel,DE-HE,Bergstraße,269694.0,375.0
2020-05-07,6431,317.0,3.0,272.0,Tagesspiegel,DE-HE,Bergstraße,269694.0,375.0
2020-05-08,6431,320.0,3.0,274.0,Tagesspiegel,DE-HE,Bergstraße,269694.0,375.0
2020-05-11,6431,325.0,3.0,274.0,Tagesspiegel,DE-HE,Bergstraße,269694.0,375.0
2020-05-12,6431,327.0,3.0,278.0,Tagesspiegel,DE-HE,Bergstraße,269694.0,375.0
2020-05-13,6431,330.0,3.0,278.0,Tagesspiegel,DE-HE,Bergstraße,269694.0,375.0
2020-05-14,6431,332.0,3.0,283.0,Tagesspiegel,DE-HE,Bergstraße,269694.0,375.0
2020-05-15,6431,333.0,3.0,283.0,Tagesspiegel,DE-HE,Bergstraße,269694.0,375.0
2020-05-18,6431,336.0,3.0,284.0,Tagesspiegel,DE-HE,Bergstraße,269694.0,375.0
2020-05-21,6431,339.0,3.0,296.0,Tagesspiegel,DE-HE,Bergstraße,269694.0,375.0
2020-05-22,6431,340.0,3.0,297.0,Tagesspiegel,DE-HE,Bergstraße,269694.0,375.0
2020-05-25,6431,349.0,3.0,297.0,Tagesspiegel,DE-HE,Bergstraße,269694.0,375.0
2020-05-28,6431,349.0,3.0,312.0,Tagesspiegel,DE-HE,Bergstraße,269694.0,375.0
2020-05-29,6431,350.0,3.0,314.0,Tagesspiegel,DE-HE,Bergstraße,269694.0,375.0
2020-05-31,6431,352.0,3.0,314.0,Tagesspiegel,DE-HE,Bergstraße,269694.0,375.0
2020-06-03,6431,353.0,3.0,318.0,Tagesspiegel,DE-HE,Bergstraße,269694.0,375.0
2020-06-08,6431,356.0,3.0,325.0,Tagesspiegel,DE-HE,Bergstraße,269694.0,375.0
2020-06-14,6431,357.0,3.0,335.0,Tagesspiegel,DE-HE,Bergstraße,269694.0,375.0
2020-06-16,6431,357.0,3.0,338.0,Tagesspiegel,DE-HE,Bergstraße,269694.0,375.0
2020-06-17,6431,358.0,3.0,343.0,Tagesspiegel,DE-HE,Bergstraße,269694.0,375.0
2020-06-19,6431,360.0,3.0,347.0,Tagesspiegel,DE-HE,Bergstraße,269694.0,375.0
2020-06-20,6431,363.0,3.0,347.0,Tagesspiegel,DE-HE,Bergstraße,269694.0,375.0
2020-06-23,6431,364.0,3.0,351.0,Tagesspiegel,DE-HE,Bergstraße,269694.0,375.0
2020-06-25,6431,365.0,3.0,353.0,Tagesspiegel,DE-HE,Bergstraße,269694.0,375.0
2020-07-01,6431,366.0,3.0,355.0,Tagesspiegel,DE-HE,Bergstraße,269694.0,375.0
2020-07-02,6431,367.0,3.0,355.0,Tagesspiegel,DE-HE,Bergstraße,269694.0,375.0
2020-07-06,6431,373.0,3.0,360.0,Tagesspiegel,DE-HE,Bergstraße,269694.0,375.0
2020-07-07,6431,373.0,3.0,361.0,Tagesspiegel,DE-HE,Bergstraße,269694.0,375.0
2020-07-08,6431,375.0,3.0,362.0,Tagesspiegel,DE-HE,Bergstraße,269694.0,375.0
2020-07-09,6431,376.0,3.0,362.0,Tagesspiegel,DE-HE,Bergstraße,269694.0,375.0
2020-07-13,6431,382.0,3.0,364.0,Tagesspiegel,DE-HE,Bergstraße,269694.0,375.0
2020-07-15,6431,381.0,3.0,367.0,Tagesspiegel,DE-HE,Bergstraße,269694.0,375.0
2020-07-16,6431,382.0,3.0,370.0,Tagesspiegel,DE-HE,Bergstraße,269694.0,375.0
2020-03-13,6432,2.0,0.0,2.0,RKI,DE-HE,Darmstadt-Dieburg,297399.0,452.0
2020-03-16,6432,5.0,0.0,5.0,RKI,DE-HE,Darmstadt-Dieburg,297399.0,452.0
2020-03-17,6432,14.0,0.0,14.0,RKI,DE-HE,Darmstadt-Dieburg,297399.0,452.0
2020-03-18,6432,17.0,0.0,17.0,RKI,DE-HE,Darmstadt-Dieburg,297399.0,452.0
2020-03-19,6432,33.0,0.0,33.0,RKI,DE-HE,Darmstadt-Dieburg,297399.0,452.0
2020-03-20,6432,56.0,0.0,56.0,RKI,DE-HE,Darmstadt-Dieburg,297399.0,452.0
2020-03-21,6432,65.0,1.0,64.0,RKI,DE-HE,Darmstadt-Dieburg,297399.0,452.0
2020-03-22,6432,66.0,1.0,65.0,RKI,DE-HE,Darmstadt-Dieburg,297399.0,452.0
2020-03-23,6432,68.0,1.0,67.0,RKI,DE-HE,Darmstadt-Dieburg,297399.0,452.0
2020-03-24,6432,78.0,2.0,76.0,RKI,DE-HE,Darmstadt-Dieburg,297399.0,452.0
2020-03-25,6432,99.0,2.0,97.0,RKI,DE-HE,Darmstadt-Dieburg,297399.0,452.0
2020-03-26,6432,117.0,4.0,113.0,RKI,DE-HE,Darmstadt-Dieburg,297399.0,452.0
2020-03-27,6432,133.0,4.0,129.0,RKI,DE-HE,Darmstadt-Dieburg,297399.0,452.0
2020-03-28,6432,141.0,4.0,137.0,RKI,DE-HE,Darmstadt-Dieburg,297399.0,452.0
2020-03-29,6432,145.0,6.0,139.0,RKI,DE-HE,Darmstadt-Dieburg,297399.0,452.0
2020-03-30,6432,157.0,1.0,41.0,Tagesspiegel,DE-HE,Darmstadt-Dieburg,297399.0,452.0
2020-03-31,6432,161.0,2.0,60.0,Tagesspiegel,DE-HE,Darmstadt-Dieburg,297399.0,452.0
2020-04-01,6432,177.0,2.0,62.0,Tagesspiegel,DE-HE,Darmstadt-Dieburg,297399.0,452.0
2020-04-02,6432,195.0,2.0,88.0,Tagesspiegel,DE-HE,Darmstadt-Dieburg,297399.0,452.0
2020-04-03,6432,207.0,2.0,102.0,Tagesspiegel,DE-HE,Darmstadt-Dieburg,297399.0,452.0
2020-04-04,6432,215.0,2.0,102.0,Tagesspiegel,DE-HE,Darmstadt-Dieburg,297399.0,452.0
2020-04-05,6432,223.0,3.0,102.0,Tagesspiegel,DE-HE,Darmstadt-Dieburg,297399.0,452.0
2020-04-06,6432,231.0,3.0,130.0,Tagesspiegel,DE-HE,Darmstadt-Dieburg,297399.0,452.0
2020-04-07,6432,237.0,3.0,145.0,Tagesspiegel,DE-HE,Darmstadt-Dieburg,297399.0,452.0
2020-04-08,6432,241.0,3.0,153.0,Tagesspiegel,DE-HE,Darmstadt-Dieburg,297399.0,452.0
2020-04-09,6432,251.0,5.0,154.0,Tagesspiegel,DE-HE,Darmstadt-Dieburg,297399.0,452.0
2020-04-10,6432,268.0,5.0,159.0,Tagesspiegel,DE-HE,Darmstadt-Dieburg,297399.0,452.0
2020-04-11,6432,285.0,5.0,162.0,Tagesspiegel,DE-HE,Darmstadt-Dieburg,297399.0,452.0
2020-04-12,6432,290.0,5.0,162.0,Tagesspiegel,DE-HE,Darmstadt-Dieburg,297399.0,452.0
2020-04-13,6432,294.0,5.0,162.0,Tagesspiegel,DE-HE,Darmstadt-Dieburg,297399.0,452.0
2020-04-14,6432,297.0,5.0,168.0,Tagesspiegel,DE-HE,Darmstadt-Dieburg,297399.0,452.0
2020-04-15,6432,298.0,6.0,178.0,Tagesspiegel,DE-HE,Darmstadt-Dieburg,297399.0,452.0
2020-04-16,6432,307.0,7.0,192.0,Tagesspiegel,DE-HE,Darmstadt-Dieburg,297399.0,452.0
2020-04-17,6432,315.0,10.0,202.0,Tagesspiegel,DE-HE,Darmstadt-Dieburg,297399.0,452.0
2020-04-18,6432,324.0,10.0,202.0,Tagesspiegel,DE-HE,Darmstadt-Dieburg,297399.0,452.0
2020-04-20,6432,336.0,11.0,218.0,Tagesspiegel,DE-HE,Darmstadt-Dieburg,297399.0,452.0
2020-04-21,6432,337.0,11.0,218.0,Tagesspiegel,DE-HE,Darmstadt-Dieburg,297399.0,452.0
2020-04-22,6432,337.0,11.0,230.0,Tagesspiegel,DE-HE,Darmstadt-Dieburg,297399.0,452.0
2020-04-23,6432,343.0,12.0,236.0,Tagesspiegel,DE-HE,Darmstadt-Dieburg,297399.0,452.0
2020-04-24,6432,345.0,13.0,239.0,Tagesspiegel,DE-HE,Darmstadt-Dieburg,297399.0,452.0
2020-04-26,6432,360.0,13.0,239.0,Tagesspiegel,DE-HE,Darmstadt-Dieburg,297399.0,452.0
2020-04-27,6432,350.0,13.0,251.0,Tagesspiegel,DE-HE,Darmstadt-Dieburg,297399.0,452.0
2020-04-28,6432,354.0,13.0,259.0,Tagesspiegel,DE-HE,Darmstadt-Dieburg,297399.0,452.0
2020-04-29,6432,361.0,14.0,263.0,Tagesspiegel,DE-HE,Darmstadt-Dieburg,297399.0,452.0
2020-04-30,6432,357.0,14.0,268.0,Tagesspiegel,DE-HE,Darmstadt-Dieburg,297399.0,452.0
2020-05-01,6432,358.0,14.0,268.0,Tagesspiegel,DE-HE,Darmstadt-Dieburg,297399.0,452.0
2020-05-02,6432,362.0,14.0,268.0,Tagesspiegel,DE-HE,Darmstadt-Dieburg,297399.0,452.0
2020-05-04,6432,364.0,15.0,278.0,Tagesspiegel,DE-HE,Darmstadt-Dieburg,297399.0,452.0
2020-05-05,6432,364.0,16.0,278.0,Tagesspiegel,DE-HE,Darmstadt-Dieburg,297399.0,452.0
2020-05-08,6432,367.0,16.0,301.0,Tagesspiegel,DE-HE,Darmstadt-Dieburg,297399.0,452.0
2020-05-09,6432,367.0,16.0,301.0,Tagesspiegel,DE-HE,Darmstadt-Dieburg,297399.0,452.0
2020-05-10,6432,369.0,16.0,301.0,Tagesspiegel,DE-HE,Darmstadt-Dieburg,297399.0,452.0
2020-05-11,6432,371.0,16.0,301.0,Tagesspiegel,DE-HE,Darmstadt-Dieburg,297399.0,452.0
2020-05-12,6432,371.0,16.0,310.0,Tagesspiegel,DE-HE,Darmstadt-Dieburg,297399.0,452.0
2020-05-13,6432,371.0,16.0,310.0,Tagesspiegel,DE-HE,Darmstadt-Dieburg,297399.0,452.0
2020-05-14,6432,377.0,16.0,318.0,Tagesspiegel,DE-HE,Darmstadt-Dieburg,297399.0,452.0
2020-05-15,6432,382.0,16.0,318.0,Tagesspiegel,DE-HE,Darmstadt-Dieburg,297399.0,452.0
2020-05-16,6432,384.0,17.0,322.0,Tagesspiegel,DE-HE,Darmstadt-Dieburg,297399.0,452.0
2020-05-18,6432,390.0,17.0,332.0,Tagesspiegel,DE-HE,Darmstadt-Dieburg,297399.0,452.0
2020-05-19,6432,390.0,17.0,332.0,Tagesspiegel,DE-HE,Darmstadt-Dieburg,297399.0,452.0
2020-05-20,6432,390.0,17.0,332.0,Tagesspiegel,DE-HE,Darmstadt-Dieburg,297399.0,452.0
2020-05-21,6432,397.0,17.0,337.0,Tagesspiegel,DE-HE,Darmstadt-Dieburg,297399.0,452.0
2020-05-22,6432,399.0,17.0,342.0,Tagesspiegel,DE-HE,Darmstadt-Dieburg,297399.0,452.0
2020-05-25,6432,407.0,17.0,342.0,Tagesspiegel,DE-HE,Darmstadt-Dieburg,297399.0,452.0
2020-05-27,6432,410.0,18.0,361.0,Tagesspiegel,DE-HE,Darmstadt-Dieburg,297399.0,452.0
2020-05-28,6432,412.0,18.0,363.0,Tagesspiegel,DE-HE,Darmstadt-Dieburg,297399.0,452.0
2020-05-29,6432,413.0,18.0,365.0,Tagesspiegel,DE-HE,Darmstadt-Dieburg,297399.0,452.0
2020-05-30,6432,415.0,18.0,365.0,Tagesspiegel,DE-HE,Darmstadt-Dieburg,297399.0,452.0
2020-06-02,6432,419.0,19.0,371.0,Tagesspiegel,DE-HE,Darmstadt-Dieburg,297399.0,452.0
2020-06-05,6432,421.0,19.0,383.0,Tagesspiegel,DE-HE,Darmstadt-Dieburg,297399.0,452.0
2020-06-11,6432,425.0,20.0,390.0,Tagesspiegel,DE-HE,Darmstadt-Dieburg,297399.0,452.0
2020-06-15,6432,426.0,20.0,395.0,Tagesspiegel,DE-HE,Darmstadt-Dieburg,297399.0,452.0
2020-06-20,6432,427.0,20.0,399.0,Tagesspiegel,DE-HE,Darmstadt-Dieburg,297399.0,452.0
2020-06-22,6432,427.0,20.0,400.0,Tagesspiegel,DE-HE,Darmstadt-Dieburg,297399.0,452.0
2020-06-25,6432,429.0,20.0,402.0,Tagesspiegel,DE-HE,Darmstadt-Dieburg,297399.0,452.0
2020-06-29,6432,433.0,20.0,404.0,Tagesspiegel,DE-HE,Darmstadt-Dieburg,297399.0,452.0
2020-07-02,6432,434.0,20.0,407.0,Tagesspiegel,DE-HE,Darmstadt-Dieburg,297399.0,452.0
2020-07-06,6432,435.0,20.0,410.0,Tagesspiegel,DE-HE,Darmstadt-Dieburg,297399.0,452.0
2020-07-08,6432,437.0,20.0,413.0,Tagesspiegel,DE-HE,Darmstadt-Dieburg,297399.0,452.0
2020-07-10,6432,437.0,20.0,415.0,Tagesspiegel,DE-HE,Darmstadt-Dieburg,297399.0,452.0
2020-07-14,6432,439.0,20.0,416.0,Tagesspiegel,DE-HE,Darmstadt-Dieburg,297399.0,452.0
2020-03-11,6433,0.0,0.0,0.0,RKI,DE-HE,Groß-Gerau,274526.0,606.0
2020-03-12,6433,0.0,0.0,0.0,RKI,DE-HE,Groß-Gerau,274526.0,606.0
2020-03-13,6433,0.0,0.0,0.0,RKI,DE-HE,Groß-Gerau,274526.0,606.0
2020-03-16,6433,6.0,0.0,6.0,RKI,DE-HE,Groß-Gerau,274526.0,606.0
2020-03-17,6433,6.0,0.0,6.0,RKI,DE-HE,Groß-Gerau,274526.0,606.0
2020-03-18,6433,14.0,0.0,14.0,RKI,DE-HE,Groß-Gerau,274526.0,606.0
2020-03-19,6433,24.0,0.0,24.0,RKI,DE-HE,Groß-Gerau,274526.0,606.0
2020-03-20,6433,47.0,0.0,47.0,RKI,DE-HE,Groß-Gerau,274526.0,606.0
2020-03-21,6433,61.0,0.0,61.0,RKI,DE-HE,Groß-Gerau,274526.0,606.0
2020-03-22,6433,72.0,0.0,72.0,RKI,DE-HE,Groß-Gerau,274526.0,606.0
2020-03-23,6433,87.0,1.0,86.0,RKI,DE-HE,Groß-Gerau,274526.0,606.0
2020-03-24,6433,104.0,1.0,103.0,RKI,DE-HE,Groß-Gerau,274526.0,606.0
2020-03-25,6433,108.0,1.0,107.0,RKI,DE-HE,Groß-Gerau,274526.0,606.0
2020-03-26,6433,121.0,1.0,120.0,RKI,DE-HE,Groß-Gerau,274526.0,606.0
2020-03-27,6433,133.0,2.0,131.0,RKI,DE-HE,Groß-Gerau,274526.0,606.0
2020-03-28,6433,151.0,2.0,149.0,RKI,DE-HE,Groß-Gerau,274526.0,606.0
2020-03-29,6433,165.0,2.0,163.0,RKI,DE-HE,Groß-Gerau,274526.0,606.0
2020-03-30,6433,170.0,2.0,168.0,RKI,DE-HE,Groß-Gerau,274526.0,606.0
2020-03-31,6433,174.0,3.0,171.0,RKI,DE-HE,Groß-Gerau,274526.0,606.0
2020-04-01,6433,192.0,4.0,188.0,RKI,DE-HE,Groß-Gerau,274526.0,606.0
2020-04-02,6433,200.0,4.0,196.0,RKI,DE-HE,Groß-Gerau,274526.0,606.0
2020-04-03,6433,223.0,1.0,69.0,Tagesspiegel,DE-HE,Groß-Gerau,274526.0,606.0
2020-04-04,6433,235.0,1.0,69.0,Tagesspiegel,DE-HE,Groß-Gerau,274526.0,606.0
2020-04-06,6433,245.0,1.0,98.0,Tagesspiegel,DE-HE,Groß-Gerau,274526.0,606.0
2020-04-07,6433,251.0,2.0,103.0,Tagesspiegel,DE-HE,Groß-Gerau,274526.0,606.0
2020-04-08,6433,262.0,3.0,103.0,Tagesspiegel,DE-HE,Groß-Gerau,274526.0,606.0
2020-04-09,6433,270.0,3.0,103.0,Tagesspiegel,DE-HE,Groß-Gerau,274526.0,606.0
2020-04-10,6433,271.0,3.0,103.0,Tagesspiegel,DE-HE,Groß-Gerau,274526.0,606.0
2020-04-11,6433,283.0,3.0,113.0,Tagesspiegel,DE-HE,Groß-Gerau,274526.0,606.0
2020-04-12,6433,301.0,3.0,126.0,Tagesspiegel,DE-HE,Groß-Gerau,274526.0,606.0
2020-04-15,6433,305.0,3.0,152.0,Tagesspiegel,DE-HE,Groß-Gerau,274526.0,606.0
2020-04-16,6433,319.0,3.0,177.0,Tagesspiegel,DE-HE,Groß-Gerau,274526.0,606.0
2020-04-17,6433,332.0,3.0,185.0,Tagesspiegel,DE-HE,Groß-Gerau,274526.0,606.0
2020-04-18,6433,352.0,3.0,185.0,Tagesspiegel,DE-HE,Groß-Gerau,274526.0,606.0
2020-04-19,6433,356.0,3.0,185.0,Tagesspiegel,DE-HE,Groß-Gerau,274526.0,606.0
2020-04-20,6433,358.0,3.0,195.0,Tagesspiegel,DE-HE,Groß-Gerau,274526.0,606.0
2020-04-21,6433,359.0,4.0,198.0,Tagesspiegel,DE-HE,Groß-Gerau,274526.0,606.0
2020-04-22,6433,373.0,4.0,215.0,Tagesspiegel,DE-HE,Groß-Gerau,274526.0,606.0
2020-04-23,6433,375.0,4.0,233.0,Tagesspiegel,DE-HE,Groß-Gerau,274526.0,606.0
2020-04-24,6433,388.0,6.0,248.0,Tagesspiegel,DE-HE,Groß-Gerau,274526.0,606.0
2020-04-26,6433,399.0,6.0,252.0,Tagesspiegel,DE-HE,Groß-Gerau,274526.0,606.0
2020-04-27,6433,399.0,6.0,257.0,Tagesspiegel,DE-HE,Groß-Gerau,274526.0,606.0
2020-04-28,6433,401.0,6.0,259.0,Tagesspiegel,DE-HE,Groß-Gerau,274526.0,606.0
2020-04-29,6433,410.0,7.0,268.0,Tagesspiegel,DE-HE,Groß-Gerau,274526.0,606.0
2020-04-30,6433,418.0,8.0,276.0,Tagesspiegel,DE-HE,Groß-Gerau,274526.0,606.0
2020-05-01,6433,426.0,9.0,281.0,Tagesspiegel,DE-HE,Groß-Gerau,274526.0,606.0
2020-05-02,6433,431.0,10.0,289.0,Tagesspiegel,DE-HE,Groß-Gerau,274526.0,606.0
2020-05-04,6433,433.0,10.0,303.0,Tagesspiegel,DE-HE,Groß-Gerau,274526.0,606.0
2020-05-05,6433,433.0,10.0,303.0,Tagesspiegel,DE-HE,Groß-Gerau,274526.0,606.0
2020-05-06,6433,440.0,10.0,318.0,Tagesspiegel,DE-HE,Groß-Gerau,274526.0,606.0
2020-05-07,6433,444.0,10.0,323.0,Tagesspiegel,DE-HE,Groß-Gerau,274526.0,606.0
2020-05-08,6433,451.0,10.0,331.0,Tagesspiegel,DE-HE,Groß-Gerau,274526.0,606.0
2020-05-09,6433,464.0,10.0,334.0,Tagesspiegel,DE-HE,Groß-Gerau,274526.0,606.0
2020-05-10,6433,467.0,10.0,334.0,Tagesspiegel,DE-HE,Groß-Gerau,274526.0,606.0
2020-05-12,6433,468.0,10.0,345.0,Tagesspiegel,DE-HE,Groß-Gerau,274526.0,606.0
2020-05-13,6433,483.0,10.0,345.0,Tagesspiegel,DE-HE,Groß-Gerau,274526.0,606.0
2020-05-14,6433,485.0,10.0,359.0,Tagesspiegel,DE-HE,Groß-Gerau,274526.0,606.0
2020-05-15,6433,485.0,10.0,359.0,Tagesspiegel,DE-HE,Groß-Gerau,274526.0,606.0
2020-05-16,6433,486.0,11.0,365.0,Tagesspiegel,DE-HE,Groß-Gerau,274526.0,606.0
2020-05-18,6433,491.0,11.0,385.0,Tagesspiegel,DE-HE,Groß-Gerau,274526.0,606.0
2020-05-19,6433,491.0,11.0,390.0,Tagesspiegel,DE-HE,Groß-Gerau,274526.0,606.0
2020-05-20,6433,496.0,11.0,397.0,Tagesspiegel,DE-HE,Groß-Gerau,274526.0,606.0
2020-05-22,6433,504.0,11.0,406.0,Tagesspiegel,DE-HE,Groß-Gerau,274526.0,606.0
2020-05-23,6433,504.0,12.0,408.0,Tagesspiegel,DE-HE,Groß-Gerau,274526.0,606.0
2020-05-24,6433,505.0,12.0,408.0,Tagesspiegel,DE-HE,Groß-Gerau,274526.0,606.0
2020-05-25,6433,509.0,12.0,408.0,Tagesspiegel,DE-HE,Groß-Gerau,274526.0,606.0
2020-05-26,6433,511.0,12.0,436.0,Tagesspiegel,DE-HE,Groß-Gerau,274526.0,606.0
2020-05-27,6433,511.0,12.0,451.0,Tagesspiegel,DE-HE,Groß-Gerau,274526.0,606.0
2020-05-28,6433,516.0,12.0,454.0,Tagesspiegel,DE-HE,Groß-Gerau,274526.0,606.0
2020-05-29,6433,524.0,12.0,459.0,Tagesspiegel,DE-HE,Groß-Gerau,274526.0,606.0
2020-06-02,6433,525.0,12.0,464.0,Tagesspiegel,DE-HE,Groß-Gerau,274526.0,606.0
2020-06-03,6433,524.0,12.0,467.0,Tagesspiegel,DE-HE,Groß-Gerau,274526.0,606.0
2020-06-05,6433,524.0,12.0,477.0,Tagesspiegel,DE-HE,Groß-Gerau,274526.0,606.0
2020-06-08,6433,530.0,12.0,487.0,Tagesspiegel,DE-HE,Groß-Gerau,274526.0,606.0
2020-06-10,6433,531.0,12.0,495.0,Tagesspiegel,DE-HE,Groß-Gerau,274526.0,606.0
2020-06-12,6433,531.0,12.0,496.0,Tagesspiegel,DE-HE,Groß-Gerau,274526.0,606.0
2020-06-15,6433,533.0,13.0,499.0,Tagesspiegel,DE-HE,Groß-Gerau,274526.0,606.0
2020-06-16,6433,533.0,13.0,503.0,Tagesspiegel,DE-HE,Groß-Gerau,274526.0,606.0
2020-06-17,6433,533.0,14.0,505.0,Tagesspiegel,DE-HE,Groß-Gerau,274526.0,606.0
2020-06-18,6433,536.0,14.0,506.0,Tagesspiegel,DE-HE,Groß-Gerau,274526.0,606.0
2020-06-19,6433,541.0,14.0,508.0,Tagesspiegel,DE-HE,Groß-Gerau,274526.0,606.0
2020-06-22,6433,546.0,14.0,509.0,Tagesspiegel,DE-HE,Groß-Gerau,274526.0,606.0
2020-06-30,6433,547.0,15.0,522.0,Tagesspiegel,DE-HE,Groß-Gerau,274526.0,606.0
2020-07-01,6433,547.0,15.0,524.0,Tagesspiegel,DE-HE,Groß-Gerau,274526.0,606.0
2020-07-03,6433,551.0,15.0,530.0,Tagesspiegel,DE-HE,Groß-Gerau,274526.0,606.0
2020-07-06,6433,553.0,15.0,530.0,Tagesspiegel,DE-HE,Groß-Gerau,274526.0,606.0
2020-07-07,6433,553.0,15.0,530.0,Tagesspiegel,DE-HE,Groß-Gerau,274526.0,606.0
2020-07-08,6433,557.0,15.0,531.0,Tagesspiegel,DE-HE,Groß-Gerau,274526.0,606.0
2020-07-09,6433,558.0,15.0,531.0,Tagesspiegel,DE-HE,Groß-Gerau,274526.0,606.0
2020-07-10,6433,565.0,15.0,531.0,Tagesspiegel,DE-HE,Groß-Gerau,274526.0,606.0
2020-07-13,6433,572.0,15.0,531.0,Tagesspiegel,DE-HE,Groß-Gerau,274526.0,606.0
2020-07-14,6433,572.0,15.0,533.0,Tagesspiegel,DE-HE,Groß-Gerau,274526.0,606.0
2020-07-15,6433,576.0,15.0,533.0,Tagesspiegel,DE-HE,Groß-Gerau,274526.0,606.0
2020-07-16,6433,577.0,15.0,537.0,Tagesspiegel,DE-HE,Groß-Gerau,274526.0,606.0
2020-03-04,6434,0.0,0.0,0.0,RKI,DE-HE,Hochtaunuskreis,236564.0,491.0
2020-03-09,6434,0.0,0.0,0.0,RKI,DE-HE,Hochtaunuskreis,236564.0,491.0
2020-03-12,6434,0.0,0.0,0.0,RKI,DE-HE,Hochtaunuskreis,236564.0,491.0
2020-03-13,6434,1.0,0.0,1.0,RKI,DE-HE,Hochtaunuskreis,236564.0,491.0
2020-03-14,6434,3.0,0.0,3.0,RKI,DE-HE,Hochtaunuskreis,236564.0,491.0
2020-03-15,6434,4.0,0.0,4.0,RKI,DE-HE,Hochtaunuskreis,236564.0,491.0
2020-03-16,6434,12.0,0.0,12.0,RKI,DE-HE,Hochtaunuskreis,236564.0,491.0
2020-03-17,6434,15.0,0.0,15.0,RKI,DE-HE,Hochtaunuskreis,236564.0,491.0
2020-03-18,6434,23.0,0.0,23.0,RKI,DE-HE,Hochtaunuskreis,236564.0,491.0
2020-03-19,6434,36.0,0.0,36.0,RKI,DE-HE,Hochtaunuskreis,236564.0,491.0
2020-03-20,6434,44.0,0.0,44.0,RKI,DE-HE,Hochtaunuskreis,236564.0,491.0
2020-03-21,6434,51.0,0.0,51.0,RKI,DE-HE,Hochtaunuskreis,236564.0,491.0
2020-03-22,6434,52.0,0.0,52.0,RKI,DE-HE,Hochtaunuskreis,236564.0,491.0
2020-03-23,6434,53.0,0.0,53.0,RKI,DE-HE,Hochtaunuskreis,236564.0,491.0
2020-03-24,6434,68.0,1.0,67.0,RKI,DE-HE,Hochtaunuskreis,236564.0,491.0
2020-03-25,6434,88.0,2.0,86.0,RKI,DE-HE,Hochtaunuskreis,236564.0,491.0
2020-03-26,6434,92.0,3.0,89.0,RKI,DE-HE,Hochtaunuskreis,236564.0,491.0
2020-03-27,6434,104.0,3.0,101.0,RKI,DE-HE,Hochtaunuskreis,236564.0,491.0
2020-03-28,6434,107.0,3.0,104.0,RKI,DE-HE,Hochtaunuskreis,236564.0,491.0
2020-03-29,6434,110.0,3.0,107.0,RKI,DE-HE,Hochtaunuskreis,236564.0,491.0
2020-03-30,6434,114.0,3.0,111.0,RKI,DE-HE,Hochtaunuskreis,236564.0,491.0
2020-03-31,6434,127.0,3.0,124.0,RKI,DE-HE,Hochtaunuskreis,236564.0,491.0
2020-04-01,6434,133.0,4.0,129.0,RKI,DE-HE,Hochtaunuskreis,236564.0,491.0
2020-04-02,6434,137.0,4.0,133.0,RKI,DE-HE,Hochtaunuskreis,236564.0,491.0
2020-04-03,6434,146.0,4.0,142.0,RKI,DE-HE,Hochtaunuskreis,236564.0,491.0
2020-04-04,6434,150.0,4.0,146.0,RKI,DE-HE,Hochtaunuskreis,236564.0,491.0
2020-04-05,6434,150.0,4.0,146.0,RKI,DE-HE,Hochtaunuskreis,236564.0,491.0
2020-04-06,6434,152.0,4.0,148.0,RKI,DE-HE,Hochtaunuskreis,236564.0,491.0
2020-04-07,6434,158.0,4.0,154.0,RKI,DE-HE,Hochtaunuskreis,236564.0,491.0
2020-04-08,6434,190.0,1.0,81.0,Tagesspiegel,DE-HE,Hochtaunuskreis,236564.0,491.0
2020-04-09,6434,200.0,1.0,96.0,Tagesspiegel,DE-HE,Hochtaunuskreis,236564.0,491.0
2020-04-10,6434,206.0,1.0,96.0,Tagesspiegel,DE-HE,Hochtaunuskreis,236564.0,491.0
2020-04-13,6434,211.0,2.0,96.0,Tagesspiegel,DE-HE,Hochtaunuskreis,236564.0,491.0
2020-04-14,6434,211.0,2.0,102.0,Tagesspiegel,DE-HE,Hochtaunuskreis,236564.0,491.0
2020-04-15,6434,212.0,3.0,106.0,Tagesspiegel,DE-HE,Hochtaunuskreis,236564.0,491.0
2020-04-16,6434,214.0,3.0,117.0,Tagesspiegel,DE-HE,Hochtaunuskreis,236564.0,491.0
2020-04-17,6434,217.0,3.0,125.0,Tagesspiegel,DE-HE,Hochtaunuskreis,236564.0,491.0
2020-04-18,6434,218.0,3.0,125.0,Tagesspiegel,DE-HE,Hochtaunuskreis,236564.0,491.0
2020-04-20,6434,222.0,4.0,125.0,Tagesspiegel,DE-HE,Hochtaunuskreis,236564.0,491.0
2020-04-21,6434,222.0,4.0,132.0,Tagesspiegel,DE-HE,Hochtaunuskreis,236564.0,491.0
2020-04-22,6434,224.0,5.0,147.0,Tagesspiegel,DE-HE,Hochtaunuskreis,236564.0,491.0
2020-04-23,6434,228.0,5.0,152.0,Tagesspiegel,DE-HE,Hochtaunuskreis,236564.0,491.0
2020-04-26,6434,231.0,5.0,153.0,Tagesspiegel,DE-HE,Hochtaunuskreis,236564.0,491.0
2020-04-27,6434,232.0,5.0,156.0,Tagesspiegel,DE-HE,Hochtaunuskreis,236564.0,491.0
2020-04-29,6434,233.0,5.0,165.0,Tagesspiegel,DE-HE,Hochtaunuskreis,236564.0,491.0
2020-04-30,6434,236.0,5.0,178.0,Tagesspiegel,DE-HE,Hochtaunuskreis,236564.0,491.0
2020-05-01,6434,238.0,5.0,178.0,Tagesspiegel,DE-HE,Hochtaunuskreis,236564.0,491.0
2020-05-02,6434,242.0,5.0,178.0,Tagesspiegel,DE-HE,Hochtaunuskreis,236564.0,491.0
2020-05-04,6434,243.0,5.0,182.0,Tagesspiegel,DE-HE,Hochtaunuskreis,236564.0,491.0
2020-05-09,6434,245.0,5.0,196.0,Tagesspiegel,DE-HE,Hochtaunuskreis,236564.0,491.0
2020-05-10,6434,247.0,5.0,196.0,Tagesspiegel,DE-HE,Hochtaunuskreis,236564.0,491.0
2020-05-15,6434,249.0,5.0,216.0,Tagesspiegel,DE-HE,Hochtaunuskreis,236564.0,491.0
2020-05-17,6434,251.0,5.0,218.0,Tagesspiegel,DE-HE,Hochtaunuskreis,236564.0,491.0
2020-05-18,6434,251.0,5.0,222.0,Tagesspiegel,DE-HE,Hochtaunuskreis,236564.0,491.0
2020-05-19,6434,251.0,5.0,225.0,Tagesspiegel,DE-HE,Hochtaunuskreis,236564.0,491.0
2020-05-20,6434,253.0,5.0,225.0,Tagesspiegel,DE-HE,Hochtaunuskreis,236564.0,491.0
2020-05-22,6434,259.0,5.0,226.0,Tagesspiegel,DE-HE,Hochtaunuskreis,236564.0,491.0
2020-05-23,6434,259.0,5.0,226.0,Tagesspiegel,DE-HE,Hochtaunuskreis,236564.0,491.0
2020-05-25,6434,263.0,5.0,226.0,Tagesspiegel,DE-HE,Hochtaunuskreis,236564.0,491.0
2020-05-26,6434,264.0,5.0,236.0,Tagesspiegel,DE-HE,Hochtaunuskreis,236564.0,491.0
2020-05-27,6434,265.0,5.0,236.0,Tagesspiegel,DE-HE,Hochtaunuskreis,236564.0,491.0
2020-05-28,6434,273.0,5.0,240.0,Tagesspiegel,DE-HE,Hochtaunuskreis,236564.0,491.0
2020-05-29,6434,274.0,5.0,243.0,Tagesspiegel,DE-HE,Hochtaunuskreis,236564.0,491.0
2020-06-02,6434,281.0,5.0,248.0,Tagesspiegel,DE-HE,Hochtaunuskreis,236564.0,491.0
2020-06-03,6434,281.0,5.0,248.0,Tagesspiegel,DE-HE,Hochtaunuskreis,236564.0,491.0
2020-06-04,6434,282.0,5.0,248.0,Tagesspiegel,DE-HE,Hochtaunuskreis,236564.0,491.0
2020-06-08,6434,285.0,5.0,259.0,Tagesspiegel,DE-HE,Hochtaunuskreis,236564.0,491.0
2020-06-17,6434,286.0,5.0,280.0,Tagesspiegel,DE-HE,Hochtaunuskreis,236564.0,491.0
2020-06-24,6434,288.0,5.0,280.0,Tagesspiegel,DE-HE,Hochtaunuskreis,236564.0,491.0
2020-06-29,6434,288.0,5.0,282.0,Tagesspiegel,DE-HE,Hochtaunuskreis,236564.0,491.0
2020-07-02,6434,290.0,5.0,283.0,Tagesspiegel,DE-HE,Hochtaunuskreis,236564.0,491.0
2020-07-07,6434,292.0,5.0,283.0,Tagesspiegel,DE-HE,Hochtaunuskreis,236564.0,491.0
2020-07-14,6434,295.0,5.0,286.0,Tagesspiegel,DE-HE,Hochtaunuskreis,236564.0,491.0
2020-03-09,6435,0.0,0.0,0.0,RKI,DE-HE,Main-Kinzig-Kreis,418950.0,300.0
2020-03-10,6435,0.0,0.0,0.0,RKI,DE-HE,Main-Kinzig-Kreis,418950.0,300.0
2020-03-11,6435,5.0,0.0,5.0,RKI,DE-HE,Main-Kinzig-Kreis,418950.0,300.0
2020-03-12,6435,12.0,0.0,12.0,RKI,DE-HE,Main-Kinzig-Kreis,418950.0,300.0
2020-03-13,6435,21.0,0.0,21.0,RKI,DE-HE,Main-Kinzig-Kreis,418950.0,300.0
2020-03-14,6435,30.0,0.0,30.0,RKI,DE-HE,Main-Kinzig-Kreis,418950.0,300.0
2020-03-16,6435,32.0,0.0,32.0,RKI,DE-HE,Main-Kinzig-Kreis,418950.0,300.0
2020-03-17,6435,45.0,0.0,45.0,RKI,DE-HE,Main-Kinzig-Kreis,418950.0,300.0
2020-03-18,6435,57.0,0.0,57.0,RKI,DE-HE,Main-Kinzig-Kreis,418950.0,300.0
2020-03-19,6435,60.0,0.0,60.0,RKI,DE-HE,Main-Kinzig-Kreis,418950.0,300.0
2020-03-20,6435,66.0,0.0,66.0,RKI,DE-HE,Main-Kinzig-Kreis,418950.0,300.0
2020-03-21,6435,68.0,0.0,68.0,RKI,DE-HE,Main-Kinzig-Kreis,418950.0,300.0
2020-03-22,6435,69.0,0.0,69.0,RKI,DE-HE,Main-Kinzig-Kreis,418950.0,300.0
2020-03-23,6435,77.0,1.0,76.0,RKI,DE-HE,Main-Kinzig-Kreis,418950.0,300.0
2020-03-24,6435,82.0,1.0,81.0,RKI,DE-HE,Main-Kinzig-Kreis,418950.0,300.0
2020-03-25,6435,96.0,2.0,94.0,RKI,DE-HE,Main-Kinzig-Kreis,418950.0,300.0
2020-03-26,6435,114.0,2.0,112.0,RKI,DE-HE,Main-Kinzig-Kreis,418950.0,300.0
2020-03-27,6435,129.0,2.0,127.0,RKI,DE-HE,Main-Kinzig-Kreis,418950.0,300.0
2020-03-28,6435,144.0,2.0,142.0,RKI,DE-HE,Main-Kinzig-Kreis,418950.0,300.0
2020-03-29,6435,147.0,4.0,143.0,RKI,DE-HE,Main-Kinzig-Kreis,418950.0,300.0
2020-03-30,6435,151.0,1.0,27.0,Tagesspiegel,DE-HE,Main-Kinzig-Kreis,418950.0,300.0
2020-03-31,6435,162.0,1.0,32.0,Tagesspiegel,DE-HE,Main-Kinzig-Kreis,418950.0,300.0
2020-04-01,6435,183.0,1.0,38.0,Tagesspiegel,DE-HE,Main-Kinzig-Kreis,418950.0,300.0
2020-04-02,6435,203.0,3.0,39.0,Tagesspiegel,DE-HE,Main-Kinzig-Kreis,418950.0,300.0
2020-04-03,6435,227.0,3.0,54.0,Tagesspiegel,DE-HE,Main-Kinzig-Kreis,418950.0,300.0
2020-04-04,6435,240.0,3.0,57.0,Tagesspiegel,DE-HE,Main-Kinzig-Kreis,418950.0,300.0
2020-04-05,6435,255.0,3.0,57.0,Tagesspiegel,DE-HE,Main-Kinzig-Kreis,418950.0,300.0
2020-04-06,6435,257.0,3.0,61.0,Tagesspiegel,DE-HE,Main-Kinzig-Kreis,418950.0,300.0
2020-04-07,6435,265.0,5.0,63.0,Tagesspiegel,DE-HE,Main-Kinzig-Kreis,418950.0,300.0
2020-04-08,6435,283.0,6.0,73.0,Tagesspiegel,DE-HE,Main-Kinzig-Kreis,418950.0,300.0
2020-04-09,6435,301.0,6.0,76.0,Tagesspiegel,DE-HE,Main-Kinzig-Kreis,418950.0,300.0
2020-04-10,6435,315.0,6.0,82.0,Tagesspiegel,DE-HE,Main-Kinzig-Kreis,418950.0,300.0
2020-04-11,6435,336.0,7.0,83.0,Tagesspiegel,DE-HE,Main-Kinzig-Kreis,418950.0,300.0
2020-04-12,6435,365.0,7.0,83.0,Tagesspiegel,DE-HE,Main-Kinzig-Kreis,418950.0,300.0
2020-04-13,6435,371.0,9.0,83.0,Tagesspiegel,DE-HE,Main-Kinzig-Kreis,418950.0,300.0
2020-04-14,6435,375.0,13.0,84.0,Tagesspiegel,DE-HE,Main-Kinzig-Kreis,418950.0,300.0
2020-04-15,6435,387.0,14.0,86.0,Tagesspiegel,DE-HE,Main-Kinzig-Kreis,418950.0,300.0
2020-04-16,6435,401.0,17.0,86.0,Tagesspiegel,DE-HE,Main-Kinzig-Kreis,418950.0,300.0
2020-04-17,6435,428.0,17.0,97.0,Tagesspiegel,DE-HE,Main-Kinzig-Kreis,418950.0,300.0
2020-04-18,6435,439.0,18.0,100.0,Tagesspiegel,DE-HE,Main-Kinzig-Kreis,418950.0,300.0
2020-04-19,6435,469.0,20.0,100.0,Tagesspiegel,DE-HE,Main-Kinzig-Kreis,418950.0,300.0
2020-04-20,6435,478.0,21.0,111.0,Tagesspiegel,DE-HE,Main-Kinzig-Kreis,418950.0,300.0
2020-04-21,6435,478.0,23.0,119.0,Tagesspiegel,DE-HE,Main-Kinzig-Kreis,418950.0,300.0
2020-04-22,6435,501.0,26.0,120.0,Tagesspiegel,DE-HE,Main-Kinzig-Kreis,418950.0,300.0
2020-04-23,6435,529.0,28.0,140.0,Tagesspiegel,DE-HE,Main-Kinzig-Kreis,418950.0,300.0
2020-04-24,6435,537.0,28.0,147.0,Tagesspiegel,DE-HE,Main-Kinzig-Kreis,418950.0,300.0
2020-04-25,6435,555.0,28.0,148.0,Tagesspiegel,DE-HE,Main-Kinzig-Kreis,418950.0,300.0
2020-04-26,6435,568.0,28.0,148.0,Tagesspiegel,DE-HE,Main-Kinzig-Kreis,418950.0,300.0
2020-04-27,6435,570.0,28.0,150.0,Tagesspiegel,DE-HE,Main-Kinzig-Kreis,418950.0,300.0
2020-04-28,6435,576.0,28.0,153.0,Tagesspiegel,DE-HE,Main-Kinzig-Kreis,418950.0,300.0
2020-04-29,6435,591.0,30.0,178.0,Tagesspiegel,DE-HE,Main-Kinzig-Kreis,418950.0,300.0
2020-04-30,6435,601.0,30.0,186.0,Tagesspiegel,DE-HE,Main-Kinzig-Kreis,418950.0,300.0
2020-05-01,6435,607.0,30.0,192.0,Tagesspiegel,DE-HE,Main-Kinzig-Kreis,418950.0,300.0
2020-05-02,6435,620.0,30.0,192.0,Tagesspiegel,DE-HE,Main-Kinzig-Kreis,418950.0,300.0
2020-05-03,6435,625.0,32.0,192.0,Tagesspiegel,DE-HE,Main-Kinzig-Kreis,418950.0,300.0
2020-05-04,6435,630.0,32.0,195.0,Tagesspiegel,DE-HE,Main-Kinzig-Kreis,418950.0,300.0
2020-05-05,6435,632.0,34.0,195.0,Tagesspiegel,DE-HE,Main-Kinzig-Kreis,418950.0,300.0
2020-05-06,6435,636.0,37.0,248.0,Tagesspiegel,DE-HE,Main-Kinzig-Kreis,418950.0,300.0
2020-05-07,6435,644.0,37.0,282.0,Tagesspiegel,DE-HE,Main-Kinzig-Kreis,418950.0,300.0
2020-05-08,6435,647.0,38.0,313.0,Tagesspiegel,DE-HE,Main-Kinzig-Kreis,418950.0,300.0
2020-05-09,6435,658.0,38.0,334.0,Tagesspiegel,DE-HE,Main-Kinzig-Kreis,418950.0,300.0
2020-05-11,6435,663.0,38.0,334.0,Tagesspiegel,DE-HE,Main-Kinzig-Kreis,418950.0,300.0
2020-05-12,6435,666.0,39.0,382.0,Tagesspiegel,DE-HE,Main-Kinzig-Kreis,418950.0,300.0
2020-05-13,6435,672.0,39.0,382.0,Tagesspiegel,DE-HE,Main-Kinzig-Kreis,418950.0,300.0
2020-05-14,6435,678.0,42.0,454.0,Tagesspiegel,DE-HE,Main-Kinzig-Kreis,418950.0,300.0
2020-05-15,6435,684.0,42.0,454.0,Tagesspiegel,DE-HE,Main-Kinzig-Kreis,418950.0,300.0
2020-05-16,6435,687.0,42.0,460.0,Tagesspiegel,DE-HE,Main-Kinzig-Kreis,418950.0,300.0
2020-05-17,6435,689.0,42.0,461.0,Tagesspiegel,DE-HE,Main-Kinzig-Kreis,418950.0,300.0
2020-05-18,6435,693.0,42.0,462.0,Tagesspiegel,DE-HE,Main-Kinzig-Kreis,418950.0,300.0
2020-05-20,6435,699.0,43.0,473.0,Tagesspiegel,DE-HE,Main-Kinzig-Kreis,418950.0,300.0
2020-05-21,6435,706.0,43.0,473.0,Tagesspiegel,DE-HE,Main-Kinzig-Kreis,418950.0,300.0
2020-05-22,6435,706.0,43.0,487.0,Tagesspiegel,DE-HE,Main-Kinzig-Kreis,418950.0,300.0
2020-05-23,6435,721.0,43.0,489.0,Tagesspiegel,DE-HE,Main-Kinzig-Kreis,418950.0,300.0
2020-05-26,6435,726.0,43.0,543.0,Tagesspiegel,DE-HE,Main-Kinzig-Kreis,418950.0,300.0
2020-05-28,6435,741.0,44.0,516.0,Tagesspiegel,DE-HE,Main-Kinzig-Kreis,418950.0,300.0
2020-05-29,6435,746.0,45.0,525.0,Tagesspiegel,DE-HE,Main-Kinzig-Kreis,418950.0,300.0
2020-05-30,6435,753.0,45.0,525.0,Tagesspiegel,DE-HE,Main-Kinzig-Kreis,418950.0,300.0
2020-06-03,6435,754.0,45.0,559.0,Tagesspiegel,DE-HE,Main-Kinzig-Kreis,418950.0,300.0
2020-06-04,6435,756.0,45.0,570.0,Tagesspiegel,DE-HE,Main-Kinzig-Kreis,418950.0,300.0
2020-06-06,6435,757.0,46.0,573.0,Tagesspiegel,DE-HE,Main-Kinzig-Kreis,418950.0,300.0
2020-06-07,6435,758.0,46.0,573.0,Tagesspiegel,DE-HE,Main-Kinzig-Kreis,418950.0,300.0
2020-06-09,6435,759.0,46.0,580.0,Tagesspiegel,DE-HE,Main-Kinzig-Kreis,418950.0,300.0
2020-06-11,6435,760.0,46.0,589.0,Tagesspiegel,DE-HE,Main-Kinzig-Kreis,418950.0,300.0
2020-06-13,6435,762.0,46.0,589.0,Tagesspiegel,DE-HE,Main-Kinzig-Kreis,418950.0,300.0
2020-06-19,6435,762.0,48.0,703.0,Tagesspiegel,DE-HE,Main-Kinzig-Kreis,418950.0,300.0
2020-06-23,6435,765.0,48.0,704.0,Tagesspiegel,DE-HE,Main-Kinzig-Kreis,418950.0,300.0
2020-06-24,6435,774.0,48.0,704.0,Tagesspiegel,DE-HE,Main-Kinzig-Kreis,418950.0,300.0
2020-06-25,6435,775.0,48.0,706.0,Tagesspiegel,DE-HE,Main-Kinzig-Kreis,418950.0,300.0
2020-06-26,6435,777.0,48.0,709.0,Tagesspiegel,DE-HE,Main-Kinzig-Kreis,418950.0,300.0
2020-06-27,6435,780.0,48.0,709.0,Tagesspiegel,DE-HE,Main-Kinzig-Kreis,418950.0,300.0
2020-06-30,6435,785.0,48.0,713.0,Tagesspiegel,DE-HE,Main-Kinzig-Kreis,418950.0,300.0
2020-07-01,6435,790.0,48.0,717.0,Tagesspiegel,DE-HE,Main-Kinzig-Kreis,418950.0,300.0
2020-07-02,6435,798.0,48.0,718.0,Tagesspiegel,DE-HE,Main-Kinzig-Kreis,418950.0,300.0
2020-07-03,6435,802.0,48.0,718.0,Tagesspiegel,DE-HE,Main-Kinzig-Kreis,418950.0,300.0
2020-07-04,6435,806.0,49.0,718.0,Tagesspiegel,DE-HE,Main-Kinzig-Kreis,418950.0,300.0
2020-07-06,6435,807.0,49.0,724.0,Tagesspiegel,DE-HE,Main-Kinzig-Kreis,418950.0,300.0
2020-07-07,6435,809.0,49.0,725.0,Tagesspiegel,DE-HE,Main-Kinzig-Kreis,418950.0,300.0
2020-07-08,6435,810.0,49.0,734.0,Tagesspiegel,DE-HE,Main-Kinzig-Kreis,418950.0,300.0
2020-07-09,6435,814.0,49.0,734.0,Tagesspiegel,DE-HE,Main-Kinzig-Kreis,418950.0,300.0
2020-07-10,6435,816.0,49.0,734.0,Tagesspiegel,DE-HE,Main-Kinzig-Kreis,418950.0,300.0
2020-07-12,6435,819.0,49.0,734.0,Tagesspiegel,DE-HE,Main-Kinzig-Kreis,418950.0,300.0
2020-07-13,6435,819.0,49.0,739.0,Tagesspiegel,DE-HE,Main-Kinzig-Kreis,418950.0,300.0
2020-07-14,6435,819.0,49.0,744.0,Tagesspiegel,DE-HE,Main-Kinzig-Kreis,418950.0,300.0
2020-07-15,6435,820.0,49.0,744.0,Tagesspiegel,DE-HE,Main-Kinzig-Kreis,418950.0,300.0
2020-03-11,6436,1.0,0.0,1.0,RKI,DE-HE,Main-Taunus-Kreis,237735.0,1069.0
2020-03-12,6436,1.0,0.0,1.0,RKI,DE-HE,Main-Taunus-Kreis,237735.0,1069.0
2020-03-13,6436,7.0,0.0,7.0,RKI,DE-HE,Main-Taunus-Kreis,237735.0,1069.0
2020-03-16,6436,11.0,0.0,11.0,RKI,DE-HE,Main-Taunus-Kreis,237735.0,1069.0
2020-03-17,6436,12.0,0.0,12.0,RKI,DE-HE,Main-Taunus-Kreis,237735.0,1069.0
2020-03-18,6436,20.0,0.0,20.0,RKI,DE-HE,Main-Taunus-Kreis,237735.0,1069.0
2020-03-19,6436,31.0,1.0,30.0,RKI,DE-HE,Main-Taunus-Kreis,237735.0,1069.0
2020-03-20,6436,44.0,2.0,42.0,RKI,DE-HE,Main-Taunus-Kreis,237735.0,1069.0
2020-03-21,6436,44.0,2.0,42.0,RKI,DE-HE,Main-Taunus-Kreis,237735.0,1069.0
2020-03-23,6436,55.0,2.0,53.0,RKI,DE-HE,Main-Taunus-Kreis,237735.0,1069.0
2020-03-24,6436,70.0,2.0,68.0,RKI,DE-HE,Main-Taunus-Kreis,237735.0,1069.0
2020-03-25,6436,74.0,2.0,72.0,RKI,DE-HE,Main-Taunus-Kreis,237735.0,1069.0
2020-03-26,6436,83.0,2.0,81.0,RKI,DE-HE,Main-Taunus-Kreis,237735.0,1069.0
2020-03-27,6436,95.0,2.0,93.0,RKI,DE-HE,Main-Taunus-Kreis,237735.0,1069.0
2020-03-28,6436,100.0,2.0,98.0,RKI,DE-HE,Main-Taunus-Kreis,237735.0,1069.0
2020-03-30,6436,115.0,2.0,52.0,Tagesspiegel,DE-HE,Main-Taunus-Kreis,237735.0,1069.0
2020-03-31,6436,136.0,2.0,57.0,Tagesspiegel,DE-HE,Main-Taunus-Kreis,237735.0,1069.0
2020-04-01,6436,145.0,2.0,66.0,Tagesspiegel,DE-HE,Main-Taunus-Kreis,237735.0,1069.0
2020-04-02,6436,153.0,3.0,74.0,Tagesspiegel,DE-HE,Main-Taunus-Kreis,237735.0,1069.0
2020-04-03,6436,159.0,3.0,82.0,Tagesspiegel,DE-HE,Main-Taunus-Kreis,237735.0,1069.0
2020-04-04,6436,165.0,3.0,82.0,Tagesspiegel,DE-HE,Main-Taunus-Kreis,237735.0,1069.0
2020-04-06,6436,165.0,3.0,92.0,Tagesspiegel,DE-HE,Main-Taunus-Kreis,237735.0,1069.0
2020-04-07,6436,174.0,3.0,99.0,Tagesspiegel,DE-HE,Main-Taunus-Kreis,237735.0,1069.0
2020-04-08,6436,179.0,3.0,107.0,Tagesspiegel,DE-HE,Main-Taunus-Kreis,237735.0,1069.0
2020-04-09,6436,185.0,4.0,113.0,Tagesspiegel,DE-HE,Main-Taunus-Kreis,237735.0,1069.0
2020-04-11,6436,192.0,4.0,113.0,Tagesspiegel,DE-HE,Main-Taunus-Kreis,237735.0,1069.0
2020-04-14,6436,192.0,4.0,130.0,Tagesspiegel,DE-HE,Main-Taunus-Kreis,237735.0,1069.0
2020-04-15,6436,202.0,4.0,133.0,Tagesspiegel,DE-HE,Main-Taunus-Kreis,237735.0,1069.0
2020-04-16,6436,208.0,4.0,139.0,Tagesspiegel,DE-HE,Main-Taunus-Kreis,237735.0,1069.0
2020-04-17,6436,213.0,4.0,149.0,Tagesspiegel,DE-HE,Main-Taunus-Kreis,237735.0,1069.0
2020-04-18,6436,215.0,4.0,149.0,Tagesspiegel,DE-HE,Main-Taunus-Kreis,237735.0,1069.0
2020-04-20,6436,218.0,5.0,157.0,Tagesspiegel,DE-HE,Main-Taunus-Kreis,237735.0,1069.0
2020-04-21,6436,222.0,5.0,162.0,Tagesspiegel,DE-HE,Main-Taunus-Kreis,237735.0,1069.0
2020-04-22,6436,230.0,5.0,170.0,Tagesspiegel,DE-HE,Main-Taunus-Kreis,237735.0,1069.0
2020-04-23,6436,243.0,5.0,179.0,Tagesspiegel,DE-HE,Main-Taunus-Kreis,237735.0,1069.0
2020-04-24,6436,250.0,5.0,184.0,Tagesspiegel,DE-HE,Main-Taunus-Kreis,237735.0,1069.0
2020-04-25,6436,254.0,5.0,184.0,Tagesspiegel,DE-HE,Main-Taunus-Kreis,237735.0,1069.0
2020-04-27,6436,254.0,6.0,192.0,Tagesspiegel,DE-HE,Main-Taunus-Kreis,237735.0,1069.0
2020-04-28,6436,265.0,6.0,194.0,Tagesspiegel,DE-HE,Main-Taunus-Kreis,237735.0,1069.0
2020-04-29,6436,270.0,6.0,198.0,Tagesspiegel,DE-HE,Main-Taunus-Kreis,237735.0,1069.0
2020-04-30,6436,271.0,6.0,206.0,Tagesspiegel,DE-HE,Main-Taunus-Kreis,237735.0,1069.0
2020-05-01,6436,274.0,6.0,206.0,Tagesspiegel,DE-HE,Main-Taunus-Kreis,237735.0,1069.0
2020-05-02,6436,274.0,6.0,206.0,Tagesspiegel,DE-HE,Main-Taunus-Kreis,237735.0,1069.0
2020-05-04,6436,278.0,8.0,213.0,Tagesspiegel,DE-HE,Main-Taunus-Kreis,237735.0,1069.0
2020-05-05,6436,288.0,9.0,213.0,Tagesspiegel,DE-HE,Main-Taunus-Kreis,237735.0,1069.0
2020-05-06,6436,289.0,10.0,220.0,Tagesspiegel,DE-HE,Main-Taunus-Kreis,237735.0,1069.0
2020-05-08,6436,290.0,10.0,227.0,Tagesspiegel,DE-HE,Main-Taunus-Kreis,237735.0,1069.0
2020-05-13,6436,293.0,10.0,233.0,Tagesspiegel,DE-HE,Main-Taunus-Kreis,237735.0,1069.0
2020-05-14,6436,296.0,10.0,240.0,Tagesspiegel,DE-HE,Main-Taunus-Kreis,237735.0,1069.0
2020-05-15,6436,298.0,10.0,240.0,Tagesspiegel,DE-HE,Main-Taunus-Kreis,237735.0,1069.0
2020-05-18,6436,299.0,12.0,246.0,Tagesspiegel,DE-HE,Main-Taunus-Kreis,237735.0,1069.0
2020-05-19,6436,306.0,13.0,248.0,Tagesspiegel,DE-HE,Main-Taunus-Kreis,237735.0,1069.0
2020-05-20,6436,311.0,14.0,252.0,Tagesspiegel,DE-HE,Main-Taunus-Kreis,237735.0,1069.0
2020-05-22,6436,323.0,14.0,252.0,Tagesspiegel,DE-HE,Main-Taunus-Kreis,237735.0,1069.0
2020-05-25,6436,329.0,14.0,256.0,Tagesspiegel,DE-HE,Main-Taunus-Kreis,237735.0,1069.0
2020-05-27,6436,337.0,14.0,268.0,Tagesspiegel,DE-HE,Main-Taunus-Kreis,237735.0,1069.0
2020-05-28,6436,339.0,14.0,270.0,Tagesspiegel,DE-HE,Main-Taunus-Kreis,237735.0,1069.0
2020-05-29,6436,346.0,14.0,278.0,Tagesspiegel,DE-HE,Main-Taunus-Kreis,237735.0,1069.0
2020-06-02,6436,347.0,14.0,286.0,Tagesspiegel,DE-HE,Main-Taunus-Kreis,237735.0,1069.0
2020-06-05,6436,350.0,14.0,311.0,Tagesspiegel,DE-HE,Main-Taunus-Kreis,237735.0,1069.0
2020-06-08,6436,352.0,14.0,318.0,Tagesspiegel,DE-HE,Main-Taunus-Kreis,237735.0,1069.0
2020-06-09,6436,353.0,14.0,320.0,Tagesspiegel,DE-HE,Main-Taunus-Kreis,237735.0,1069.0
2020-06-10,6436,355.0,14.0,326.0,Tagesspiegel,DE-HE,Main-Taunus-Kreis,237735.0,1069.0
2020-06-17,6436,357.0,14.0,336.0,Tagesspiegel,DE-HE,Main-Taunus-Kreis,237735.0,1069.0
2020-06-18,6436,361.0,14.0,336.0,Tagesspiegel,DE-HE,Main-Taunus-Kreis,237735.0,1069.0
2020-06-19,6436,362.0,14.0,337.0,Tagesspiegel,DE-HE,Main-Taunus-Kreis,237735.0,1069.0
2020-06-22,6436,364.0,14.0,339.0,Tagesspiegel,DE-HE,Main-Taunus-Kreis,237735.0,1069.0
2020-06-23,6436,367.0,14.0,339.0,Tagesspiegel,DE-HE,Main-Taunus-Kreis,237735.0,1069.0
2020-06-24,6436,369.0,15.0,339.0,Tagesspiegel,DE-HE,Main-Taunus-Kreis,237735.0,1069.0
2020-06-25,6436,375.0,15.0,339.0,Tagesspiegel,DE-HE,Main-Taunus-Kreis,237735.0,1069.0
2020-06-26,6436,376.0,15.0,340.0,Tagesspiegel,DE-HE,Main-Taunus-Kreis,237735.0,1069.0
2020-06-29,6436,378.0,15.0,340.0,Tagesspiegel,DE-HE,Main-Taunus-Kreis,237735.0,1069.0
2020-07-01,6436,380.0,15.0,343.0,Tagesspiegel,DE-HE,Main-Taunus-Kreis,237735.0,1069.0
2020-07-02,6436,382.0,15.0,345.0,Tagesspiegel,DE-HE,Main-Taunus-Kreis,237735.0,1069.0
2020-07-03,6436,383.0,15.0,346.0,Tagesspiegel,DE-HE,Main-Taunus-Kreis,237735.0,1069.0
2020-07-07,6436,384.0,15.0,357.0,Tagesspiegel,DE-HE,Main-Taunus-Kreis,237735.0,1069.0
2020-07-08,6436,386.0,15.0,358.0,Tagesspiegel,DE-HE,Main-Taunus-Kreis,237735.0,1069.0
2020-07-09,6436,390.0,15.0,360.0,Tagesspiegel,DE-HE,Main-Taunus-Kreis,237735.0,1069.0
2020-07-13,6436,391.0,15.0,364.0,Tagesspiegel,DE-HE,Main-Taunus-Kreis,237735.0,1069.0
2020-07-16,6436,392.0,15.0,372.0,Tagesspiegel,DE-HE,Main-Taunus-Kreis,237735.0,1069.0
2020-03-11,13003,0.0,0.0,0.0,RKI,DE-MV,Rostock,208886.0,1152.0
2020-03-12,13003,2.0,0.0,2.0,RKI,DE-MV,Rostock,208886.0,1152.0
2020-03-13,13003,2.0,0.0,2.0,RKI,DE-MV,Rostock,208886.0,1152.0
2020-03-16,13003,3.0,0.0,3.0,RKI,DE-MV,Rostock,208886.0,1152.0
2020-03-17,13003,8.0,0.0,8.0,RKI,DE-MV,Rostock,208886.0,1152.0
2020-03-18,13003,12.0,0.0,12.0,RKI,DE-MV,Rostock,208886.0,1152.0
2020-03-19,13003,13.0,0.0,13.0,RKI,DE-MV,Rostock,208886.0,1152.0
2020-03-20,13003,13.0,0.0,13.0,RKI,DE-MV,Rostock,208886.0,1152.0
2020-03-23,13003,17.0,0.0,17.0,RKI,DE-MV,Rostock,208886.0,1152.0
2020-03-24,13003,21.0,0.0,21.0,RKI,DE-MV,Rostock,208886.0,1152.0
2020-03-25,13003,25.0,0.0,25.0,RKI,DE-MV,Rostock,208886.0,1152.0
2020-03-26,13003,31.0,0.0,31.0,RKI,DE-MV,Rostock,208886.0,1152.0
2020-03-27,13003,34.0,0.0,34.0,RKI,DE-MV,Rostock,208886.0,1152.0
2020-03-28,13003,36.0,0.0,36.0,RKI,DE-MV,Rostock,208886.0,1152.0
2020-03-29,13003,38.0,0.0,38.0,RKI,DE-MV,Rostock,208886.0,1152.0
2020-03-30,13003,56.0,0.0,1.0,Tagesspiegel,DE-MV,Rostock,208886.0,1152.0
2020-03-31,13003,58.0,0.0,1.0,Tagesspiegel,DE-MV,Rostock,208886.0,1152.0
2020-04-02,13003,60.0,0.0,1.0,Tagesspiegel,DE-MV,Rostock,208886.0,1152.0
2020-04-03,13003,61.0,0.0,1.0,Tagesspiegel,DE-MV,Rostock,208886.0,1152.0
2020-04-04,13003,62.0,0.0,1.0,Tagesspiegel,DE-MV,Rostock,208886.0,1152.0
2020-04-06,13003,64.0,0.0,30.0,Tagesspiegel,DE-MV,Rostock,208886.0,1152.0
2020-04-07,13003,65.0,1.0,28.0,Tagesspiegel,DE-MV,Rostock,208886.0,1152.0
2020-04-09,13003,71.0,1.0,25.0,Tagesspiegel,DE-MV,Rostock,208886.0,1152.0
2020-04-14,13003,72.0,1.0,25.0,Tagesspiegel,DE-MV,Rostock,208886.0,1152.0
2020-04-15,13003,73.0,1.0,25.0,Tagesspiegel,DE-MV,Rostock,208886.0,1152.0
2020-04-20,13003,74.0,1.0,25.0,Tagesspiegel,DE-MV,Rostock,208886.0,1152.0
2020-05-04,13003,75.0,1.0,74.0,Tagesspiegel,DE-MV,Rostock,208886.0,1152.0
2020-05-05,13003,76.0,1.0,74.0,Tagesspiegel,DE-MV,Rostock,208886.0,1152.0
2020-05-06,13003,79.0,1.0,74.0,Tagesspiegel,DE-MV,Rostock,208886.0,1152.0
2020-05-07,13003,81.0,1.0,74.0,Tagesspiegel,DE-MV,Rostock,208886.0,1152.0
2020-05-09,13003,82.0,1.0,74.0,Tagesspiegel,DE-MV,Rostock,208886.0,1152.0
2020-05-10,13003,83.0,1.0,74.0,Tagesspiegel,DE-MV,Rostock,208886.0,1152.0
2020-05-11,13003,84.0,1.0,74.0,Tagesspiegel,DE-MV,Rostock,208886.0,1152.0
2020-05-12,13003,85.0,1.0,74.0,Tagesspiegel,DE-MV,Rostock,208886.0,1152.0
2020-05-13,13003,87.0,1.0,74.0,Tagesspiegel,DE-MV,Rostock,208886.0,1152.0
2020-05-17,13003,88.0,1.0,74.0,Tagesspiegel,DE-MV,Rostock,208886.0,1152.0
2020-05-19,13003,89.0,1.0,74.0,Tagesspiegel,DE-MV,Rostock,208886.0,1152.0
2020-05-20,13003,91.0,1.0,74.0,Tagesspiegel,DE-MV,Rostock,208886.0,1152.0
2020-06-06,13003,100.0,2.0,89.0,Tagesspiegel,DE-MV,Rostock,208886.0,1152.0
2020-06-11,13003,100.0,2.0,89.0,Tagesspiegel,DE-MV,Rostock,208886.0,1152.0
2020-06-12,13003,101.0,2.0,89.0,Tagesspiegel,DE-MV,Rostock,208886.0,1152.0
2020-06-16,13003,102.0,2.0,89.0,Tagesspiegel,DE-MV,Rostock,208886.0,1152.0
2020-06-24,13003,103.0,2.0,99.0,Tagesspiegel,DE-MV,Rostock,208886.0,1152.0
2020-06-26,13003,104.0,2.0,99.0,Tagesspiegel,DE-MV,Rostock,208886.0,1152.0
2020-06-30,13003,105.0,2.0,102.0,Tagesspiegel,DE-MV,Rostock,208886.0,1152.0
2020-03-12,13004,0.0,0.0,0.0,RKI,DE-MV,Schwerin,95818.0,734.0
2020-03-13,13004,1.0,0.0,1.0,RKI,DE-MV,Schwerin,95818.0,734.0
2020-03-16,13004,3.0,0.0,3.0,RKI,DE-MV,Schwerin,95818.0,734.0
2020-03-17,13004,6.0,0.0,6.0,RKI,DE-MV,Schwerin,95818.0,734.0
2020-03-18,13004,13.0,0.0,13.0,RKI,DE-MV,Schwerin,95818.0,734.0
2020-03-19,13004,22.0,0.0,22.0,RKI,DE-MV,Schwerin,95818.0,734.0
2020-03-20,13004,25.0,0.0,25.0,RKI,DE-MV,Schwerin,95818.0,734.0
2020-03-23,13004,29.0,0.0,29.0,RKI,DE-MV,Schwerin,95818.0,734.0
2020-03-24,13004,37.0,0.0,37.0,RKI,DE-MV,Schwerin,95818.0,734.0
2020-03-26,13004,39.0,0.0,39.0,RKI,DE-MV,Schwerin,95818.0,734.0
2020-03-27,13004,41.0,0.0,41.0,RKI,DE-MV,Schwerin,95818.0,734.0
2020-03-28,13004,44.0,0.0,44.0,RKI,DE-MV,Schwerin,95818.0,734.0
2020-03-29,13004,45.0,0.0,45.0,RKI,DE-MV,Schwerin,95818.0,734.0
2020-03-31,13004,62.0,0.0,14.0,Tagesspiegel,DE-MV,Schwerin,95818.0,734.0
2020-04-01,13004,69.0,0.0,14.0,Tagesspiegel,DE-MV,Schwerin,95818.0,734.0
2020-04-02,13004,71.0,0.0,20.0,Tagesspiegel,DE-MV,Schwerin,95818.0,734.0
2020-04-03,13004,74.0,0.0,30.0,Tagesspiegel,DE-MV,Schwerin,95818.0,734.0
2020-04-04,13004,75.0,0.0,30.0,Tagesspiegel,DE-MV,Schwerin,95818.0,734.0
2020-04-07,13004,77.0,0.0,30.0,Tagesspiegel,DE-MV,Schwerin,95818.0,734.0
2020-04-09,13004,84.0,0.0,44.0,Tagesspiegel,DE-MV,Schwerin,95818.0,734.0
2020-04-15,13004,86.0,0.0,67.0,Tagesspiegel,DE-MV,Schwerin,95818.0,734.0
2020-04-16,13004,87.0,0.0,67.0,Tagesspiegel,DE-MV,Schwerin,95818.0,734.0
2020-04-18,13004,88.0,0.0,70.0,Tagesspiegel,DE-MV,Schwerin,95818.0,734.0
2020-04-24,13004,89.0,0.0,86.0,Tagesspiegel,DE-MV,Schwerin,95818.0,734.0
2020-06-05,13004,90.0,0.0,90.0,Tagesspiegel,DE-MV,Schwerin,95818.0,734.0
2020-03-09,13071,2.0,0.0,2.0,RKI,DE-MV,Mecklenburgische Seenplatte,259130.0,47.0
2020-03-11,13071,3.0,0.0,3.0,RKI,DE-MV,Mecklenburgische Seenplatte,259130.0,47.0
2020-03-12,13071,3.0,0.0,3.0,RKI,DE-MV,Mecklenburgische Seenplatte,259130.0,47.0
2020-03-16,13071,4.0,0.0,4.0,RKI,DE-MV,Mecklenburgische Seenplatte,259130.0,47.0
2020-03-17,13071,7.0,0.0,7.0,RKI,DE-MV,Mecklenburgische Seenplatte,259130.0,47.0
2020-03-18,13071,13.0,0.0,13.0,RKI,DE-MV,Mecklenburgische Seenplatte,259130.0,47.0
2020-03-19,13071,13.0,0.0,13.0,RKI,DE-MV,Mecklenburgische Seenplatte,259130.0,47.0
2020-03-20,13071,15.0,0.0,15.0,RKI,DE-MV,Mecklenburgische Seenplatte,259130.0,47.0
2020-03-21,13071,18.0,0.0,18.0,RKI,DE-MV,Mecklenburgische Seenplatte,259130.0,47.0
2020-03-22,13071,18.0,0.0,18.0,RKI,DE-MV,Mecklenburgische Seenplatte,259130.0,47.0
2020-03-23,13071,18.0,0.0,18.0,RKI,DE-MV,Mecklenburgische Seenplatte,259130.0,47.0
2020-03-24,13071,26.0,0.0,26.0,RKI,DE-MV,Mecklenburgische Seenplatte,259130.0,47.0
2020-03-25,13071,27.0,0.0,27.0,RKI,DE-MV,Mecklenburgische Seenplatte,259130.0,47.0
2020-03-26,13071,27.0,0.0,27.0,RKI,DE-MV,Mecklenburgische Seenplatte,259130.0,47.0
2020-03-27,13071,39.0,1.0,38.0,RKI,DE-MV,Mecklenburgische Seenplatte,259130.0,47.0
2020-03-28,13071,40.0,1.0,39.0,RKI,DE-MV,Mecklenburgische Seenplatte,259130.0,47.0
2020-03-29,13071,41.0,1.0,40.0,RKI,DE-MV,Mecklenburgische Seenplatte,259130.0,47.0
2020-03-31,13071,53.0,2.0,51.0,RKI,DE-MV,Mecklenburgische Seenplatte,259130.0,47.0
2020-04-01,13071,60.0,3.0,57.0,RKI,DE-MV,Mecklenburgische Seenplatte,259130.0,47.0
2020-04-02,13071,79.0,1.0,18.0,Tagesspiegel,DE-MV,Mecklenburgische Seenplatte,259130.0,47.0
2020-04-03,13071,83.0,2.0,18.0,Tagesspiegel,DE-MV,Mecklenburgische Seenplatte,259130.0,47.0
2020-04-04,13071,90.0,2.0,18.0,Tagesspiegel,DE-MV,Mecklenburgische Seenplatte,259130.0,47.0
2020-04-07,13071,94.0,3.0,18.0,Tagesspiegel,DE-MV,Mecklenburgische Seenplatte,259130.0,47.0
2020-04-08,13071,97.0,3.0,18.0,Tagesspiegel,DE-MV,Mecklenburgische Seenplatte,259130.0,47.0
2020-04-09,13071,99.0,3.0,18.0,Tagesspiegel,DE-MV,Mecklenburgische Seenplatte,259130.0,47.0
2020-04-10,13071,100.0,3.0,18.0,Tagesspiegel,DE-MV,Mecklenburgische Seenplatte,259130.0,47.0
2020-04-13,13071,102.0,3.0,18.0,Tagesspiegel,DE-MV,Mecklenburgische Seenplatte,259130.0,47.0
2020-04-14,13071,102.0,3.0,18.0,Tagesspiegel,DE-MV,Mecklenburgische Seenplatte,259130.0,47.0
2020-04-15,13071,105.0,3.0,18.0,Tagesspiegel,DE-MV,Mecklenburgische Seenplatte,259130.0,47.0
2020-04-20,13071,107.0,3.0,18.0,Tagesspiegel,DE-MV,Mecklenburgische Seenplatte,259130.0,47.0
2020-04-24,13071,108.0,3.0,18.0,Tagesspiegel,DE-MV,Mecklenburgische Seenplatte,259130.0,47.0
2020-04-30,13071,109.0,3.0,18.0,Tagesspiegel,DE-MV,Mecklenburgische Seenplatte,259130.0,47.0
2020-05-01,13071,110.0,3.0,18.0,Tagesspiegel,DE-MV,Mecklenburgische Seenplatte,259130.0,47.0
2020-05-07,13071,111.0,3.0,18.0,Tagesspiegel,DE-MV,Mecklenburgische Seenplatte,259130.0,47.0
2020-05-09,13071,113.0,3.0,18.0,Tagesspiegel,DE-MV,Mecklenburgische Seenplatte,259130.0,47.0
2020-05-10,13071,116.0,3.0,18.0,Tagesspiegel,DE-MV,Mecklenburgische Seenplatte,259130.0,47.0
2020-05-14,13071,78.0,3.0,75.0,RKI,DE-MV,Mecklenburgische Seenplatte,259130.0,47.0
2020-05-15,13071,79.0,3.0,76.0,RKI,DE-MV,Mecklenburgische Seenplatte,259130.0,47.0
2020-05-25,13071,79.0,3.0,76.0,RKI,DE-MV,Mecklenburgische Seenplatte,259130.0,47.0
2020-05-28,13071,79.0,3.0,76.0,RKI,DE-MV,Mecklenburgische Seenplatte,259130.0,47.0
2020-06-03,13071,122.0,3.0,115.0,Tagesspiegel,DE-MV,Mecklenburgische Seenplatte,259130.0,47.0
2020-06-05,13071,124.0,3.0,115.0,Tagesspiegel,DE-MV,Mecklenburgische Seenplatte,259130.0,47.0
2020-06-26,13071,125.0,3.0,122.0,Tagesspiegel,DE-MV,Mecklenburgische Seenplatte,259130.0,47.0
2020-03-09,13072,1.0,0.0,1.0,RKI,DE-MV,Rostock,215113.0,63.0
2020-03-11,13072,3.0,0.0,3.0,RKI,DE-MV,Rostock,215113.0,63.0
2020-03-12,13072,3.0,0.0,3.0,RKI,DE-MV,Rostock,215113.0,63.0
2020-03-13,13072,5.0,0.0,5.0,RKI,DE-MV,Rostock,215113.0,63.0
2020-03-14,13072,5.0,0.0,5.0,RKI,DE-MV,Rostock,215113.0,63.0
2020-03-17,13072,5.0,0.0,5.0,RKI,DE-MV,Rostock,215113.0,63.0
2020-03-18,13072,6.0,0.0,6.0,RKI,DE-MV,Rostock,215113.0,63.0
2020-03-19,13072,7.0,0.0,7.0,RKI,DE-MV,Rostock,215113.0,63.0
2020-03-20,13072,8.0,0.0,8.0,RKI,DE-MV,Rostock,215113.0,63.0
2020-03-24,13072,10.0,0.0,10.0,RKI,DE-MV,Rostock,215113.0,63.0
2020-03-25,13072,12.0,0.0,12.0,RKI,DE-MV,Rostock,215113.0,63.0
2020-03-26,13072,12.0,0.0,12.0,RKI,DE-MV,Rostock,215113.0,63.0
2020-03-28,13072,12.0,0.0,12.0,RKI,DE-MV,Rostock,215113.0,63.0
2020-03-29,13072,12.0,0.0,12.0,RKI,DE-MV,Rostock,215113.0,63.0
2020-03-30,13072,26.0,0.0,10.0,Tagesspiegel,DE-MV,Rostock,215113.0,63.0
2020-03-31,13072,29.0,0.0,10.0,Tagesspiegel,DE-MV,Rostock,215113.0,63.0
2020-04-01,13072,31.0,0.0,10.0,Tagesspiegel,DE-MV,Rostock,215113.0,63.0
2020-04-02,13072,32.0,1.0,10.0,Tagesspiegel,DE-MV,Rostock,215113.0,63.0
2020-04-03,13072,37.0,1.0,10.0,Tagesspiegel,DE-MV,Rostock,215113.0,63.0
2020-04-04,13072,42.0,1.0,10.0,Tagesspiegel,DE-MV,Rostock,215113.0,63.0
2020-04-07,13072,46.0,2.0,10.0,Tagesspiegel,DE-MV,Rostock,215113.0,63.0
2020-04-08,13072,46.0,2.0,26.0,Tagesspiegel,DE-MV,Rostock,215113.0,63.0
2020-04-09,13072,47.0,2.0,26.0,Tagesspiegel,DE-MV,Rostock,215113.0,63.0
2020-04-11,13072,52.0,2.0,26.0,Tagesspiegel,DE-MV,Rostock,215113.0,63.0
2020-04-25,13072,54.0,3.0,45.0,Tagesspiegel,DE-MV,Rostock,215113.0,63.0
2020-04-28,13072,55.0,3.0,52.0,Tagesspiegel,DE-MV,Rostock,215113.0,63.0
2020-04-29,13072,57.0,3.0,52.0,Tagesspiegel,DE-MV,Rostock,215113.0,63.0
2020-04-30,13072,57.0,3.0,53.0,Tagesspiegel,DE-MV,Rostock,215113.0,63.0
2020-05-01,13072,59.0,3.0,53.0,Tagesspiegel,DE-MV,Rostock,215113.0,63.0
2020-05-02,13072,61.0,3.0,53.0,Tagesspiegel,DE-MV,Rostock,215113.0,63.0
2020-05-04,13072,63.0,3.0,52.0,Tagesspiegel,DE-MV,Rostock,215113.0,63.0
2020-05-10,13072,67.0,3.0,56.0,Tagesspiegel,DE-MV,Rostock,215113.0,63.0
2020-05-11,13072,67.0,3.0,56.0,Tagesspiegel,DE-MV,Rostock,215113.0,63.0
2020-05-12,13072,67.0,3.0,56.0,Tagesspiegel,DE-MV,Rostock,215113.0,63.0
2020-05-13,13072,72.0,3.0,56.0,Tagesspiegel,DE-MV,Rostock,215113.0,63.0
2020-05-14,13072,73.0,3.0,61.0,Tagesspiegel,DE-MV,Rostock,215113.0,63.0
2020-06-09,13072,75.0,3.0,72.0,Tagesspiegel,DE-MV,Rostock,215113.0,63.0
2020-03-05,13073,0.0,0.0,0.0,RKI,DE-MV,Vorpommern-Rügen,224684.0,70.0
2020-03-11,13073,0.0,0.0,0.0,RKI,DE-MV,Vorpommern-Rügen,224684.0,70.0
2020-03-12,13073,1.0,0.0,1.0,RKI,DE-MV,Vorpommern-Rügen,224684.0,70.0
2020-03-13,13073,1.0,0.0,1.0,RKI,DE-MV,Vorpommern-Rügen,224684.0,70.0
2020-03-18,13073,3.0,0.0,3.0,RKI,DE-MV,Vorpommern-Rügen,224684.0,70.0
2020-03-19,13073,5.0,0.0,5.0,RKI,DE-MV,Vorpommern-Rügen,224684.0,70.0
2020-03-20,13073,5.0,0.0,5.0,RKI,DE-MV,Vorpommern-Rügen,224684.0,70.0
2020-03-21,13073,6.0,0.0,6.0,RKI,DE-MV,Vorpommern-Rügen,224684.0,70.0
2020-03-24,13073,8.0,0.0,8.0,RKI,DE-MV,Vorpommern-Rügen,224684.0,70.0
2020-03-25,13073,13.0,0.0,13.0,RKI,DE-MV,Vorpommern-Rügen,224684.0,70.0
2020-03-26,13073,14.0,0.0,14.0,RKI,DE-MV,Vorpommern-Rügen,224684.0,70.0
2020-03-27,13073,19.0,0.0,19.0,RKI,DE-MV,Vorpommern-Rügen,224684.0,70.0
2020-03-28,13073,19.0,0.0,19.0,RKI,DE-MV,Vorpommern-Rügen,224684.0,70.0
2020-03-29,13073,21.0,0.0,21.0,RKI,DE-MV,Vorpommern-Rügen,224684.0,70.0
2020-03-31,13073,38.0,0.0,10.0,Tagesspiegel,DE-MV,Vorpommern-Rügen,224684.0,70.0
2020-04-01,13073,41.0,0.0,10.0,Tagesspiegel,DE-MV,Vorpommern-Rügen,224684.0,70.0
2020-04-02,13073,51.0,0.0,13.0,Tagesspiegel,DE-MV,Vorpommern-Rügen,224684.0,70.0
2020-04-03,13073,55.0,0.0,18.0,Tagesspiegel,DE-MV,Vorpommern-Rügen,224684.0,70.0
2020-04-04,13073,58.0,0.0,18.0,Tagesspiegel,DE-MV,Vorpommern-Rügen,224684.0,70.0
2020-04-05,13073,59.0,0.0,18.0,Tagesspiegel,DE-MV,Vorpommern-Rügen,224684.0,70.0
2020-04-06,13073,61.0,1.0,22.0,Tagesspiegel,DE-MV,Vorpommern-Rügen,224684.0,70.0
2020-04-07,13073,62.0,2.0,22.0,Tagesspiegel,DE-MV,Vorpommern-Rügen,224684.0,70.0
2020-04-09,13073,65.0,2.0,30.0,Tagesspiegel,DE-MV,Vorpommern-Rügen,224684.0,70.0
2020-04-10,13073,66.0,2.0,38.0,Tagesspiegel,DE-MV,Vorpommern-Rügen,224684.0,70.0
2020-04-11,13073,69.0,2.0,40.0,Tagesspiegel,DE-MV,Vorpommern-Rügen,224684.0,70.0
2020-04-16,13073,74.0,2.0,52.0,Tagesspiegel,DE-MV,Vorpommern-Rügen,224684.0,70.0
2020-04-17,13073,75.0,2.0,54.0,Tagesspiegel,DE-MV,Vorpommern-Rügen,224684.0,70.0
2020-04-25,13073,76.0,2.0,70.0,Tagesspiegel,DE-MV,Vorpommern-Rügen,224684.0,70.0
2020-04-28,13073,77.0,2.0,70.0,Tagesspiegel,DE-MV,Vorpommern-Rügen,224684.0,70.0
2020-04-29,13073,77.0,2.0,72.0,Tagesspiegel,DE-MV,Vorpommern-Rügen,224684.0,70.0
2020-06-05,13073,80.0,2.0,78.0,Tagesspiegel,DE-MV,Vorpommern-Rügen,224684.0,70.0
2020-06-06,13073,81.0,2.0,78.0,Tagesspiegel,DE-MV,Vorpommern-Rügen,224684.0,70.0
2020-06-09,13073,87.0,2.0,78.0,Tagesspiegel,DE-MV,Vorpommern-Rügen,224684.0,70.0
2020-06-11,13073,89.0,2.0,78.0,Tagesspiegel,DE-MV,Vorpommern-Rügen,224684.0,70.0
2020-06-19,13073,90.0,2.0,84.0,Tagesspiegel,DE-MV,Vorpommern-Rügen,224684.0,70.0
2020-06-23,13073,91.0,2.0,85.0,Tagesspiegel,DE-MV,Vorpommern-Rügen,224684.0,70.0
2020-06-25,13073,92.0,2.0,85.0,Tagesspiegel,DE-MV,Vorpommern-Rügen,224684.0,70.0
2020-03-17,13074,6.0,0.0,6.0,RKI,DE-MV,Nordwestmecklenburg,156729.0,74.0
2020-03-18,13074,10.0,0.0,10.0,RKI,DE-MV,Nordwestmecklenburg,156729.0,74.0
2020-03-19,13074,13.0,0.0,13.0,RKI,DE-MV,Nordwestmecklenburg,156729.0,74.0
2020-03-21,13074,13.0,0.0,13.0,RKI,DE-MV,Nordwestmecklenburg,156729.0,74.0
2020-03-24,13074,15.0,0.0,15.0,RKI,DE-MV,Nordwestmecklenburg,156729.0,74.0
2020-03-25,13074,17.0,0.0,17.0,RKI,DE-MV,Nordwestmecklenburg,156729.0,74.0
2020-03-27,13074,17.0,0.0,17.0,RKI,DE-MV,Nordwestmecklenburg,156729.0,74.0
2020-03-28,13074,19.0,1.0,18.0,RKI,DE-MV,Nordwestmecklenburg,156729.0,74.0
2020-03-31,13074,26.0,1.0,25.0,RKI,DE-MV,Nordwestmecklenburg,156729.0,74.0
2020-04-01,13074,27.0,1.0,26.0,RKI,DE-MV,Nordwestmecklenburg,156729.0,74.0
2020-04-02,13074,32.0,1.0,31.0,RKI,DE-MV,Nordwestmecklenburg,156729.0,74.0
2020-04-03,13074,44.0,1.0,22.0,Tagesspiegel,DE-MV,Nordwestmecklenburg,156729.0,74.0
2020-04-07,13074,51.0,1.0,26.0,Tagesspiegel,DE-MV,Nordwestmecklenburg,156729.0,74.0
2020-04-08,13074,54.0,1.0,30.0,Tagesspiegel,DE-MV,Nordwestmecklenburg,156729.0,74.0
2020-04-09,13074,55.0,1.0,30.0,Tagesspiegel,DE-MV,Nordwestmecklenburg,156729.0,74.0
2020-04-10,13074,59.0,1.0,27.0,Tagesspiegel,DE-MV,Nordwestmecklenburg,156729.0,74.0
2020-04-12,13074,60.0,1.0,30.0,Tagesspiegel,DE-MV,Nordwestmecklenburg,156729.0,74.0
2020-04-15,13074,63.0,1.0,46.0,Tagesspiegel,DE-MV,Nordwestmecklenburg,156729.0,74.0
2020-04-16,13074,64.0,1.0,47.0,Tagesspiegel,DE-MV,Nordwestmecklenburg,156729.0,74.0
2020-04-18,13074,67.0,1.0,47.0,Tagesspiegel,DE-MV,Nordwestmecklenburg,156729.0,74.0
2020-04-21,13074,68.0,1.0,49.0,Tagesspiegel,DE-MV,Nordwestmecklenburg,156729.0,74.0
2020-04-22,13074,69.0,1.0,55.0,Tagesspiegel,DE-MV,Nordwestmecklenburg,156729.0,74.0
2020-04-24,13074,70.0,1.0,56.0,Tagesspiegel,DE-MV,Nordwestmecklenburg,156729.0,74.0
2020-04-25,13074,71.0,1.0,56.0,Tagesspiegel,DE-MV,Nordwestmecklenburg,156729.0,74.0
2020-04-28,13074,73.0,1.0,62.0,Tagesspiegel,DE-MV,Nordwestmecklenburg,156729.0,74.0
2020-05-01,13074,76.0,1.0,64.0,Tagesspiegel,DE-MV,Nordwestmecklenburg,156729.0,74.0
2020-05-05,13074,77.0,1.0,69.0,Tagesspiegel,DE-MV,Nordwestmecklenburg,156729.0,74.0
2020-05-13,13074,78.0,1.0,76.0,Tagesspiegel,DE-MV,Nordwestmecklenburg,156729.0,74.0
2020-06-24,13074,79.0,1.0,77.0,Tagesspiegel,DE-MV,Nordwestmecklenburg,156729.0,74.0
2020-03-12,13075,1.0,0.0,1.0,RKI,DE-MV,Vorpommern-Greifswald,236697.0,60.0
2020-03-13,13075,1.0,0.0,1.0,RKI,DE-MV,Vorpommern-Greifswald,236697.0,60.0
2020-03-16,13075,3.0,0.0,3.0,RKI,DE-MV,Vorpommern-Greifswald,236697.0,60.0
2020-03-17,13075,3.0,0.0,3.0,RKI,DE-MV,Vorpommern-Greifswald,236697.0,60.0
2020-03-18,13075,10.0,0.0,10.0,RKI,DE-MV,Vorpommern-Greifswald,236697.0,60.0
2020-03-19,13075,18.0,0.0,18.0,RKI,DE-MV,Vorpommern-Greifswald,236697.0,60.0
2020-03-20,13075,18.0,0.0,18.0,RKI,DE-MV,Vorpommern-Greifswald,236697.0,60.0
2020-03-21,13075,19.0,0.0,19.0,RKI,DE-MV,Vorpommern-Greifswald,236697.0,60.0
2020-03-23,13075,20.0,0.0,20.0,RKI,DE-MV,Vorpommern-Greifswald,236697.0,60.0
2020-03-24,13075,21.0,0.0,21.0,RKI,DE-MV,Vorpommern-Greifswald,236697.0,60.0
2020-03-25,13075,24.0,1.0,23.0,RKI,DE-MV,Vorpommern-Greifswald,236697.0,60.0
2020-03-26,13075,29.0,1.0,28.0,RKI,DE-MV,Vorpommern-Greifswald,236697.0,60.0
2020-03-27,13075,39.0,1.0,38.0,RKI,DE-MV,Vorpommern-Greifswald,236697.0,60.0
2020-03-28,13075,40.0,1.0,39.0,RKI,DE-MV,Vorpommern-Greifswald,236697.0,60.0
2020-03-30,13075,56.0,0.0,10.0,Tagesspiegel,DE-MV,Vorpommern-Greifswald,236697.0,60.0
2020-03-31,13075,56.0,0.0,10.0,Tagesspiegel,DE-MV,Vorpommern-Greifswald,236697.0,60.0
2020-04-01,13075,66.0,0.0,10.0,Tagesspiegel,DE-MV,Vorpommern-Greifswald,236697.0,60.0
2020-04-02,13075,69.0,0.0,10.0,Tagesspiegel,DE-MV,Vorpommern-Greifswald,236697.0,60.0
2020-04-03,13075,69.0,0.0,16.0,Tagesspiegel,DE-MV,Vorpommern-Greifswald,236697.0,60.0
2020-04-04,13075,76.0,0.0,16.0,Tagesspiegel,DE-MV,Vorpommern-Greifswald,236697.0,60.0
2020-04-06,13075,81.0,1.0,21.0,Tagesspiegel,DE-MV,Vorpommern-Greifswald,236697.0,60.0
2020-04-07,13075,82.0,1.0,21.0,Tagesspiegel,DE-MV,Vorpommern-Greifswald,236697.0,60.0
2020-04-08,13075,83.0,1.0,32.0,Tagesspiegel,DE-MV,Vorpommern-Greifswald,236697.0,60.0
2020-04-09,13075,95.0,1.0,32.0,Tagesspiegel,DE-MV,Vorpommern-Greifswald,236697.0,60.0
2020-04-10,13075,95.0,1.0,32.0,Tagesspiegel,DE-MV,Vorpommern-Greifswald,236697.0,60.0
2020-04-11,13075,101.0,1.0,32.0,Tagesspiegel,DE-MV,Vorpommern-Greifswald,236697.0,60.0
2020-04-13,13075,108.0,1.0,32.0,Tagesspiegel,DE-MV,Vorpommern-Greifswald,236697.0,60.0
2020-04-14,13075,109.0,1.0,32.0,Tagesspiegel,DE-MV,Vorpommern-Greifswald,236697.0,60.0
2020-04-15,13075,110.0,2.0,41.0,Tagesspiegel,DE-MV,Vorpommern-Greifswald,236697.0,60.0
2020-04-16,13075,113.0,2.0,42.0,Tagesspiegel,DE-MV,Vorpommern-Greifswald,236697.0,60.0
2020-04-17,13075,113.0,4.0,49.0,Tagesspiegel,DE-MV,Vorpommern-Greifswald,236697.0,60.0
2020-04-18,13075,115.0,4.0,49.0,Tagesspiegel,DE-MV,Vorpommern-Greifswald,236697.0,60.0
2020-04-21,13075,120.0,4.0,52.0,Tagesspiegel,DE-MV,Vorpommern-Greifswald,236697.0,60.0
2020-04-22,13075,120.0,4.0,56.0,Tagesspiegel,DE-MV,Vorpommern-Greifswald,236697.0,60.0
2020-04-24,13075,124.0,4.0,59.0,Tagesspiegel,DE-MV,Vorpommern-Greifswald,236697.0,60.0
2020-04-25,13075,126.0,4.0,59.0,Tagesspiegel,DE-MV,Vorpommern-Greifswald,236697.0,60.0
2020-04-27,13075,128.0,4.0,55.0,Tagesspiegel,DE-MV,Vorpommern-Greifswald,236697.0,60.0
2020-04-28,13075,128.0,4.0,62.0,Tagesspiegel,DE-MV,Vorpommern-Greifswald,236697.0,60.0
2020-05-07,13075,135.0,6.0,106.0,Tagesspiegel,DE-MV,Vorpommern-Greifswald,236697.0,60.0
2020-05-29,13075,137.0,7.0,127.0,Tagesspiegel,DE-MV,Vorpommern-Greifswald,236697.0,60.0
2020-06-04,13075,137.0,7.0,128.0,Tagesspiegel,DE-MV,Vorpommern-Greifswald,236697.0,60.0
2020-06-15,13075,138.0,7.0,128.0,Tagesspiegel,DE-MV,Vorpommern-Greifswald,236697.0,60.0
2020-06-29,13075,139.0,7.0,131.0,Tagesspiegel,DE-MV,Vorpommern-Greifswald,236697.0,60.0
2020-07-15,13075,140.0,7.0,132.0,Tagesspiegel,DE-MV,Vorpommern-Greifswald,236697.0,60.0
2020-03-15,13076,0.0,0.0,0.0,RKI,DE-MV,Ludwigslust-Parchim,212618.0,45.0
2020-03-17,13076,7.0,0.0,7.0,RKI,DE-MV,Ludwigslust-Parchim,212618.0,45.0
2020-03-18,13076,11.0,0.0,11.0,RKI,DE-MV,Ludwigslust-Parchim,212618.0,45.0
2020-03-19,13076,13.0,0.0,13.0,RKI,DE-MV,Ludwigslust-Parchim,212618.0,45.0
2020-03-20,13076,16.0,0.0,16.0,RKI,DE-MV,Ludwigslust-Parchim,212618.0,45.0
2020-03-21,13076,17.0,0.0,17.0,RKI,DE-MV,Ludwigslust-Parchim,212618.0,45.0
2020-03-24,13076,19.0,1.0,18.0,RKI,DE-MV,Ludwigslust-Parchim,212618.0,45.0
2020-03-25,13076,19.0,1.0,18.0,RKI,DE-MV,Ludwigslust-Parchim,212618.0,45.0
2020-03-26,13076,19.0,1.0,18.0,RKI,DE-MV,Ludwigslust-Parchim,212618.0,45.0
2020-03-27,13076,21.0,1.0,20.0,RKI,DE-MV,Ludwigslust-Parchim,212618.0,45.0
2020-03-28,13076,23.0,2.0,21.0,RKI,DE-MV,Ludwigslust-Parchim,212618.0,45.0
2020-03-30,13076,37.0,1.0,4.0,Tagesspiegel,DE-MV,Ludwigslust-Parchim,212618.0,45.0
2020-03-31,13076,39.0,1.0,5.0,Tagesspiegel,DE-MV,Ludwigslust-Parchim,212618.0,45.0
2020-04-02,13076,45.0,1.0,23.0,Tagesspiegel,DE-MV,Ludwigslust-Parchim,212618.0,45.0
2020-04-03,13076,45.0,1.0,28.0,Tagesspiegel,DE-MV,Ludwigslust-Parchim,212618.0,45.0
2020-04-04,13076,47.0,1.0,28.0,Tagesspiegel,DE-MV,Ludwigslust-Parchim,212618.0,45.0
2020-04-07,13076,54.0,1.0,29.0,Tagesspiegel,DE-MV,Ludwigslust-Parchim,212618.0,45.0
2020-04-10,13076,57.0,1.0,29.0,Tagesspiegel,DE-MV,Ludwigslust-Parchim,212618.0,45.0
2020-04-13,13076,58.0,1.0,29.0,Tagesspiegel,DE-MV,Ludwigslust-Parchim,212618.0,45.0
2020-04-15,13076,59.0,1.0,39.0,Tagesspiegel,DE-MV,Ludwigslust-Parchim,212618.0,45.0
2020-04-16,13076,61.0,1.0,39.0,Tagesspiegel,DE-MV,Ludwigslust-Parchim,212618.0,45.0
2020-04-18,13076,64.0,1.0,39.0,Tagesspiegel,DE-MV,Ludwigslust-Parchim,212618.0,45.0
2020-04-24,13076,65.0,2.0,52.0,Tagesspiegel,DE-MV,Ludwigslust-Parchim,212618.0,45.0
2020-04-25,13076,67.0,2.0,52.0,Tagesspiegel,DE-MV,Ludwigslust-Parchim,212618.0,45.0
2020-04-28,13076,67.0,2.0,52.0,Tagesspiegel,DE-MV,Ludwigslust-Parchim,212618.0,45.0
2020-04-30,13076,68.0,2.0,54.0,Tagesspiegel,DE-MV,Ludwigslust-Parchim,212618.0,45.0
2020-05-01,13076,69.0,2.0,54.0,Tagesspiegel,DE-MV,Ludwigslust-Parchim,212618.0,45.0
2020-05-05,13076,70.0,2.0,58.0,Tagesspiegel,DE-MV,Ludwigslust-Parchim,212618.0,45.0
2020-05-06,13076,71.0,2.0,59.0,Tagesspiegel,DE-MV,Ludwigslust-Parchim,212618.0,45.0
2020-05-07,13076,73.0,2.0,60.0,Tagesspiegel,DE-MV,Ludwigslust-Parchim,212618.0,45.0
2020-05-13,13076,76.0,2.0,65.0,Tagesspiegel,DE-MV,Ludwigslust-Parchim,212618.0,45.0
2020-05-14,13076,77.0,2.0,65.0,Tagesspiegel,DE-MV,Ludwigslust-Parchim,212618.0,45.0
2020-05-16,13076,79.0,2.0,66.0,Tagesspiegel,DE-MV,Ludwigslust-Parchim,212618.0,45.0
2020-06-10,13076,80.0,2.0,78.0,Tagesspiegel,DE-MV,Ludwigslust-Parchim,212618.0,45.0
2020-06-12,13076,81.0,2.0,78.0,Tagesspiegel,DE-MV,Ludwigslust-Parchim,212618.0,45.0
2020-06-14,13076,82.0,2.0,78.0,Tagesspiegel,DE-MV,Ludwigslust-Parchim,212618.0,45.0
2020-06-15,13076,82.0,2.0,78.0,Tagesspiegel,DE-MV,Ludwigslust-Parchim,212618.0,45.0
2020-06-16,13076,83.0,2.0,78.0,Tagesspiegel,DE-MV,Ludwigslust-Parchim,212618.0,45.0
2020-06-17,13076,85.0,2.0,78.0,Tagesspiegel,DE-MV,Ludwigslust-Parchim,212618.0,45.0
2020-06-27,13076,90.0,2.0,79.0,Tagesspiegel,DE-MV,Ludwigslust-Parchim,212618.0,45.0
2020-07-02,13076,92.0,2.0,84.0,Tagesspiegel,DE-MV,Ludwigslust-Parchim,212618.0,45.0
2020-03-11,3101,0.0,0.0,0.0,RKI,DE-NI,Braunschweig,248292.0,1292.0
2020-03-14,3101,2.0,0.0,2.0,RKI,DE-NI,Braunschweig,248292.0,1292.0
2020-03-15,3101,4.0,0.0,4.0,RKI,DE-NI,Braunschweig,248292.0,1292.0
2020-03-17,3101,6.0,0.0,6.0,RKI,DE-NI,Braunschweig,248292.0,1292.0
2020-03-18,3101,7.0,0.0,7.0,RKI,DE-NI,Braunschweig,248292.0,1292.0
2020-03-19,3101,11.0,0.0,11.0,RKI,DE-NI,Braunschweig,248292.0,1292.0
2020-03-20,3101,18.0,0.0,18.0,RKI,DE-NI,Braunschweig,248292.0,1292.0
2020-03-21,3101,21.0,0.0,21.0,RKI,DE-NI,Braunschweig,248292.0,1292.0
2020-03-22,3101,46.0,0.0,46.0,RKI,DE-NI,Braunschweig,248292.0,1292.0
2020-03-23,3101,47.0,0.0,47.0,RKI,DE-NI,Braunschweig,248292.0,1292.0
2020-03-24,3101,62.0,0.0,62.0,RKI,DE-NI,Braunschweig,248292.0,1292.0
2020-03-25,3101,67.0,0.0,67.0,RKI,DE-NI,Braunschweig,248292.0,1292.0
2020-03-26,3101,80.0,1.0,79.0,RKI,DE-NI,Braunschweig,248292.0,1292.0
2020-03-27,3101,94.0,1.0,93.0,RKI,DE-NI,Braunschweig,248292.0,1292.0
2020-03-28,3101,122.0,3.0,119.0,RKI,DE-NI,Braunschweig,248292.0,1292.0
2020-03-29,3101,127.0,4.0,123.0,RKI,DE-NI,Braunschweig,248292.0,1292.0
2020-03-30,3101,138.0,0.0,43.0,Tagesspiegel,DE-NI,Braunschweig,248292.0,1292.0
2020-03-31,3101,144.0,1.0,43.0,Tagesspiegel,DE-NI,Braunschweig,248292.0,1292.0
2020-04-01,3101,148.0,1.0,43.0,Tagesspiegel,DE-NI,Braunschweig,248292.0,1292.0
2020-04-02,3101,169.0,1.0,43.0,Tagesspiegel,DE-NI,Braunschweig,248292.0,1292.0
2020-04-03,3101,189.0,1.0,44.0,Tagesspiegel,DE-NI,Braunschweig,248292.0,1292.0
2020-04-04,3101,209.0,3.0,44.0,Tagesspiegel,DE-NI,Braunschweig,248292.0,1292.0
2020-04-05,3101,216.0,4.0,64.0,Tagesspiegel,DE-NI,Braunschweig,248292.0,1292.0
2020-04-06,3101,225.0,5.0,64.0,Tagesspiegel,DE-NI,Braunschweig,248292.0,1292.0
2020-04-07,3101,231.0,5.0,64.0,Tagesspiegel,DE-NI,Braunschweig,248292.0,1292.0
2020-04-08,3101,232.0,6.0,70.0,Tagesspiegel,DE-NI,Braunschweig,248292.0,1292.0
2020-04-09,3101,241.0,6.0,70.0,Tagesspiegel,DE-NI,Braunschweig,248292.0,1292.0
2020-04-10,3101,247.0,7.0,141.0,Tagesspiegel,DE-NI,Braunschweig,248292.0,1292.0
2020-04-11,3101,269.0,7.0,167.0,Tagesspiegel,DE-NI,Braunschweig,248292.0,1292.0
2020-04-12,3101,271.0,7.0,168.0,Tagesspiegel,DE-NI,Braunschweig,248292.0,1292.0
2020-04-13,3101,271.0,7.0,174.0,Tagesspiegel,DE-NI,Braunschweig,248292.0,1292.0
2020-04-14,3101,273.0,7.0,175.0,Tagesspiegel,DE-NI,Braunschweig,248292.0,1292.0
2020-04-15,3101,275.0,7.0,180.0,Tagesspiegel,DE-NI,Braunschweig,248292.0,1292.0
2020-04-16,3101,279.0,7.0,180.0,Tagesspiegel,DE-NI,Braunschweig,248292.0,1292.0
2020-04-17,3101,284.0,7.0,180.0,Tagesspiegel,DE-NI,Braunschweig,248292.0,1292.0
2020-04-18,3101,287.0,7.0,180.0,Tagesspiegel,DE-NI,Braunschweig,248292.0,1292.0
2020-04-20,3101,291.0,7.0,183.0,Tagesspiegel,DE-NI,Braunschweig,248292.0,1292.0
2020-04-22,3101,292.0,10.0,204.0,Tagesspiegel,DE-NI,Braunschweig,248292.0,1292.0
2020-04-24,3101,294.0,10.0,214.0,Tagesspiegel,DE-NI,Braunschweig,248292.0,1292.0
2020-04-25,3101,294.0,10.0,216.0,Tagesspiegel,DE-NI,Braunschweig,248292.0,1292.0
2020-04-26,3101,299.0,10.0,218.0,Tagesspiegel,DE-NI,Braunschweig,248292.0,1292.0
2020-04-28,3101,301.0,13.0,238.0,Tagesspiegel,DE-NI,Braunschweig,248292.0,1292.0
2020-04-29,3101,301.0,13.0,241.0,Tagesspiegel,DE-NI,Braunschweig,248292.0,1292.0
2020-05-01,3101,304.0,13.0,287.0,Tagesspiegel,DE-NI,Braunschweig,248292.0,1292.0
2020-05-02,3101,305.0,13.0,251.0,Tagesspiegel,DE-NI,Braunschweig,248292.0,1292.0
2020-05-05,3101,307.0,14.0,252.0,Tagesspiegel,DE-NI,Braunschweig,248292.0,1292.0
2020-05-07,3101,308.0,14.0,271.0,Tagesspiegel,DE-NI,Braunschweig,248292.0,1292.0
2020-05-08,3101,308.0,14.0,271.0,Tagesspiegel,DE-NI,Braunschweig,248292.0,1292.0
2020-05-09,3101,312.0,14.0,271.0,Tagesspiegel,DE-NI,Braunschweig,248292.0,1292.0
2020-05-10,3101,312.0,14.0,271.0,Tagesspiegel,DE-NI,Braunschweig,248292.0,1292.0
2020-05-11,3101,314.0,14.0,271.0,Tagesspiegel,DE-NI,Braunschweig,248292.0,1292.0
2020-05-12,3101,316.0,14.0,273.0,Tagesspiegel,DE-NI,Braunschweig,248292.0,1292.0
2020-05-13,3101,319.0,14.0,275.0,Tagesspiegel,DE-NI,Braunschweig,248292.0,1292.0
2020-05-16,3101,323.0,15.0,276.0,Tagesspiegel,DE-NI,Braunschweig,248292.0,1292.0
2020-05-22,3101,326.0,15.0,287.0,Tagesspiegel,DE-NI,Braunschweig,248292.0,1292.0
2020-05-27,3101,327.0,15.0,300.0,Tagesspiegel,DE-NI,Braunschweig,248292.0,1292.0
2020-05-28,3101,327.0,16.0,303.0,Tagesspiegel,DE-NI,Braunschweig,248292.0,1292.0
2020-06-03,3101,330.0,17.0,304.0,Tagesspiegel,DE-NI,Braunschweig,248292.0,1292.0
2020-06-18,3101,331.0,18.0,313.0,Tagesspiegel,DE-NI,Braunschweig,248292.0,1292.0
2020-06-20,3101,332.0,18.0,313.0,Tagesspiegel,DE-NI,Braunschweig,248292.0,1292.0
2020-06-22,3101,333.0,18.0,313.0,Tagesspiegel,DE-NI,Braunschweig,248292.0,1292.0
2020-06-23,3101,333.0,18.0,313.0,Tagesspiegel,DE-NI,Braunschweig,248292.0,1292.0
2020-06-25,3101,335.0,18.0,313.0,Tagesspiegel,DE-NI,Braunschweig,248292.0,1292.0
2020-06-27,3101,336.0,18.0,313.0,Tagesspiegel,DE-NI,Braunschweig,248292.0,1292.0
2020-06-30,3101,337.0,18.0,313.0,Tagesspiegel,DE-NI,Braunschweig,248292.0,1292.0
2020-07-03,3101,338.0,18.0,317.0,Tagesspiegel,DE-NI,Braunschweig,248292.0,1292.0
2020-07-10,3101,351.0,18.0,318.0,Tagesspiegel,DE-NI,Braunschweig,248292.0,1292.0
2020-03-13,3102,0.0,0.0,0.0,RKI,DE-NI,Salzgitter,104948.0,469.0
2020-03-17,3102,1.0,0.0,1.0,RKI,DE-NI,Salzgitter,104948.0,469.0
2020-03-18,3102,3.0,0.0,3.0,RKI,DE-NI,Salzgitter,104948.0,469.0
2020-03-19,3102,5.0,0.0,5.0,RKI,DE-NI,Salzgitter,104948.0,469.0
2020-03-20,3102,12.0,0.0,12.0,RKI,DE-NI,Salzgitter,104948.0,469.0
2020-03-21,3102,17.0,0.0,17.0,RKI,DE-NI,Salzgitter,104948.0,469.0
2020-03-22,3102,17.0,0.0,17.0,RKI,DE-NI,Salzgitter,104948.0,469.0
2020-03-23,3102,18.0,0.0,18.0,RKI,DE-NI,Salzgitter,104948.0,469.0
2020-03-24,3102,21.0,0.0,21.0,RKI,DE-NI,Salzgitter,104948.0,469.0
2020-03-25,3102,23.0,0.0,23.0,RKI,DE-NI,Salzgitter,104948.0,469.0
2020-03-26,3102,30.0,1.0,29.0,RKI,DE-NI,Salzgitter,104948.0,469.0
2020-03-27,3102,32.0,1.0,31.0,RKI,DE-NI,Salzgitter,104948.0,469.0
2020-03-29,3102,36.0,1.0,35.0,RKI,DE-NI,Salzgitter,104948.0,469.0
2020-03-30,3102,38.0,1.0,37.0,RKI,DE-NI,Salzgitter,104948.0,469.0
2020-03-31,3102,42.0,1.0,41.0,RKI,DE-NI,Salzgitter,104948.0,469.0
2020-04-01,3102,55.0,1.0,24.0,Tagesspiegel,DE-NI,Salzgitter,104948.0,469.0
2020-04-02,3102,58.0,1.0,30.0,Tagesspiegel,DE-NI,Salzgitter,104948.0,469.0
2020-04-03,3102,61.0,1.0,36.0,Tagesspiegel,DE-NI,Salzgitter,104948.0,469.0
2020-04-04,3102,64.0,1.0,36.0,Tagesspiegel,DE-NI,Salzgitter,104948.0,469.0
2020-04-05,3102,67.0,1.0,36.0,Tagesspiegel,DE-NI,Salzgitter,104948.0,469.0
2020-04-07,3102,72.0,1.0,42.0,Tagesspiegel,DE-NI,Salzgitter,104948.0,469.0
2020-04-08,3102,72.0,1.0,44.0,Tagesspiegel,DE-NI,Salzgitter,104948.0,469.0
2020-04-09,3102,85.0,3.0,48.0,Tagesspiegel,DE-NI,Salzgitter,104948.0,469.0
2020-04-10,3102,94.0,3.0,48.0,Tagesspiegel,DE-NI,Salzgitter,104948.0,469.0
2020-04-13,3102,97.0,3.0,48.0,Tagesspiegel,DE-NI,Salzgitter,104948.0,469.0
2020-04-14,3102,99.0,5.0,48.0,Tagesspiegel,DE-NI,Salzgitter,104948.0,469.0
2020-04-15,3102,100.0,5.0,53.0,Tagesspiegel,DE-NI,Salzgitter,104948.0,469.0
2020-04-16,3102,102.0,5.0,54.0,Tagesspiegel,DE-NI,Salzgitter,104948.0,469.0
2020-04-17,3102,107.0,5.0,59.0,Tagesspiegel,DE-NI,Salzgitter,104948.0,469.0
2020-04-18,3102,110.0,5.0,59.0,Tagesspiegel,DE-NI,Salzgitter,104948.0,469.0
2020-04-19,3102,113.0,5.0,59.0,Tagesspiegel,DE-NI,Salzgitter,104948.0,469.0
2020-04-20,3102,115.0,5.0,65.0,Tagesspiegel,DE-NI,Salzgitter,104948.0,469.0
2020-04-21,3102,117.0,5.0,76.0,Tagesspiegel,DE-NI,Salzgitter,104948.0,469.0
2020-04-23,3102,119.0,5.0,78.0,Tagesspiegel,DE-NI,Salzgitter,104948.0,469.0
2020-04-27,3102,127.0,6.0,82.0,Tagesspiegel,DE-NI,Salzgitter,104948.0,469.0
2020-04-28,3102,128.0,6.0,84.0,Tagesspiegel,DE-NI,Salzgitter,104948.0,469.0
2020-05-01,3102,130.0,6.0,90.0,Tagesspiegel,DE-NI,Salzgitter,104948.0,469.0
2020-05-05,3102,131.0,6.0,98.0,Tagesspiegel,DE-NI,Salzgitter,104948.0,469.0
2020-05-08,3102,132.0,6.0,114.0,Tagesspiegel,DE-NI,Salzgitter,104948.0,469.0
2020-05-11,3102,132.0,7.0,114.0,Tagesspiegel,DE-NI,Salzgitter,104948.0,469.0
2020-05-12,3102,137.0,7.0,114.0,Tagesspiegel,DE-NI,Salzgitter,104948.0,469.0
2020-05-15,3102,138.0,7.0,115.0,Tagesspiegel,DE-NI,Salzgitter,104948.0,469.0
2020-05-18,3102,139.0,7.0,119.0,Tagesspiegel,DE-NI,Salzgitter,104948.0,469.0
2020-05-25,3102,140.0,8.0,123.0,Tagesspiegel,DE-NI,Salzgitter,104948.0,469.0
2020-05-26,3102,141.0,8.0,123.0,Tagesspiegel,DE-NI,Salzgitter,104948.0,469.0
2020-06-03,3102,142.0,8.0,132.0,Tagesspiegel,DE-NI,Salzgitter,104948.0,469.0
2020-06-19,3102,145.0,8.0,135.0,Tagesspiegel,DE-NI,Salzgitter,104948.0,469.0
2020-06-20,3102,146.0,8.0,135.0,Tagesspiegel,DE-NI,Salzgitter,104948.0,469.0
2020-06-25,3102,150.0,9.0,137.0,Tagesspiegel,DE-NI,Salzgitter,104948.0,469.0
2020-06-27,3102,151.0,9.0,137.0,Tagesspiegel,DE-NI,Salzgitter,104948.0,469.0
2020-06-29,3102,153.0,9.0,137.0,Tagesspiegel,DE-NI,Salzgitter,104948.0,469.0
2020-07-01,3102,156.0,9.0,137.0,Tagesspiegel,DE-NI,Salzgitter,104948.0,469.0
2020-07-02,3102,157.0,9.0,137.0,Tagesspiegel,DE-NI,Salzgitter,104948.0,469.0
2020-07-06,3102,159.0,9.0,137.0,Tagesspiegel,DE-NI,Salzgitter,104948.0,469.0
2020-07-14,3102,160.0,9.0,150.0,Tagesspiegel,DE-NI,Salzgitter,104948.0,469.0
2020-03-17,3103,2.0,0.0,2.0,RKI,DE-NI,Wolfsburg,124151.0,608.0
2020-03-18,3103,5.0,3.0,2.0,RKI,DE-NI,Wolfsburg,124151.0,608.0
2020-03-19,3103,6.0,3.0,3.0,RKI,DE-NI,Wolfsburg,124151.0,608.0
2020-03-20,3103,10.0,5.0,5.0,RKI,DE-NI,Wolfsburg,124151.0,608.0
2020-03-21,3103,13.0,6.0,7.0,RKI,DE-NI,Wolfsburg,124151.0,608.0
2020-03-22,3103,19.0,6.0,13.0,RKI,DE-NI,Wolfsburg,124151.0,608.0
2020-03-23,3103,20.0,7.0,13.0,RKI,DE-NI,Wolfsburg,124151.0,608.0
2020-03-24,3103,24.0,7.0,17.0,RKI,DE-NI,Wolfsburg,124151.0,608.0
2020-03-25,3103,36.0,9.0,27.0,RKI,DE-NI,Wolfsburg,124151.0,608.0
2020-03-26,3103,41.0,10.0,31.0,RKI,DE-NI,Wolfsburg,124151.0,608.0
2020-03-27,3103,103.0,33.0,70.0,RKI,DE-NI,Wolfsburg,124151.0,608.0
2020-03-28,3103,130.0,37.0,93.0,RKI,DE-NI,Wolfsburg,124151.0,608.0
2020-03-29,3103,148.0,38.0,110.0,RKI,DE-NI,Wolfsburg,124151.0,608.0
2020-03-31,3103,166.0,39.0,127.0,RKI,DE-NI,Wolfsburg,124151.0,608.0
2020-04-01,3103,173.0,39.0,134.0,RKI,DE-NI,Wolfsburg,124151.0,608.0
2020-04-02,3103,197.0,43.0,154.0,RKI,DE-NI,Wolfsburg,124151.0,608.0
2020-04-03,3103,198.0,44.0,154.0,RKI,DE-NI,Wolfsburg,124151.0,608.0
2020-04-04,3103,200.0,44.0,156.0,RKI,DE-NI,Wolfsburg,124151.0,608.0
2020-04-06,3103,201.0,44.0,157.0,RKI,DE-NI,Wolfsburg,124151.0,608.0
2020-04-07,3103,202.0,44.0,158.0,RKI,DE-NI,Wolfsburg,124151.0,608.0
2020-04-08,3103,207.0,46.0,161.0,RKI,DE-NI,Wolfsburg,124151.0,608.0
2020-04-09,3103,215.0,46.0,169.0,RKI,DE-NI,Wolfsburg,124151.0,608.0
2020-04-10,3103,221.0,46.0,175.0,RKI,DE-NI,Wolfsburg,124151.0,608.0
2020-04-11,3103,221.0,46.0,175.0,RKI,DE-NI,Wolfsburg,124151.0,608.0
2020-04-12,3103,221.0,46.0,175.0,RKI,DE-NI,Wolfsburg,124151.0,608.0
2020-04-15,3103,249.0,41.0,76.0,Tagesspiegel,DE-NI,Wolfsburg,124151.0,608.0
2020-04-16,3103,250.0,44.0,76.0,Tagesspiegel,DE-NI,Wolfsburg,124151.0,608.0
2020-04-17,3103,253.0,45.0,76.0,Tagesspiegel,DE-NI,Wolfsburg,124151.0,608.0
2020-04-18,3103,259.0,45.0,76.0,Tagesspiegel,DE-NI,Wolfsburg,124151.0,608.0
2020-04-19,3103,266.0,46.0,76.0,Tagesspiegel,DE-NI,Wolfsburg,124151.0,608.0
2020-04-21,3103,272.0,48.0,115.0,Tagesspiegel,DE-NI,Wolfsburg,124151.0,608.0
2020-04-22,3103,272.0,48.0,115.0,Tagesspiegel,DE-NI,Wolfsburg,124151.0,608.0
2020-04-23,3103,277.0,48.0,115.0,Tagesspiegel,DE-NI,Wolfsburg,124151.0,608.0
2020-04-25,3103,280.0,48.0,115.0,Tagesspiegel,DE-NI,Wolfsburg,124151.0,608.0
2020-04-28,3103,282.0,50.0,186.0,Tagesspiegel,DE-NI,Wolfsburg,124151.0,608.0
2020-04-30,3103,282.0,50.0,186.0,Tagesspiegel,DE-NI,Wolfsburg,124151.0,608.0
2020-05-02,3103,284.0,51.0,186.0,Tagesspiegel,DE-NI,Wolfsburg,124151.0,608.0
2020-05-05,3103,285.0,51.0,216.0,Tagesspiegel,DE-NI,Wolfsburg,124151.0,608.0
2020-05-08,3103,286.0,51.0,227.0,Tagesspiegel,DE-NI,Wolfsburg,124151.0,608.0
2020-05-11,3103,287.0,51.0,227.0,Tagesspiegel,DE-NI,Wolfsburg,124151.0,608.0
2020-05-13,3103,290.0,51.0,230.0,Tagesspiegel,DE-NI,Wolfsburg,124151.0,608.0
2020-05-14,3103,290.0,51.0,232.0,Tagesspiegel,DE-NI,Wolfsburg,124151.0,608.0
2020-05-22,3103,293.0,51.0,234.0,Tagesspiegel,DE-NI,Wolfsburg,124151.0,608.0
2020-05-26,3103,295.0,51.0,235.0,Tagesspiegel,DE-NI,Wolfsburg,124151.0,608.0
2020-05-27,3103,295.0,51.0,237.0,Tagesspiegel,DE-NI,Wolfsburg,124151.0,608.0
2020-05-29,3103,304.0,51.0,240.0,Tagesspiegel,DE-NI,Wolfsburg,124151.0,608.0
2020-06-03,3103,308.0,51.0,242.0,Tagesspiegel,DE-NI,Wolfsburg,124151.0,608.0
2020-06-04,3103,308.0,51.0,244.0,Tagesspiegel,DE-NI,Wolfsburg,124151.0,608.0
2020-06-05,3103,309.0,51.0,244.0,Tagesspiegel,DE-NI,Wolfsburg,124151.0,608.0
2020-06-06,3103,313.0,51.0,244.0,Tagesspiegel,DE-NI,Wolfsburg,124151.0,608.0
2020-06-08,3103,313.0,51.0,245.0,Tagesspiegel,DE-NI,Wolfsburg,124151.0,608.0
2020-06-09,3103,320.0,51.0,246.0,Tagesspiegel,DE-NI,Wolfsburg,124151.0,608.0
2020-06-10,3103,324.0,51.0,248.0,Tagesspiegel,DE-NI,Wolfsburg,124151.0,608.0
2020-06-11,3103,330.0,51.0,248.0,Tagesspiegel,DE-NI,Wolfsburg,124151.0,608.0
2020-06-12,3103,332.0,51.0,248.0,Tagesspiegel,DE-NI,Wolfsburg,124151.0,608.0
2020-06-13,3103,336.0,51.0,248.0,Tagesspiegel,DE-NI,Wolfsburg,124151.0,608.0
2020-06-15,3103,336.0,51.0,249.0,Tagesspiegel,DE-NI,Wolfsburg,124151.0,608.0
2020-06-16,3103,342.0,51.0,249.0,Tagesspiegel,DE-NI,Wolfsburg,124151.0,608.0
2020-06-17,3103,346.0,51.0,254.0,Tagesspiegel,DE-NI,Wolfsburg,124151.0,608.0
2020-06-18,3103,351.0,51.0,258.0,Tagesspiegel,DE-NI,Wolfsburg,124151.0,608.0
2020-06-19,3103,353.0,51.0,260.0,Tagesspiegel,DE-NI,Wolfsburg,124151.0,608.0
2020-06-20,3103,364.0,51.0,260.0,Tagesspiegel,DE-NI,Wolfsburg,124151.0,608.0
2020-06-23,3103,369.0,51.0,262.0,Tagesspiegel,DE-NI,Wolfsburg,124151.0,608.0
2020-06-26,3103,370.0,51.0,287.0,Tagesspiegel,DE-NI,Wolfsburg,124151.0,608.0
2020-07-01,3103,372.0,51.0,296.0,Tagesspiegel,DE-NI,Wolfsburg,124151.0,608.0
2020-07-12,3103,374.0,52.0,318.0,Tagesspiegel,DE-NI,Wolfsburg,124151.0,608.0
2020-03-12,3151,3.0,0.0,3.0,RKI,DE-NI,Gifhorn,175920.0,113.0
2020-03-13,3151,4.0,0.0,4.0,RKI,DE-NI,Gifhorn,175920.0,113.0
2020-03-16,3151,12.0,0.0,12.0,RKI,DE-NI,Gifhorn,175920.0,113.0
2020-03-17,3151,16.0,0.0,16.0,RKI,DE-NI,Gifhorn,175920.0,113.0
2020-03-18,3151,16.0,0.0,16.0,RKI,DE-NI,Gifhorn,175920.0,113.0
2020-03-19,3151,19.0,0.0,19.0,RKI,DE-NI,Gifhorn,175920.0,113.0
2020-03-20,3151,23.0,0.0,23.0,RKI,DE-NI,Gifhorn,175920.0,113.0
2020-03-21,3151,24.0,0.0,24.0,RKI,DE-NI,Gifhorn,175920.0,113.0
2020-03-22,3151,24.0,0.0,24.0,RKI,DE-NI,Gifhorn,175920.0,113.0
2020-03-23,3151,26.0,0.0,26.0,RKI,DE-NI,Gifhorn,175920.0,113.0
2020-03-24,3151,26.0,0.0,26.0,RKI,DE-NI,Gifhorn,175920.0,113.0
2020-03-25,3151,29.0,0.0,29.0,RKI,DE-NI,Gifhorn,175920.0,113.0
2020-03-26,3151,33.0,0.0,33.0,RKI,DE-NI,Gifhorn,175920.0,113.0
2020-03-27,3151,35.0,0.0,35.0,RKI,DE-NI,Gifhorn,175920.0,113.0
2020-03-28,3151,44.0,0.0,44.0,RKI,DE-NI,Gifhorn,175920.0,113.0
2020-03-30,3151,51.0,0.0,51.0,RKI,DE-NI,Gifhorn,175920.0,113.0
2020-03-31,3151,59.0,0.0,59.0,RKI,DE-NI,Gifhorn,175920.0,113.0
2020-04-01,3151,64.0,0.0,64.0,RKI,DE-NI,Gifhorn,175920.0,113.0
2020-04-02,3151,65.0,1.0,64.0,RKI,DE-NI,Gifhorn,175920.0,113.0
2020-04-03,3151,69.0,1.0,68.0,RKI,DE-NI,Gifhorn,175920.0,113.0
2020-04-04,3151,70.0,1.0,69.0,RKI,DE-NI,Gifhorn,175920.0,113.0
2020-04-05,3151,70.0,1.0,69.0,RKI,DE-NI,Gifhorn,175920.0,113.0
2020-04-06,3151,72.0,1.0,71.0,RKI,DE-NI,Gifhorn,175920.0,113.0
2020-04-07,3151,99.0,0.0,24.0,Tagesspiegel,DE-NI,Gifhorn,175920.0,113.0
2020-04-08,3151,103.0,1.0,24.0,Tagesspiegel,DE-NI,Gifhorn,175920.0,113.0
2020-04-09,3151,107.0,1.0,24.0,Tagesspiegel,DE-NI,Gifhorn,175920.0,113.0
2020-04-12,3151,109.0,2.0,24.0,Tagesspiegel,DE-NI,Gifhorn,175920.0,113.0
2020-04-14,3151,109.0,2.0,24.0,Tagesspiegel,DE-NI,Gifhorn,175920.0,113.0
2020-04-15,3151,110.0,3.0,24.0,Tagesspiegel,DE-NI,Gifhorn,175920.0,113.0
2020-04-16,3151,115.0,4.0,24.0,Tagesspiegel,DE-NI,Gifhorn,175920.0,113.0
2020-04-17,3151,119.0,4.0,24.0,Tagesspiegel,DE-NI,Gifhorn,175920.0,113.0
2020-04-20,3151,122.0,4.0,24.0,Tagesspiegel,DE-NI,Gifhorn,175920.0,113.0
2020-04-21,3151,122.0,4.0,77.0,Tagesspiegel,DE-NI,Gifhorn,175920.0,113.0
2020-04-24,3151,123.0,4.0,77.0,Tagesspiegel,DE-NI,Gifhorn,175920.0,113.0
2020-04-27,3151,124.0,4.0,94.0,Tagesspiegel,DE-NI,Gifhorn,175920.0,113.0
2020-04-29,3151,125.0,4.0,94.0,Tagesspiegel,DE-NI,Gifhorn,175920.0,113.0
2020-05-12,3151,126.0,4.0,116.0,Tagesspiegel,DE-NI,Gifhorn,175920.0,113.0
2020-05-24,3151,125.0,4.0,120.0,Tagesspiegel,DE-NI,Gifhorn,175920.0,113.0
2020-05-26,3151,126.0,4.0,121.0,Tagesspiegel,DE-NI,Gifhorn,175920.0,113.0
2020-06-01,3151,136.0,4.0,121.0,Tagesspiegel,DE-NI,Gifhorn,175920.0,113.0
2020-06-03,3151,147.0,4.0,121.0,Tagesspiegel,DE-NI,Gifhorn,175920.0,113.0
2020-06-05,3151,148.0,4.0,121.0,Tagesspiegel,DE-NI,Gifhorn,175920.0,113.0
2020-06-09,3151,149.0,4.0,121.0,Tagesspiegel,DE-NI,Gifhorn,175920.0,113.0
2020-06-11,3151,150.0,4.0,126.0,Tagesspiegel,DE-NI,Gifhorn,175920.0,113.0
2020-06-14,3151,151.0,4.0,126.0,Tagesspiegel,DE-NI,Gifhorn,175920.0,113.0
2020-06-15,3151,151.0,4.0,126.0,Tagesspiegel,DE-NI,Gifhorn,175920.0,113.0
2020-06-16,3151,152.0,4.0,126.0,Tagesspiegel,DE-NI,Gifhorn,175920.0,113.0
2020-06-17,3151,156.0,4.0,126.0,Tagesspiegel,DE-NI,Gifhorn,175920.0,113.0
2020-06-19,3151,158.0,4.0,126.0,Tagesspiegel,DE-NI,Gifhorn,175920.0,113.0
2020-06-25,3151,159.0,4.0,148.0,Tagesspiegel,DE-NI,Gifhorn,175920.0,113.0
2020-06-27,3151,160.0,4.0,150.0,Tagesspiegel,DE-NI,Gifhorn,175920.0,113.0
2020-06-30,3151,161.0,4.0,152.0,Tagesspiegel,DE-NI,Gifhorn,175920.0,113.0
2020-07-01,3151,164.0,4.0,152.0,Tagesspiegel,DE-NI,Gifhorn,175920.0,113.0
2020-07-03,3151,165.0,4.0,152.0,Tagesspiegel,DE-NI,Gifhorn,175920.0,113.0
2020-03-14,3153,5.0,0.0,5.0,RKI,DE-NI,Goslar,137014.0,142.0
2020-03-17,3153,6.0,0.0,6.0,RKI,DE-NI,Goslar,137014.0,142.0
2020-03-18,3153,10.0,0.0,10.0,RKI,DE-NI,Goslar,137014.0,142.0
2020-03-19,3153,11.0,0.0,11.0,RKI,DE-NI,Goslar,137014.0,142.0
2020-03-20,3153,12.0,0.0,12.0,RKI,DE-NI,Goslar,137014.0,142.0
2020-03-21,3153,14.0,0.0,14.0,RKI,DE-NI,Goslar,137014.0,142.0
2020-03-23,3153,14.0,0.0,14.0,RKI,DE-NI,Goslar,137014.0,142.0
2020-03-24,3153,21.0,0.0,21.0,RKI,DE-NI,Goslar,137014.0,142.0
2020-03-25,3153,26.0,0.0,26.0,RKI,DE-NI,Goslar,137014.0,142.0
2020-03-26,3153,34.0,2.0,32.0,RKI,DE-NI,Goslar,137014.0,142.0
2020-03-27,3153,39.0,3.0,36.0,RKI,DE-NI,Goslar,137014.0,142.0
2020-03-30,3153,51.0,0.0,9.0,Tagesspiegel,DE-NI,Goslar,137014.0,142.0
2020-03-31,3153,60.0,1.0,12.0,Tagesspiegel,DE-NI,Goslar,137014.0,142.0
2020-04-01,3153,61.0,1.0,14.0,Tagesspiegel,DE-NI,Goslar,137014.0,142.0
2020-04-02,3153,61.0,3.0,14.0,Tagesspiegel,DE-NI,Goslar,137014.0,142.0
2020-04-03,3153,60.0,3.0,14.0,Tagesspiegel,DE-NI,Goslar,137014.0,142.0
2020-04-04,3153,70.0,3.0,14.0,Tagesspiegel,DE-NI,Goslar,137014.0,142.0
2020-04-05,3153,74.0,3.0,14.0,Tagesspiegel,DE-NI,Goslar,137014.0,142.0
2020-04-07,3153,87.0,3.0,15.0,Tagesspiegel,DE-NI,Goslar,137014.0,142.0
2020-04-08,3153,89.0,3.0,30.0,Tagesspiegel,DE-NI,Goslar,137014.0,142.0
2020-04-09,3153,90.0,3.0,30.0,Tagesspiegel,DE-NI,Goslar,137014.0,142.0
2020-04-14,3153,114.0,6.0,30.0,Tagesspiegel,DE-NI,Goslar,137014.0,142.0
2020-04-15,3153,118.0,6.0,39.0,Tagesspiegel,DE-NI,Goslar,137014.0,142.0
2020-04-16,3153,122.0,7.0,50.0,Tagesspiegel,DE-NI,Goslar,137014.0,142.0
2020-04-17,3153,133.0,7.0,50.0,Tagesspiegel,DE-NI,Goslar,137014.0,142.0
2020-04-20,3153,139.0,8.0,54.0,Tagesspiegel,DE-NI,Goslar,137014.0,142.0
2020-04-21,3153,145.0,8.0,54.0,Tagesspiegel,DE-NI,Goslar,137014.0,142.0
2020-04-22,3153,162.0,8.0,58.0,Tagesspiegel,DE-NI,Goslar,137014.0,142.0
2020-04-23,3153,166.0,10.0,59.0,Tagesspiegel,DE-NI,Goslar,137014.0,142.0
2020-04-24,3153,183.0,10.0,81.0,Tagesspiegel,DE-NI,Goslar,137014.0,142.0
2020-04-27,3153,178.0,11.0,83.0,Tagesspiegel,DE-NI,Goslar,137014.0,142.0
2020-04-28,3153,191.0,11.0,93.0,Tagesspiegel,DE-NI,Goslar,137014.0,142.0
2020-04-29,3153,193.0,11.0,97.0,Tagesspiegel,DE-NI,Goslar,137014.0,142.0
2020-04-30,3153,202.0,11.0,97.0,Tagesspiegel,DE-NI,Goslar,137014.0,142.0
2020-05-04,3153,218.0,14.0,115.0,Tagesspiegel,DE-NI,Goslar,137014.0,142.0
2020-05-05,3153,218.0,15.0,115.0,Tagesspiegel,DE-NI,Goslar,137014.0,142.0
2020-05-06,3153,221.0,15.0,128.0,Tagesspiegel,DE-NI,Goslar,137014.0,142.0
2020-05-07,3153,223.0,16.0,133.0,Tagesspiegel,DE-NI,Goslar,137014.0,142.0
2020-05-11,3153,232.0,17.0,143.0,Tagesspiegel,DE-NI,Goslar,137014.0,142.0
2020-05-13,3153,233.0,19.0,154.0,Tagesspiegel,DE-NI,Goslar,137014.0,142.0
2020-05-15,3153,236.0,20.0,169.0,Tagesspiegel,DE-NI,Goslar,137014.0,142.0
2020-05-18,3153,239.0,20.0,172.0,Tagesspiegel,DE-NI,Goslar,137014.0,142.0
2020-05-19,3153,241.0,21.0,176.0,Tagesspiegel,DE-NI,Goslar,137014.0,142.0
2020-05-20,3153,241.0,21.0,176.0,Tagesspiegel,DE-NI,Goslar,137014.0,142.0
2020-05-22,3153,243.0,21.0,189.0,Tagesspiegel,DE-NI,Goslar,137014.0,142.0
2020-05-25,3153,244.0,21.0,189.0,Tagesspiegel,DE-NI,Goslar,137014.0,142.0
2020-05-26,3153,249.0,23.0,199.0,Tagesspiegel,DE-NI,Goslar,137014.0,142.0
2020-05-27,3153,250.0,23.0,199.0,Tagesspiegel,DE-NI,Goslar,137014.0,142.0
2020-06-01,3153,252.0,24.0,207.0,Tagesspiegel,DE-NI,Goslar,137014.0,142.0
2020-06-02,3153,254.0,24.0,211.0,Tagesspiegel,DE-NI,Goslar,137014.0,142.0
2020-06-16,3153,254.0,24.0,230.0,Tagesspiegel,DE-NI,Goslar,137014.0,142.0
2020-06-17,3153,254.0,24.0,230.0,Tagesspiegel,DE-NI,Goslar,137014.0,142.0
2020-06-29,3153,257.0,25.0,230.0,Tagesspiegel,DE-NI,Goslar,137014.0,142.0
2020-06-30,3153,260.0,25.0,230.0,Tagesspiegel,DE-NI,Goslar,137014.0,142.0
2020-07-13,3153,260.0,25.0,235.0,Tagesspiegel,DE-NI,Goslar,137014.0,142.0
2020-03-18,3154,5.0,0.0,5.0,RKI,DE-NI,Helmstedt,91307.0,135.0
2020-03-19,3154,5.0,0.0,5.0,RKI,DE-NI,Helmstedt,91307.0,135.0
2020-03-20,3154,7.0,0.0,7.0,RKI,DE-NI,Helmstedt,91307.0,135.0
2020-03-21,3154,11.0,0.0,11.0,RKI,DE-NI,Helmstedt,91307.0,135.0
2020-03-22,3154,12.0,0.0,12.0,RKI,DE-NI,Helmstedt,91307.0,135.0
2020-03-23,3154,13.0,0.0,13.0,RKI,DE-NI,Helmstedt,91307.0,135.0
2020-03-24,3154,16.0,0.0,16.0,RKI,DE-NI,Helmstedt,91307.0,135.0
2020-03-25,3154,19.0,0.0,19.0,RKI,DE-NI,Helmstedt,91307.0,135.0
2020-03-26,3154,29.0,0.0,29.0,RKI,DE-NI,Helmstedt,91307.0,135.0
2020-03-27,3154,34.0,0.0,34.0,RKI,DE-NI,Helmstedt,91307.0,135.0
2020-03-28,3154,40.0,0.0,40.0,RKI,DE-NI,Helmstedt,91307.0,135.0
2020-03-29,3154,41.0,0.0,41.0,RKI,DE-NI,Helmstedt,91307.0,135.0
2020-03-30,3154,55.0,0.0,17.0,Tagesspiegel,DE-NI,Helmstedt,91307.0,135.0
2020-03-31,3154,61.0,0.0,21.0,Tagesspiegel,DE-NI,Helmstedt,91307.0,135.0
2020-04-01,3154,75.0,0.0,21.0,Tagesspiegel,DE-NI,Helmstedt,91307.0,135.0
2020-04-03,3154,79.0,0.0,23.0,Tagesspiegel,DE-NI,Helmstedt,91307.0,135.0
2020-04-04,3154,83.0,0.0,24.0,Tagesspiegel,DE-NI,Helmstedt,91307.0,135.0
2020-04-06,3154,91.0,0.0,24.0,Tagesspiegel,DE-NI,Helmstedt,91307.0,135.0
2020-04-07,3154,111.0,0.0,24.0,Tagesspiegel,DE-NI,Helmstedt,91307.0,135.0
2020-04-08,3154,116.0,1.0,26.0,Tagesspiegel,DE-NI,Helmstedt,91307.0,135.0
2020-04-10,3154,119.0,1.0,33.0,Tagesspiegel,DE-NI,Helmstedt,91307.0,135.0
2020-04-19,3154,124.0,1.0,51.0,Tagesspiegel,DE-NI,Helmstedt,91307.0,135.0
2020-04-20,3154,125.0,1.0,91.0,Tagesspiegel,DE-NI,Helmstedt,91307.0,135.0
2020-04-21,3154,127.0,1.0,91.0,Tagesspiegel,DE-NI,Helmstedt,91307.0,135.0
2020-04-23,3154,128.0,1.0,108.0,Tagesspiegel,DE-NI,Helmstedt,91307.0,135.0
2020-04-25,3154,130.0,1.0,108.0,Tagesspiegel,DE-NI,Helmstedt,91307.0,135.0
2020-04-27,3154,143.0,1.0,112.0,Tagesspiegel,DE-NI,Helmstedt,91307.0,135.0
2020-04-29,3154,134.0,1.0,115.0,Tagesspiegel,DE-NI,Helmstedt,91307.0,135.0
2020-05-09,3154,137.0,1.0,133.0,Tagesspiegel,DE-NI,Helmstedt,91307.0,135.0
2020-05-14,3154,138.0,1.0,135.0,Tagesspiegel,DE-NI,Helmstedt,91307.0,135.0
2020-05-26,3154,138.0,1.0,135.0,Tagesspiegel,DE-NI,Helmstedt,91307.0,135.0
2020-05-28,3154,140.0,1.0,135.0,Tagesspiegel,DE-NI,Helmstedt,91307.0,135.0
2020-03-12,3155,1.0,0.0,1.0,RKI,DE-NI,Northeim,132765.0,105.0
2020-03-17,3155,3.0,0.0,3.0,RKI,DE-NI,Northeim,132765.0,105.0
2020-03-18,3155,4.0,0.0,4.0,RKI,DE-NI,Northeim,132765.0,105.0
2020-03-19,3155,8.0,0.0,8.0,RKI,DE-NI,Northeim,132765.0,105.0
2020-03-20,3155,10.0,0.0,10.0,RKI,DE-NI,Northeim,132765.0,105.0
2020-03-23,3155,14.0,1.0,13.0,RKI,DE-NI,Northeim,132765.0,105.0
2020-03-24,3155,17.0,1.0,16.0,RKI,DE-NI,Northeim,132765.0,105.0
2020-03-26,3155,20.0,1.0,19.0,RKI,DE-NI,Northeim,132765.0,105.0
2020-03-27,3155,22.0,1.0,21.0,RKI,DE-NI,Northeim,132765.0,105.0
2020-03-29,3155,23.0,1.0,22.0,RKI,DE-NI,Northeim,132765.0,105.0
2020-03-30,3155,33.0,0.0,7.0,Tagesspiegel,DE-NI,Northeim,132765.0,105.0
2020-03-31,3155,40.0,0.0,9.0,Tagesspiegel,DE-NI,Northeim,132765.0,105.0
2020-04-01,3155,41.0,0.0,10.0,Tagesspiegel,DE-NI,Northeim,132765.0,105.0
2020-04-02,3155,42.0,0.0,15.0,Tagesspiegel,DE-NI,Northeim,132765.0,105.0
2020-04-03,3155,49.0,0.0,18.0,Tagesspiegel,DE-NI,Northeim,132765.0,105.0
2020-04-04,3155,53.0,0.0,18.0,Tagesspiegel,DE-NI,Northeim,132765.0,105.0
2020-04-06,3155,53.0,0.0,20.0,Tagesspiegel,DE-NI,Northeim,132765.0,105.0
2020-04-08,3155,62.0,0.0,25.0,Tagesspiegel,DE-NI,Northeim,132765.0,105.0
2020-04-09,3155,64.0,0.0,27.0,Tagesspiegel,DE-NI,Northeim,132765.0,105.0
2020-04-10,3155,67.0,0.0,29.0,Tagesspiegel,DE-NI,Northeim,132765.0,105.0
2020-04-11,3155,73.0,0.0,29.0,Tagesspiegel,DE-NI,Northeim,132765.0,105.0
2020-04-12,3155,73.0,0.0,29.0,Tagesspiegel,DE-NI,Northeim,132765.0,105.0
2020-04-13,3155,79.0,0.0,29.0,Tagesspiegel,DE-NI,Northeim,132765.0,105.0
2020-04-14,3155,85.0,0.0,32.0,Tagesspiegel,DE-NI,Northeim,132765.0,105.0
2020-04-15,3155,87.0,0.0,33.0,Tagesspiegel,DE-NI,Northeim,132765.0,105.0
2020-04-16,3155,90.0,0.0,36.0,Tagesspiegel,DE-NI,Northeim,132765.0,105.0
2020-04-17,3155,96.0,0.0,40.0,Tagesspiegel,DE-NI,Northeim,132765.0,105.0
2020-04-18,3155,98.0,0.0,40.0,Tagesspiegel,DE-NI,Northeim,132765.0,105.0
2020-04-19,3155,102.0,0.0,40.0,Tagesspiegel,DE-NI,Northeim,132765.0,105.0
2020-04-21,3155,106.0,0.0,48.0,Tagesspiegel,DE-NI,Northeim,132765.0,105.0
2020-04-22,3155,107.0,0.0,49.0,Tagesspiegel,DE-NI,Northeim,132765.0,105.0
2020-04-23,3155,111.0,0.0,52.0,Tagesspiegel,DE-NI,Northeim,132765.0,105.0
2020-04-25,3155,115.0,1.0,54.0,Tagesspiegel,DE-NI,Northeim,132765.0,105.0
2020-04-26,3155,117.0,1.0,54.0,Tagesspiegel,DE-NI,Northeim,132765.0,105.0
2020-04-29,3155,117.0,1.0,71.0,Tagesspiegel,DE-NI,Northeim,132765.0,105.0
2020-04-30,3155,117.0,1.0,72.0,Tagesspiegel,DE-NI,Northeim,132765.0,105.0
2020-05-14,3155,119.0,2.0,108.0,Tagesspiegel,DE-NI,Northeim,132765.0,105.0
2020-05-19,3155,120.0,3.0,111.0,Tagesspiegel,DE-NI,Northeim,132765.0,105.0
2020-05-20,3155,121.0,3.0,112.0,Tagesspiegel,DE-NI,Northeim,132765.0,105.0
2020-05-29,3155,122.0,5.0,115.0,Tagesspiegel,DE-NI,Northeim,132765.0,105.0
2020-05-30,3155,123.0,5.0,115.0,Tagesspiegel,DE-NI,Northeim,132765.0,105.0
2020-06-05,3155,124.0,5.0,118.0,Tagesspiegel,DE-NI,Northeim,132765.0,105.0
2020-06-06,3155,124.0,5.0,118.0,Tagesspiegel,DE-NI,Northeim,132765.0,105.0
2020-06-10,3155,127.0,6.0,118.0,Tagesspiegel,DE-NI,Northeim,132765.0,105.0
2020-06-15,3155,128.0,6.0,119.0,Tagesspiegel,DE-NI,Northeim,132765.0,105.0
2020-06-17,3155,130.0,6.0,119.0,Tagesspiegel,DE-NI,Northeim,132765.0,105.0
2020-06-19,3155,134.0,6.0,120.0,Tagesspiegel,DE-NI,Northeim,132765.0,105.0
2020-06-24,3155,140.0,6.0,120.0,Tagesspiegel,DE-NI,Northeim,132765.0,105.0
2020-06-25,3155,141.0,6.0,120.0,Tagesspiegel,DE-NI,Northeim,132765.0,105.0
2020-06-29,3155,143.0,6.0,121.0,Tagesspiegel,DE-NI,Northeim,132765.0,105.0
2020-07-06,3155,147.0,6.0,132.0,Tagesspiegel,DE-NI,Northeim,132765.0,105.0
2020-07-08,3155,148.0,6.0,134.0,Tagesspiegel,DE-NI,Northeim,132765.0,105.0
2020-07-09,3155,148.0,6.0,134.0,Tagesspiegel,DE-NI,Northeim,132765.0,105.0
2020-07-14,3155,150.0,6.0,136.0,Tagesspiegel,DE-NI,Northeim,132765.0,105.0
2020-03-17,3157,6.0,0.0,6.0,RKI,DE-NI,Peine,133965.0,250.0
2020-03-18,3157,6.0,0.0,6.0,RKI,DE-NI,Peine,133965.0,250.0
2020-03-19,3157,9.0,0.0,9.0,RKI,DE-NI,Peine,133965.0,250.0
2020-03-20,3157,10.0,0.0,10.0,RKI,DE-NI,Peine,133965.0,250.0
2020-03-21,3157,14.0,0.0,14.0,RKI,DE-NI,Peine,133965.0,250.0
2020-03-22,3157,14.0,0.0,14.0,RKI,DE-NI,Peine,133965.0,250.0
2020-03-23,3157,15.0,0.0,15.0,RKI,DE-NI,Peine,133965.0,250.0
2020-03-24,3157,16.0,0.0,16.0,RKI,DE-NI,Peine,133965.0,250.0
2020-03-25,3157,21.0,0.0,21.0,RKI,DE-NI,Peine,133965.0,250.0
2020-03-26,3157,29.0,0.0,29.0,RKI,DE-NI,Peine,133965.0,250.0
2020-03-27,3157,35.0,0.0,35.0,RKI,DE-NI,Peine,133965.0,250.0
2020-03-28,3157,46.0,0.0,46.0,RKI,DE-NI,Peine,133965.0,250.0
2020-03-29,3157,47.0,0.0,47.0,RKI,DE-NI,Peine,133965.0,250.0
2020-03-30,3157,62.0,0.0,11.0,Tagesspiegel,DE-NI,Peine,133965.0,250.0
2020-03-31,3157,77.0,0.0,12.0,Tagesspiegel,DE-NI,Peine,133965.0,250.0
2020-04-01,3157,90.0,0.0,14.0,Tagesspiegel,DE-NI,Peine,133965.0,250.0
2020-04-02,3157,94.0,2.0,20.0,Tagesspiegel,DE-NI,Peine,133965.0,250.0
2020-04-03,3157,99.0,2.0,22.0,Tagesspiegel,DE-NI,Peine,133965.0,250.0
2020-04-04,3157,105.0,2.0,22.0,Tagesspiegel,DE-NI,Peine,133965.0,250.0
2020-04-07,3157,110.0,5.0,40.0,Tagesspiegel,DE-NI,Peine,133965.0,250.0
2020-04-08,3157,117.0,5.0,43.0,Tagesspiegel,DE-NI,Peine,133965.0,250.0
2020-04-09,3157,122.0,5.0,45.0,Tagesspiegel,DE-NI,Peine,133965.0,250.0
2020-04-11,3157,125.0,6.0,51.0,Tagesspiegel,DE-NI,Peine,133965.0,250.0
2020-04-14,3157,127.0,7.0,60.0,Tagesspiegel,DE-NI,Peine,133965.0,250.0
2020-04-15,3157,127.0,8.0,63.0,Tagesspiegel,DE-NI,Peine,133965.0,250.0
2020-04-17,3157,131.0,8.0,69.0,Tagesspiegel,DE-NI,Peine,133965.0,250.0
2020-04-21,3157,133.0,11.0,82.0,Tagesspiegel,DE-NI,Peine,133965.0,250.0
2020-04-22,3157,135.0,11.0,82.0,Tagesspiegel,DE-NI,Peine,133965.0,250.0
2020-04-24,3157,136.0,12.0,88.0,Tagesspiegel,DE-NI,Peine,133965.0,250.0
2020-04-28,3157,137.0,12.0,93.0,Tagesspiegel,DE-NI,Peine,133965.0,250.0
2020-04-29,3157,139.0,12.0,111.0,Tagesspiegel,DE-NI,Peine,133965.0,250.0
2020-05-05,3157,140.0,12.0,116.0,Tagesspiegel,DE-NI,Peine,133965.0,250.0
2020-05-21,3157,142.0,12.0,129.0,Tagesspiegel,DE-NI,Peine,133965.0,250.0
2020-05-25,3157,143.0,12.0,129.0,Tagesspiegel,DE-NI,Peine,133965.0,250.0
2020-05-29,3157,144.0,12.0,130.0,Tagesspiegel,DE-NI,Peine,133965.0,250.0
2020-06-03,3157,146.0,12.0,130.0,Tagesspiegel,DE-NI,Peine,133965.0,250.0
2020-06-04,3157,148.0,12.0,130.0,Tagesspiegel,DE-NI,Peine,133965.0,250.0
2020-06-05,3157,150.0,12.0,130.0,Tagesspiegel,DE-NI,Peine,133965.0,250.0
2020-06-08,3157,151.0,12.0,133.0,Tagesspiegel,DE-NI,Peine,133965.0,250.0
2020-06-09,3157,152.0,12.0,134.0,Tagesspiegel,DE-NI,Peine,133965.0,250.0
2020-06-11,3157,155.0,12.0,135.0,Tagesspiegel,DE-NI,Peine,133965.0,250.0
2020-06-12,3157,158.0,12.0,134.0,Tagesspiegel,DE-NI,Peine,133965.0,250.0
2020-06-13,3157,158.0,12.0,134.0,Tagesspiegel,DE-NI,Peine,133965.0,250.0
2020-06-16,3157,159.0,12.0,135.0,Tagesspiegel,DE-NI,Peine,133965.0,250.0
2020-06-17,3157,160.0,12.0,135.0,Tagesspiegel,DE-NI,Peine,133965.0,250.0
2020-06-23,3157,161.0,12.0,141.0,Tagesspiegel,DE-NI,Peine,133965.0,250.0
2020-07-15,3157,162.0,12.0,150.0,Tagesspiegel,DE-NI,Peine,133965.0,250.0
2020-03-18,3158,0.0,0.0,0.0,RKI,DE-NI,Wolfenbüttel,119960.0,166.0
2020-03-19,3158,0.0,0.0,0.0,RKI,DE-NI,Wolfenbüttel,119960.0,166.0
2020-03-20,3158,0.0,0.0,0.0,RKI,DE-NI,Wolfenbüttel,119960.0,166.0
2020-03-23,3158,3.0,0.0,3.0,RKI,DE-NI,Wolfenbüttel,119960.0,166.0
2020-03-24,3158,10.0,0.0,10.0,RKI,DE-NI,Wolfenbüttel,119960.0,166.0
2020-03-25,3158,13.0,0.0,13.0,RKI,DE-NI,Wolfenbüttel,119960.0,166.0
2020-03-26,3158,18.0,0.0,18.0,RKI,DE-NI,Wolfenbüttel,119960.0,166.0
2020-03-27,3158,22.0,0.0,22.0,RKI,DE-NI,Wolfenbüttel,119960.0,166.0
2020-03-30,3158,24.0,0.0,24.0,RKI,DE-NI,Wolfenbüttel,119960.0,166.0
2020-03-31,3158,26.0,0.0,26.0,RKI,DE-NI,Wolfenbüttel,119960.0,166.0
2020-04-01,3158,32.0,0.0,32.0,RKI,DE-NI,Wolfenbüttel,119960.0,166.0
2020-04-02,3158,39.0,0.0,39.0,RKI,DE-NI,Wolfenbüttel,119960.0,166.0
2020-04-03,3158,45.0,0.0,45.0,RKI,DE-NI,Wolfenbüttel,119960.0,166.0
2020-04-05,3158,46.0,0.0,46.0,RKI,DE-NI,Wolfenbüttel,119960.0,166.0
2020-04-06,3158,76.0,0.0,4.0,Tagesspiegel,DE-NI,Wolfenbüttel,119960.0,166.0
2020-04-07,3158,76.0,0.0,13.0,Tagesspiegel,DE-NI,Wolfenbüttel,119960.0,166.0
2020-04-08,3158,81.0,0.0,41.0,Tagesspiegel,DE-NI,Wolfenbüttel,119960.0,166.0
2020-04-09,3158,86.0,1.0,45.0,Tagesspiegel,DE-NI,Wolfenbüttel,119960.0,166.0
2020-04-10,3158,99.0,2.0,45.0,Tagesspiegel,DE-NI,Wolfenbüttel,119960.0,166.0
2020-04-11,3158,99.0,2.0,48.0,Tagesspiegel,DE-NI,Wolfenbüttel,119960.0,166.0
2020-04-14,3158,120.0,2.0,49.0,Tagesspiegel,DE-NI,Wolfenbüttel,119960.0,166.0
2020-04-15,3158,124.0,4.0,56.0,Tagesspiegel,DE-NI,Wolfenbüttel,119960.0,166.0
2020-04-16,3158,144.0,4.0,62.0,Tagesspiegel,DE-NI,Wolfenbüttel,119960.0,166.0
2020-04-17,3158,148.0,5.0,68.0,Tagesspiegel,DE-NI,Wolfenbüttel,119960.0,166.0
2020-04-18,3158,152.0,5.0,68.0,Tagesspiegel,DE-NI,Wolfenbüttel,119960.0,166.0
2020-04-19,3158,154.0,5.0,76.0,Tagesspiegel,DE-NI,Wolfenbüttel,119960.0,166.0
2020-04-21,3158,153.0,7.0,83.0,Tagesspiegel,DE-NI,Wolfenbüttel,119960.0,166.0
2020-04-22,3158,154.0,7.0,87.0,Tagesspiegel,DE-NI,Wolfenbüttel,119960.0,166.0
2020-04-24,3158,160.0,8.0,94.0,Tagesspiegel,DE-NI,Wolfenbüttel,119960.0,166.0
2020-04-27,3158,167.0,8.0,106.0,Tagesspiegel,DE-NI,Wolfenbüttel,119960.0,166.0
2020-04-28,3158,171.0,8.0,113.0,Tagesspiegel,DE-NI,Wolfenbüttel,119960.0,166.0
2020-04-29,3158,171.0,10.0,117.0,Tagesspiegel,DE-NI,Wolfenbüttel,119960.0,166.0
2020-04-30,3158,173.0,10.0,121.0,Tagesspiegel,DE-NI,Wolfenbüttel,119960.0,166.0
2020-05-03,3158,177.0,10.0,127.0,Tagesspiegel,DE-NI,Wolfenbüttel,119960.0,166.0
2020-05-07,3158,177.0,10.0,139.0,Tagesspiegel,DE-NI,Wolfenbüttel,119960.0,166.0
2020-05-08,3158,179.0,11.0,143.0,Tagesspiegel,DE-NI,Wolfenbüttel,119960.0,166.0
2020-05-11,3158,179.0,11.0,151.0,Tagesspiegel,DE-NI,Wolfenbüttel,119960.0,166.0
2020-05-12,3158,180.0,12.0,152.0,Tagesspiegel,DE-NI,Wolfenbüttel,119960.0,166.0
2020-05-13,3158,181.0,12.0,154.0,Tagesspiegel,DE-NI,Wolfenbüttel,119960.0,166.0
2020-05-14,3158,183.0,12.0,155.0,Tagesspiegel,DE-NI,Wolfenbüttel,119960.0,166.0
2020-05-20,3158,184.0,14.0,165.0,Tagesspiegel,DE-NI,Wolfenbüttel,119960.0,166.0
2020-05-25,3158,185.0,14.0,168.0,Tagesspiegel,DE-NI,Wolfenbüttel,119960.0,166.0
2020-05-28,3158,186.0,14.0,168.0,Tagesspiegel,DE-NI,Wolfenbüttel,119960.0,166.0
2020-05-30,3158,188.0,14.0,168.0,Tagesspiegel,DE-NI,Wolfenbüttel,119960.0,166.0
2020-06-03,3158,190.0,14.0,168.0,Tagesspiegel,DE-NI,Wolfenbüttel,119960.0,166.0
2020-06-08,3158,190.0,14.0,170.0,Tagesspiegel,DE-NI,Wolfenbüttel,119960.0,166.0
2020-07-13,3158,190.0,14.0,176.0,Tagesspiegel,DE-NI,Wolfenbüttel,119960.0,166.0
2020-03-13,3159,2.0,0.0,2.0,RKI,DE-NI,Göttingen,328074.0,187.0
2020-03-14,3159,3.0,0.0,3.0,RKI,DE-NI,Göttingen,328074.0,187.0
2020-03-15,3159,3.0,0.0,3.0,RKI,DE-NI,Göttingen,328074.0,187.0
2020-03-16,3159,6.0,0.0,6.0,RKI,DE-NI,Göttingen,328074.0,187.0
2020-03-17,3159,10.0,0.0,10.0,RKI,DE-NI,Göttingen,328074.0,187.0
2020-03-18,3159,27.0,0.0,27.0,RKI,DE-NI,Göttingen,328074.0,187.0
2020-03-19,3159,33.0,0.0,33.0,RKI,DE-NI,Göttingen,328074.0,187.0
2020-03-20,3159,40.0,0.0,40.0,RKI,DE-NI,Göttingen,328074.0,187.0
2020-03-21,3159,49.0,0.0,49.0,RKI,DE-NI,Göttingen,328074.0,187.0
2020-03-22,3159,52.0,0.0,52.0,RKI,DE-NI,Göttingen,328074.0,187.0
2020-03-23,3159,62.0,0.0,62.0,RKI,DE-NI,Göttingen,328074.0,187.0
2020-03-24,3159,68.0,0.0,68.0,RKI,DE-NI,Göttingen,328074.0,187.0
2020-03-25,3159,76.0,0.0,76.0,RKI,DE-NI,Göttingen,328074.0,187.0
2020-03-26,3159,90.0,0.0,90.0,RKI,DE-NI,Göttingen,328074.0,187.0
2020-03-27,3159,107.0,0.0,107.0,RKI,DE-NI,Göttingen,328074.0,187.0
2020-03-28,3159,115.0,1.0,114.0,RKI,DE-NI,Göttingen,328074.0,187.0
2020-03-29,3159,141.0,6.0,135.0,RKI,DE-NI,Göttingen,328074.0,187.0
2020-03-30,3159,158.0,0.0,13.0,Tagesspiegel,DE-NI,Göttingen,328074.0,187.0
2020-03-31,3159,200.0,0.0,13.0,Tagesspiegel,DE-NI,Göttingen,328074.0,187.0
2020-04-01,3159,184.0,11.0,173.0,RKI,DE-NI,Göttingen,328074.0,187.0
2020-04-02,3159,234.0,2.0,21.0,Tagesspiegel,DE-NI,Göttingen,328074.0,187.0
2020-04-03,3159,270.0,2.0,21.0,Tagesspiegel,DE-NI,Göttingen,328074.0,187.0
2020-04-04,3159,286.0,2.0,21.0,Tagesspiegel,DE-NI,Göttingen,328074.0,187.0
2020-04-05,3159,312.0,7.0,21.0,Tagesspiegel,DE-NI,Göttingen,328074.0,187.0
2020-04-06,3159,340.0,9.0,21.0,Tagesspiegel,DE-NI,Göttingen,328074.0,187.0
2020-04-07,3159,351.0,10.0,61.0,Tagesspiegel,DE-NI,Göttingen,328074.0,187.0
2020-04-08,3159,370.0,12.0,65.0,Tagesspiegel,DE-NI,Göttingen,328074.0,187.0
2020-04-09,3159,399.0,14.0,95.0,Tagesspiegel,DE-NI,Göttingen,328074.0,187.0
2020-04-10,3159,433.0,14.0,95.0,Tagesspiegel,DE-NI,Göttingen,328074.0,187.0
2020-04-11,3159,470.0,14.0,95.0,Tagesspiegel,DE-NI,Göttingen,328074.0,187.0
2020-04-12,3159,488.0,19.0,101.0,Tagesspiegel,DE-NI,Göttingen,328074.0,187.0
2020-04-13,3159,520.0,20.0,136.0,Tagesspiegel,DE-NI,Göttingen,328074.0,187.0
2020-04-14,3159,551.0,20.0,136.0,Tagesspiegel,DE-NI,Göttingen,328074.0,187.0
2020-04-15,3159,555.0,25.0,161.0,Tagesspiegel,DE-NI,Göttingen,328074.0,187.0
2020-04-16,3159,578.0,31.0,175.0,Tagesspiegel,DE-NI,Göttingen,328074.0,187.0
2020-04-17,3159,607.0,33.0,213.0,Tagesspiegel,DE-NI,Göttingen,328074.0,187.0
2020-04-18,3159,664.0,33.0,223.0,Tagesspiegel,DE-NI,Göttingen,328074.0,187.0
2020-04-19,3159,690.0,34.0,233.0,Tagesspiegel,DE-NI,Göttingen,328074.0,187.0
2020-04-20,3159,702.0,34.0,240.0,Tagesspiegel,DE-NI,Göttingen,328074.0,187.0
2020-04-21,3159,702.0,36.0,284.0,Tagesspiegel,DE-NI,Göttingen,328074.0,187.0
2020-04-22,3159,723.0,36.0,303.0,Tagesspiegel,DE-NI,Göttingen,328074.0,187.0
2020-04-23,3159,736.0,39.0,342.0,Tagesspiegel,DE-NI,Göttingen,328074.0,187.0
2020-04-24,3159,740.0,43.0,372.0,Tagesspiegel,DE-NI,Göttingen,328074.0,187.0
2020-04-25,3159,746.0,43.0,411.0,Tagesspiegel,DE-NI,Göttingen,328074.0,187.0
2020-04-26,3159,758.0,46.0,422.0,Tagesspiegel,DE-NI,Göttingen,328074.0,187.0
2020-04-27,3159,767.0,46.0,429.0,Tagesspiegel,DE-NI,Göttingen,328074.0,187.0
2020-04-28,3159,770.0,47.0,460.0,Tagesspiegel,DE-NI,Göttingen,328074.0,187.0
2020-04-29,3159,787.0,48.0,475.0,Tagesspiegel,DE-NI,Göttingen,328074.0,187.0
2020-04-30,3159,792.0,54.0,530.0,Tagesspiegel,DE-NI,Göttingen,328074.0,187.0
2020-05-01,3159,795.0,58.0,543.0,Tagesspiegel,DE-NI,Göttingen,328074.0,187.0
2020-05-05,3159,802.0,62.0,558.0,Tagesspiegel,DE-NI,Göttingen,328074.0,187.0
2020-05-06,3159,802.0,65.0,590.0,Tagesspiegel,DE-NI,Göttingen,328074.0,187.0
2020-05-08,3159,809.0,66.0,602.0,Tagesspiegel,DE-NI,Göttingen,328074.0,187.0
2020-05-09,3159,809.0,66.0,627.0,Tagesspiegel,DE-NI,Göttingen,328074.0,187.0
2020-05-11,3159,822.0,66.0,629.0,Tagesspiegel,DE-NI,Göttingen,328074.0,187.0
2020-05-12,3159,822.0,68.0,643.0,Tagesspiegel,DE-NI,Göttingen,328074.0,187.0
2020-05-13,3159,823.0,68.0,643.0,Tagesspiegel,DE-NI,Göttingen,328074.0,187.0
2020-05-14,3159,823.0,68.0,648.0,Tagesspiegel,DE-NI,Göttingen,328074.0,187.0
2020-05-15,3159,824.0,71.0,657.0,Tagesspiegel,DE-NI,Göttingen,328074.0,187.0
2020-05-17,3159,832.0,71.0,664.0,Tagesspiegel,DE-NI,Göttingen,328074.0,187.0
2020-05-18,3159,833.0,71.0,664.0,Tagesspiegel,DE-NI,Göttingen,328074.0,187.0
2020-05-20,3159,833.0,71.0,669.0,Tagesspiegel,DE-NI,Göttingen,328074.0,187.0
2020-05-21,3159,835.0,71.0,675.0,Tagesspiegel,DE-NI,Göttingen,328074.0,187.0
2020-05-22,3159,842.0,71.0,675.0,Tagesspiegel,DE-NI,Göttingen,328074.0,187.0
2020-05-23,3159,842.0,71.0,675.0,Tagesspiegel,DE-NI,Göttingen,328074.0,187.0
2020-05-26,3159,845.0,74.0,698.0,Tagesspiegel,DE-NI,Göttingen,328074.0,187.0
2020-05-27,3159,845.0,74.0,698.0,Tagesspiegel,DE-NI,Göttingen,328074.0,187.0
2020-05-28,3159,847.0,74.0,700.0,Tagesspiegel,DE-NI,Göttingen,328074.0,187.0
2020-05-30,3159,857.0,75.0,703.0,Tagesspiegel,DE-NI,Göttingen,328074.0,187.0
2020-05-31,3159,878.0,76.0,703.0,Tagesspiegel,DE-NI,Göttingen,328074.0,187.0
2020-06-01,3159,884.0,76.0,704.0,Tagesspiegel,DE-NI,Göttingen,328074.0,187.0
2020-06-02,3159,886.0,76.0,705.0,Tagesspiegel,DE-NI,Göttingen,328074.0,187.0
2020-06-03,3159,913.0,76.0,717.0,Tagesspiegel,DE-NI,Göttingen,328074.0,187.0
2020-06-04,3159,934.0,76.0,718.0,Tagesspiegel,DE-NI,Göttingen,328074.0,187.0
2020-06-05,3159,956.0,77.0,719.0,Tagesspiegel,DE-NI,Göttingen,328074.0,187.0
2020-06-06,3159,978.0,77.0,719.0,Tagesspiegel,DE-NI,Göttingen,328074.0,187.0
2020-06-07,3159,1001.0,77.0,722.0,Tagesspiegel,DE-NI,Göttingen,328074.0,187.0
2020-06-08,3159,1025.0,77.0,723.0,Tagesspiegel,DE-NI,Göttingen,328074.0,187.0
2020-06-09,3159,1026.0,77.0,737.0,Tagesspiegel,DE-NI,Göttingen,328074.0,187.0
2020-06-10,3159,1029.0,78.0,755.0,Tagesspiegel,DE-NI,Göttingen,328074.0,187.0
2020-06-11,3159,1037.0,78.0,779.0,Tagesspiegel,DE-NI,Göttingen,328074.0,187.0
2020-06-12,3159,1040.0,78.0,779.0,Tagesspiegel,DE-NI,Göttingen,328074.0,187.0
2020-06-13,3159,1056.0,78.0,794.0,Tagesspiegel,DE-NI,Göttingen,328074.0,187.0
2020-06-14,3159,1061.0,78.0,794.0,Tagesspiegel,DE-NI,Göttingen,328074.0,187.0
2020-06-15,3159,1071.0,78.0,794.0,Tagesspiegel,DE-NI,Göttingen,328074.0,187.0
2020-06-16,3159,1071.0,78.0,799.0,Tagesspiegel,DE-NI,Göttingen,328074.0,187.0
2020-06-17,3159,1080.0,78.0,852.0,Tagesspiegel,DE-NI,Göttingen,328074.0,187.0
2020-06-18,3159,1093.0,78.0,865.0,Tagesspiegel,DE-NI,Göttingen,328074.0,187.0
2020-06-19,3159,1187.0,78.0,880.0,Tagesspiegel,DE-NI,Göttingen,328074.0,187.0
2020-06-20,3159,1213.0,78.0,880.0,Tagesspiegel,DE-NI,Göttingen,328074.0,187.0
2020-06-21,3159,1213.0,78.0,910.0,Tagesspiegel,DE-NI,Göttingen,328074.0,187.0
2020-06-22,3159,1229.0,78.0,911.0,Tagesspiegel,DE-NI,Göttingen,328074.0,187.0
2020-06-23,3159,1236.0,79.0,911.0,Tagesspiegel,DE-NI,Göttingen,328074.0,187.0
2020-06-24,3159,1258.0,79.0,921.0,Tagesspiegel,DE-NI,Göttingen,328074.0,187.0
2020-06-26,3159,1260.0,80.0,976.0,Tagesspiegel,DE-NI,Göttingen,328074.0,187.0
2020-06-27,3159,1263.0,80.0,976.0,Tagesspiegel,DE-NI,Göttingen,328074.0,187.0
2020-06-28,3159,1291.0,80.0,997.0,Tagesspiegel,DE-NI,Göttingen,328074.0,187.0
2020-06-29,3159,1293.0,80.0,998.0,Tagesspiegel,DE-NI,Göttingen,328074.0,187.0
2020-06-30,3159,1293.0,80.0,1084.0,Tagesspiegel,DE-NI,Göttingen,328074.0,187.0
2020-07-01,3159,1294.0,80.0,1125.0,Tagesspiegel,DE-NI,Göttingen,328074.0,187.0
2020-07-04,3159,1311.0,80.0,1156.0,Tagesspiegel,DE-NI,Göttingen,328074.0,187.0
2020-07-05,3159,1313.0,80.0,1163.0,Tagesspiegel,DE-NI,Göttingen,328074.0,187.0
2020-07-08,3159,1317.0,81.0,1176.0,Tagesspiegel,DE-NI,Göttingen,328074.0,187.0
2020-07-12,3159,1319.0,81.0,1206.0,Tagesspiegel,DE-NI,Göttingen,328074.0,187.0
2020-07-14,3159,1320.0,81.0,1209.0,Tagesspiegel,DE-NI,Göttingen,328074.0,187.0
2020-07-15,3159,1320.0,81.0,1209.0,Tagesspiegel,DE-NI,Göttingen,328074.0,187.0
2020-03-03,3241,0.0,0.0,0.0,RKI,DE-NI,Region Hannover,1157624.0,505.0
2020-03-04,3241,0.0,0.0,0.0,RKI,DE-NI,Region Hannover,1157624.0,505.0
2020-03-06,3241,1.0,0.0,1.0,RKI,DE-NI,Region Hannover,1157624.0,505.0
2020-03-07,3241,1.0,0.0,1.0,RKI,DE-NI,Region Hannover,1157624.0,505.0
2020-03-08,3241,2.0,0.0,2.0,RKI,DE-NI,Region Hannover,1157624.0,505.0
2020-03-09,3241,2.0,0.0,2.0,RKI,DE-NI,Region Hannover,1157624.0,505.0
2020-03-10,3241,7.0,0.0,7.0,RKI,DE-NI,Region Hannover,1157624.0,505.0
2020-03-11,3241,17.0,0.0,17.0,RKI,DE-NI,Region Hannover,1157624.0,505.0
2020-03-12,3241,40.0,0.0,40.0,RKI,DE-NI,Region Hannover,1157624.0,505.0
2020-03-13,3241,49.0,0.0,49.0,RKI,DE-NI,Region Hannover,1157624.0,505.0
2020-03-14,3241,65.0,0.0,65.0,RKI,DE-NI,Region Hannover,1157624.0,505.0
2020-03-15,3241,83.0,0.0,83.0,RKI,DE-NI,Region Hannover,1157624.0,505.0
2020-03-16,3241,106.0,0.0,106.0,RKI,DE-NI,Region Hannover,1157624.0,505.0
2020-03-17,3241,138.0,0.0,138.0,RKI,DE-NI,Region Hannover,1157624.0,505.0
2020-03-18,3241,209.0,0.0,209.0,RKI,DE-NI,Region Hannover,1157624.0,505.0
2020-03-19,3241,267.0,0.0,267.0,RKI,DE-NI,Region Hannover,1157624.0,505.0
2020-03-20,3241,327.0,4.0,323.0,RKI,DE-NI,Region Hannover,1157624.0,505.0
2020-03-21,3241,356.0,6.0,350.0,RKI,DE-NI,Region Hannover,1157624.0,505.0
2020-03-22,3241,360.0,6.0,354.0,RKI,DE-NI,Region Hannover,1157624.0,505.0
2020-03-23,3241,399.0,8.0,391.0,RKI,DE-NI,Region Hannover,1157624.0,505.0
2020-03-24,3241,468.0,9.0,459.0,RKI,DE-NI,Region Hannover,1157624.0,505.0
2020-03-25,3241,568.0,11.0,557.0,RKI,DE-NI,Region Hannover,1157624.0,505.0
2020-03-26,3241,651.0,12.0,639.0,RKI,DE-NI,Region Hannover,1157624.0,505.0
2020-03-27,3241,702.0,13.0,689.0,RKI,DE-NI,Region Hannover,1157624.0,505.0
2020-03-28,3241,748.0,14.0,734.0,RKI,DE-NI,Region Hannover,1157624.0,505.0
2020-03-29,3241,796.0,16.0,780.0,RKI,DE-NI,Region Hannover,1157624.0,505.0
2020-03-30,3241,856.0,17.0,839.0,RKI,DE-NI,Region Hannover,1157624.0,505.0
2020-03-31,3241,811.0,6.0,149.0,Tagesspiegel,DE-NI,Region Hannover,1157624.0,505.0
2020-04-01,3241,867.0,8.0,190.0,Tagesspiegel,DE-NI,Region Hannover,1157624.0,505.0
2020-04-02,3241,911.0,9.0,248.0,Tagesspiegel,DE-NI,Region Hannover,1157624.0,505.0
2020-04-03,3241,976.0,10.0,270.0,Tagesspiegel,DE-NI,Region Hannover,1157624.0,505.0
2020-04-04,3241,1039.0,11.0,270.0,Tagesspiegel,DE-NI,Region Hannover,1157624.0,505.0
2020-04-05,3241,1072.0,11.0,270.0,Tagesspiegel,DE-NI,Region Hannover,1157624.0,505.0
2020-04-06,3241,1110.0,14.0,366.0,Tagesspiegel,DE-NI,Region Hannover,1157624.0,505.0
2020-04-07,3241,1165.0,17.0,430.0,Tagesspiegel,DE-NI,Region Hannover,1157624.0,505.0
2020-04-08,3241,1234.0,17.0,475.0,Tagesspiegel,DE-NI,Region Hannover,1157624.0,505.0
2020-04-09,3241,1310.0,23.0,514.0,Tagesspiegel,DE-NI,Region Hannover,1157624.0,505.0
2020-04-10,3241,1389.0,23.0,514.0,Tagesspiegel,DE-NI,Region Hannover,1157624.0,505.0
2020-04-11,3241,1402.0,24.0,544.0,Tagesspiegel,DE-NI,Region Hannover,1157624.0,505.0
2020-04-12,3241,1454.0,25.0,544.0,Tagesspiegel,DE-NI,Region Hannover,1157624.0,505.0
2020-04-13,3241,1462.0,27.0,544.0,Tagesspiegel,DE-NI,Region Hannover,1157624.0,505.0
2020-04-14,3241,1482.0,31.0,614.0,Tagesspiegel,DE-NI,Region Hannover,1157624.0,505.0
2020-04-15,3241,1519.0,32.0,677.0,Tagesspiegel,DE-NI,Region Hannover,1157624.0,505.0
2020-04-16,3241,1541.0,35.0,705.0,Tagesspiegel,DE-NI,Region Hannover,1157624.0,505.0
2020-04-17,3241,1572.0,39.0,705.0,Tagesspiegel,DE-NI,Region Hannover,1157624.0,505.0
2020-04-18,3241,1619.0,43.0,705.0,Tagesspiegel,DE-NI,Region Hannover,1157624.0,505.0
2020-04-19,3241,1663.0,43.0,705.0,Tagesspiegel,DE-NI,Region Hannover,1157624.0,505.0
2020-04-20,3241,1694.0,47.0,779.0,Tagesspiegel,DE-NI,Region Hannover,1157624.0,505.0
2020-04-21,3241,1711.0,49.0,830.0,Tagesspiegel,DE-NI,Region Hannover,1157624.0,505.0
2020-04-22,3241,1719.0,52.0,857.0,Tagesspiegel,DE-NI,Region Hannover,1157624.0,505.0
2020-04-23,3241,1749.0,54.0,889.0,Tagesspiegel,DE-NI,Region Hannover,1157624.0,505.0
2020-04-24,3241,1793.0,60.0,922.0,Tagesspiegel,DE-NI,Region Hannover,1157624.0,505.0
2020-04-25,3241,1819.0,63.0,922.0,Tagesspiegel,DE-NI,Region Hannover,1157624.0,505.0
2020-04-26,3241,1847.0,63.0,922.0,Tagesspiegel,DE-NI,Region Hannover,1157624.0,505.0
2020-04-27,3241,1864.0,64.0,952.0,Tagesspiegel,DE-NI,Region Hannover,1157624.0,505.0
2020-04-28,3241,1877.0,67.0,998.0,Tagesspiegel,DE-NI,Region Hannover,1157624.0,505.0
2020-04-29,3241,1887.0,68.0,1031.0,Tagesspiegel,DE-NI,Region Hannover,1157624.0,505.0
2020-04-30,3241,1912.0,70.0,1049.0,Tagesspiegel,DE-NI,Region Hannover,1157624.0,505.0
2020-05-01,3241,1931.0,73.0,1049.0,Tagesspiegel,DE-NI,Region Hannover,1157624.0,505.0
2020-05-02,3241,1964.0,73.0,1049.0,Tagesspiegel,DE-NI,Region Hannover,1157624.0,505.0
2020-05-03,3241,1979.0,75.0,1049.0,Tagesspiegel,DE-NI,Region Hannover,1157624.0,505.0
2020-05-04,3241,1989.0,75.0,1097.0,Tagesspiegel,DE-NI,Region Hannover,1157624.0,505.0
2020-05-05,3241,1989.0,76.0,1097.0,Tagesspiegel,DE-NI,Region Hannover,1157624.0,505.0
2020-05-06,3241,2004.0,80.0,1156.0,Tagesspiegel,DE-NI,Region Hannover,1157624.0,505.0
2020-05-07,3241,2019.0,81.0,1198.0,Tagesspiegel,DE-NI,Region Hannover,1157624.0,505.0
2020-05-08,3241,2044.0,81.0,1758.0,Tagesspiegel,DE-NI,Region Hannover,1157624.0,505.0
2020-05-09,3241,2070.0,81.0,1758.0,Tagesspiegel,DE-NI,Region Hannover,1157624.0,505.0
2020-05-10,3241,2095.0,81.0,1758.0,Tagesspiegel,DE-NI,Region Hannover,1157624.0,505.0
2020-05-11,3241,2109.0,85.0,1812.0,Tagesspiegel,DE-NI,Region Hannover,1157624.0,505.0
2020-05-12,3241,2095.0,89.0,1816.0,Tagesspiegel,DE-NI,Region Hannover,1157624.0,505.0
2020-05-13,3241,2110.0,92.0,1842.0,Tagesspiegel,DE-NI,Region Hannover,1157624.0,505.0
2020-05-14,3241,2136.0,93.0,1859.0,Tagesspiegel,DE-NI,Region Hannover,1157624.0,505.0
2020-05-15,3241,2150.0,94.0,1894.0,Tagesspiegel,DE-NI,Region Hannover,1157624.0,505.0
2020-05-16,3241,2155.0,94.0,1894.0,Tagesspiegel,DE-NI,Region Hannover,1157624.0,505.0
2020-05-17,3241,2155.0,94.0,1894.0,Tagesspiegel,DE-NI,Region Hannover,1157624.0,505.0
2020-05-18,3241,2155.0,98.0,1893.0,Tagesspiegel,DE-NI,Region Hannover,1157624.0,505.0
2020-05-19,3241,2173.0,98.0,1906.0,Tagesspiegel,DE-NI,Region Hannover,1157624.0,505.0
2020-05-20,3241,2180.0,100.0,1919.0,Tagesspiegel,DE-NI,Region Hannover,1157624.0,505.0
2020-05-21,3241,2186.0,100.0,1919.0,Tagesspiegel,DE-NI,Region Hannover,1157624.0,505.0
2020-05-22,3241,2186.0,100.0,1970.0,Tagesspiegel,DE-NI,Region Hannover,1157624.0,505.0
2020-05-23,3241,2227.0,100.0,1970.0,Tagesspiegel,DE-NI,Region Hannover,1157624.0,505.0
2020-05-24,3241,2227.0,100.0,1970.0,Tagesspiegel,DE-NI,Region Hannover,1157624.0,505.0
2020-05-25,3241,2227.0,100.0,1970.0,Tagesspiegel,DE-NI,Region Hannover,1157624.0,505.0
2020-05-26,3241,2246.0,105.0,2005.0,Tagesspiegel,DE-NI,Region Hannover,1157624.0,505.0
2020-05-27,3241,2266.0,105.0,2031.0,Tagesspiegel,DE-NI,Region Hannover,1157624.0,505.0
2020-05-28,3241,2302.0,107.0,2043.0,Tagesspiegel,DE-NI,Region Hannover,1157624.0,505.0
2020-05-29,3241,2345.0,107.0,2048.0,Tagesspiegel,DE-NI,Region Hannover,1157624.0,505.0
2020-05-30,3241,2383.0,107.0,2048.0,Tagesspiegel,DE-NI,Region Hannover,1157624.0,505.0
2020-05-31,3241,2403.0,107.0,2048.0,Tagesspiegel,DE-NI,Region Hannover,1157624.0,505.0
2020-06-01,3241,2421.0,107.0,2048.0,Tagesspiegel,DE-NI,Region Hannover,1157624.0,505.0
2020-06-02,3241,2425.0,107.0,2073.0,Tagesspiegel,DE-NI,Region Hannover,1157624.0,505.0
2020-06-03,3241,2436.0,107.0,2079.0,Tagesspiegel,DE-NI,Region Hannover,1157624.0,505.0
2020-06-04,3241,2446.0,111.0,2104.0,Tagesspiegel,DE-NI,Region Hannover,1157624.0,505.0
2020-06-05,3241,2483.0,111.0,2116.0,Tagesspiegel,DE-NI,Region Hannover,1157624.0,505.0
2020-06-06,3241,2517.0,111.0,2116.0,Tagesspiegel,DE-NI,Region Hannover,1157624.0,505.0
2020-06-07,3241,2517.0,111.0,2116.0,Tagesspiegel,DE-NI,Region Hannover,1157624.0,505.0
2020-06-08,3241,2517.0,112.0,2134.0,Tagesspiegel,DE-NI,Region Hannover,1157624.0,505.0
2020-06-09,3241,2550.0,112.0,2154.0,Tagesspiegel,DE-NI,Region Hannover,1157624.0,505.0
2020-06-10,3241,2572.0,112.0,2190.0,Tagesspiegel,DE-NI,Region Hannover,1157624.0,505.0
2020-06-11,3241,2612.0,112.0,2233.0,Tagesspiegel,DE-NI,Region Hannover,1157624.0,505.0
2020-06-12,3241,2637.0,112.0,2271.0,Tagesspiegel,DE-NI,Region Hannover,1157624.0,505.0
2020-06-13,3241,2651.0,112.0,2271.0,Tagesspiegel,DE-NI,Region Hannover,1157624.0,505.0
2020-06-14,3241,2659.0,112.0,2271.0,Tagesspiegel,DE-NI,Region Hannover,1157624.0,505.0
2020-06-15,3241,2675.0,112.0,2310.0,Tagesspiegel,DE-NI,Region Hannover,1157624.0,505.0
2020-06-16,3241,2675.0,112.0,2313.0,Tagesspiegel,DE-NI,Region Hannover,1157624.0,505.0
2020-06-17,3241,2692.0,114.0,2332.0,Tagesspiegel,DE-NI,Region Hannover,1157624.0,505.0
2020-06-18,3241,2708.0,114.0,2369.0,Tagesspiegel,DE-NI,Region Hannover,1157624.0,505.0
2020-06-19,3241,2719.0,114.0,2403.0,Tagesspiegel,DE-NI,Region Hannover,1157624.0,505.0
2020-06-20,3241,2733.0,114.0,2403.0,Tagesspiegel,DE-NI,Region Hannover,1157624.0,505.0
2020-06-21,3241,2733.0,114.0,2403.0,Tagesspiegel,DE-NI,Region Hannover,1157624.0,505.0
2020-06-22,3241,2733.0,114.0,2436.0,Tagesspiegel,DE-NI,Region Hannover,1157624.0,505.0
2020-06-23,3241,2755.0,114.0,2458.0,Tagesspiegel,DE-NI,Region Hannover,1157624.0,505.0
2020-06-24,3241,2760.0,114.0,2498.0,Tagesspiegel,DE-NI,Region Hannover,1157624.0,505.0
2020-06-25,3241,2767.0,114.0,2523.0,Tagesspiegel,DE-NI,Region Hannover,1157624.0,505.0
2020-06-26,3241,2772.0,116.0,2537.0,Tagesspiegel,DE-NI,Region Hannover,1157624.0,505.0
2020-06-28,3241,2775.0,116.0,2537.0,Tagesspiegel,DE-NI,Region Hannover,1157624.0,505.0
2020-06-29,3241,2775.0,116.0,2558.0,Tagesspiegel,DE-NI,Region Hannover,1157624.0,505.0
2020-06-30,3241,2778.0,116.0,2576.0,Tagesspiegel,DE-NI,Region Hannover,1157624.0,505.0
2020-07-01,3241,2783.0,116.0,2592.0,Tagesspiegel,DE-NI,Region Hannover,1157624.0,505.0
2020-07-02,3241,2786.0,116.0,2603.0,Tagesspiegel,DE-NI,Region Hannover,1157624.0,505.0
2020-07-03,3241,2789.0,117.0,2611.0,Tagesspiegel,DE-NI,Region Hannover,1157624.0,505.0
2020-07-07,3241,2789.0,117.0,2638.0,Tagesspiegel,DE-NI,Region Hannover,1157624.0,505.0
2020-07-08,3241,2789.0,117.0,2650.0,Tagesspiegel,DE-NI,Region Hannover,1157624.0,505.0
2020-07-09,3241,2792.0,117.0,2650.0,Tagesspiegel,DE-NI,Region Hannover,1157624.0,505.0
2020-07-10,3241,2794.0,118.0,2652.0,Tagesspiegel,DE-NI,Region Hannover,1157624.0,505.0
2020-07-14,3241,2797.0,119.0,2654.0,Tagesspiegel,DE-NI,Region Hannover,1157624.0,505.0
2020-03-11,3251,9.0,0.0,9.0,RKI,DE-NI,Diepholz,216886.0,109.0
2020-03-12,3251,12.0,0.0,12.0,RKI,DE-NI,Diepholz,216886.0,109.0
2020-03-13,3251,14.0,0.0,14.0,RKI,DE-NI,Diepholz,216886.0,109.0
2020-03-15,3251,16.0,0.0,16.0,RKI,DE-NI,Diepholz,216886.0,109.0
2020-03-16,3251,17.0,0.0,17.0,RKI,DE-NI,Diepholz,216886.0,109.0
2020-03-18,3251,22.0,0.0,22.0,RKI,DE-NI,Diepholz,216886.0,109.0
2020-03-19,3251,28.0,0.0,28.0,RKI,DE-NI,Diepholz,216886.0,109.0
2020-03-20,3251,46.0,0.0,46.0,RKI,DE-NI,Diepholz,216886.0,109.0
2020-03-22,3251,50.0,0.0,50.0,RKI,DE-NI,Diepholz,216886.0,109.0
2020-03-23,3251,62.0,0.0,62.0,RKI,DE-NI,Diepholz,216886.0,109.0
2020-03-24,3251,72.0,0.0,72.0,RKI,DE-NI,Diepholz,216886.0,109.0
2020-03-25,3251,73.0,1.0,72.0,RKI,DE-NI,Diepholz,216886.0,109.0
2020-03-26,3251,79.0,2.0,77.0,RKI,DE-NI,Diepholz,216886.0,109.0
2020-03-27,3251,85.0,3.0,82.0,RKI,DE-NI,Diepholz,216886.0,109.0
2020-03-28,3251,87.0,3.0,84.0,RKI,DE-NI,Diepholz,216886.0,109.0
2020-03-29,3251,88.0,3.0,85.0,RKI,DE-NI,Diepholz,216886.0,109.0
2020-03-30,3251,126.0,2.0,62.0,Tagesspiegel,DE-NI,Diepholz,216886.0,109.0
2020-03-31,3251,138.0,3.0,86.0,Tagesspiegel,DE-NI,Diepholz,216886.0,109.0
2020-04-01,3251,154.0,3.0,72.0,Tagesspiegel,DE-NI,Diepholz,216886.0,109.0
2020-04-02,3251,166.0,3.0,73.0,Tagesspiegel,DE-NI,Diepholz,216886.0,109.0
2020-04-03,3251,184.0,4.0,78.0,Tagesspiegel,DE-NI,Diepholz,216886.0,109.0
2020-04-04,3251,204.0,4.0,78.0,Tagesspiegel,DE-NI,Diepholz,216886.0,109.0
2020-04-05,3251,211.0,4.0,78.0,Tagesspiegel,DE-NI,Diepholz,216886.0,109.0
2020-04-06,3251,221.0,6.0,87.0,Tagesspiegel,DE-NI,Diepholz,216886.0,109.0
2020-04-07,3251,222.0,7.0,93.0,Tagesspiegel,DE-NI,Diepholz,216886.0,109.0
2020-04-08,3251,233.0,8.0,98.0,Tagesspiegel,DE-NI,Diepholz,216886.0,109.0
2020-04-09,3251,247.0,8.0,140.0,Tagesspiegel,DE-NI,Diepholz,216886.0,109.0
2020-04-10,3251,255.0,8.0,140.0,Tagesspiegel,DE-NI,Diepholz,216886.0,109.0
2020-04-11,3251,255.0,9.0,149.0,Tagesspiegel,DE-NI,Diepholz,216886.0,109.0
2020-04-12,3251,264.0,9.0,149.0,Tagesspiegel,DE-NI,Diepholz,216886.0,109.0
2020-04-13,3251,264.0,11.0,166.0,Tagesspiegel,DE-NI,Diepholz,216886.0,109.0
2020-04-14,3251,274.0,12.0,176.0,Tagesspiegel,DE-NI,Diepholz,216886.0,109.0
2020-04-15,3251,279.0,14.0,197.0,Tagesspiegel,DE-NI,Diepholz,216886.0,109.0
2020-04-16,3251,287.0,14.0,203.0,Tagesspiegel,DE-NI,Diepholz,216886.0,109.0
2020-04-17,3251,291.0,16.0,211.0,Tagesspiegel,DE-NI,Diepholz,216886.0,109.0
2020-04-18,3251,295.0,16.0,211.0,Tagesspiegel,DE-NI,Diepholz,216886.0,109.0
2020-04-19,3251,299.0,18.0,211.0,Tagesspiegel,DE-NI,Diepholz,216886.0,109.0
2020-04-20,3251,299.0,18.0,226.0,Tagesspiegel,DE-NI,Diepholz,216886.0,109.0
2020-04-21,3251,310.0,20.0,235.0,Tagesspiegel,DE-NI,Diepholz,216886.0,109.0
2020-04-23,3251,317.0,21.0,241.0,Tagesspiegel,DE-NI,Diepholz,216886.0,109.0
2020-04-24,3251,323.0,21.0,244.0,Tagesspiegel,DE-NI,Diepholz,216886.0,109.0
2020-04-26,3251,334.0,22.0,244.0,Tagesspiegel,DE-NI,Diepholz,216886.0,109.0
2020-04-27,3251,334.0,22.0,256.0,Tagesspiegel,DE-NI,Diepholz,216886.0,109.0
2020-04-28,3251,338.0,22.0,263.0,Tagesspiegel,DE-NI,Diepholz,216886.0,109.0
2020-04-30,3251,341.0,23.0,270.0,Tagesspiegel,DE-NI,Diepholz,216886.0,109.0
2020-05-01,3251,344.0,23.0,270.0,Tagesspiegel,DE-NI,Diepholz,216886.0,109.0
2020-05-02,3251,344.0,23.0,270.0,Tagesspiegel,DE-NI,Diepholz,216886.0,109.0
2020-05-04,3251,349.0,23.0,280.0,Tagesspiegel,DE-NI,Diepholz,216886.0,109.0
2020-05-05,3251,352.0,23.0,280.0,Tagesspiegel,DE-NI,Diepholz,216886.0,109.0
2020-05-06,3251,354.0,23.0,283.0,Tagesspiegel,DE-NI,Diepholz,216886.0,109.0
2020-05-08,3251,358.0,24.0,291.0,Tagesspiegel,DE-NI,Diepholz,216886.0,109.0
2020-05-11,3251,361.0,24.0,291.0,Tagesspiegel,DE-NI,Diepholz,216886.0,109.0
2020-05-13,3251,363.0,25.0,307.0,Tagesspiegel,DE-NI,Diepholz,216886.0,109.0
2020-05-19,3251,366.0,25.0,330.0,Tagesspiegel,DE-NI,Diepholz,216886.0,109.0
2020-05-20,3251,367.0,25.0,330.0,Tagesspiegel,DE-NI,Diepholz,216886.0,109.0
2020-05-22,3251,369.0,25.0,331.0,Tagesspiegel,DE-NI,Diepholz,216886.0,109.0
2020-05-25,3251,371.0,25.0,331.0,Tagesspiegel,DE-NI,Diepholz,216886.0,109.0
2020-05-29,3251,373.0,26.0,339.0,Tagesspiegel,DE-NI,Diepholz,216886.0,109.0
2020-06-02,3251,377.0,26.0,346.0,Tagesspiegel,DE-NI,Diepholz,216886.0,109.0
2020-06-03,3251,378.0,26.0,346.0,Tagesspiegel,DE-NI,Diepholz,216886.0,109.0
2020-06-05,3251,381.0,26.0,347.0,Tagesspiegel,DE-NI,Diepholz,216886.0,109.0
2020-06-08,3251,381.0,26.0,347.0,Tagesspiegel,DE-NI,Diepholz,216886.0,109.0
2020-06-12,3251,385.0,26.0,352.0,Tagesspiegel,DE-NI,Diepholz,216886.0,109.0
2020-06-15,3251,386.0,26.0,354.0,Tagesspiegel,DE-NI,Diepholz,216886.0,109.0
2020-06-17,3251,393.0,26.0,355.0,Tagesspiegel,DE-NI,Diepholz,216886.0,109.0
2020-06-22,3251,394.0,26.0,358.0,Tagesspiegel,DE-NI,Diepholz,216886.0,109.0
2020-06-24,3251,396.0,26.0,358.0,Tagesspiegel,DE-NI,Diepholz,216886.0,109.0
2020-06-25,3251,404.0,26.0,366.0,Tagesspiegel,DE-NI,Diepholz,216886.0,109.0
2020-06-29,3251,404.0,26.0,368.0,Tagesspiegel,DE-NI,Diepholz,216886.0,109.0
2020-06-30,3251,406.0,26.0,368.0,Tagesspiegel,DE-NI,Diepholz,216886.0,109.0
2020-07-01,3251,407.0,26.0,369.0,Tagesspiegel,DE-NI,Diepholz,216886.0,109.0
2020-07-02,3251,408.0,26.0,369.0,Tagesspiegel,DE-NI,Diepholz,216886.0,109.0
2020-07-03,3251,411.0,26.0,371.0,Tagesspiegel,DE-NI,Diepholz,216886.0,109.0
2020-07-06,3251,411.0,26.0,376.0,Tagesspiegel,DE-NI,Diepholz,216886.0,109.0
2020-07-08,3251,418.0,26.0,379.0,Tagesspiegel,DE-NI,Diepholz,216886.0,109.0
2020-07-09,3251,419.0,26.0,380.0,Tagesspiegel,DE-NI,Diepholz,216886.0,109.0
2020-07-10,3251,420.0,26.0,382.0,Tagesspiegel,DE-NI,Diepholz,216886.0,109.0
2020-07-13,3251,420.0,26.0,385.0,Tagesspiegel,DE-NI,Diepholz,216886.0,109.0
2020-07-14,3251,425.0,26.0,387.0,Tagesspiegel,DE-NI,Diepholz,216886.0,109.0
2020-07-15,3251,427.0,26.0,387.0,Tagesspiegel,DE-NI,Diepholz,216886.0,109.0
2020-07-16,3251,429.0,26.0,393.0,Tagesspiegel,DE-NI,Diepholz,216886.0,109.0
2020-03-06,5111,1.0,0.0,1.0,RKI,DE-NW,Düsseldorf,619294.0,2848.0
2020-03-09,5111,2.0,0.0,2.0,RKI,DE-NW,Düsseldorf,619294.0,2848.0
2020-03-10,5111,2.0,0.0,2.0,RKI,DE-NW,Düsseldorf,619294.0,2848.0
2020-03-11,5111,2.0,0.0,2.0,RKI,DE-NW,Düsseldorf,619294.0,2848.0
2020-03-13,5111,18.0,0.0,18.0,RKI,DE-NW,Düsseldorf,619294.0,2848.0
2020-03-16,5111,59.0,0.0,59.0,RKI,DE-NW,Düsseldorf,619294.0,2848.0
2020-03-17,5111,118.0,0.0,118.0,RKI,DE-NW,Düsseldorf,619294.0,2848.0
2020-03-18,5111,153.0,0.0,153.0,RKI,DE-NW,Düsseldorf,619294.0,2848.0
2020-03-19,5111,174.0,0.0,174.0,RKI,DE-NW,Düsseldorf,619294.0,2848.0
2020-03-20,5111,190.0,1.0,189.0,RKI,DE-NW,Düsseldorf,619294.0,2848.0
2020-03-23,5111,235.0,4.0,231.0,RKI,DE-NW,Düsseldorf,619294.0,2848.0
2020-03-24,5111,256.0,5.0,251.0,RKI,DE-NW,Düsseldorf,619294.0,2848.0
2020-03-25,5111,274.0,7.0,267.0,RKI,DE-NW,Düsseldorf,619294.0,2848.0
2020-03-26,5111,300.0,8.0,292.0,RKI,DE-NW,Düsseldorf,619294.0,2848.0
2020-03-27,5111,321.0,9.0,312.0,RKI,DE-NW,Düsseldorf,619294.0,2848.0
2020-03-28,5111,337.0,11.0,326.0,RKI,DE-NW,Düsseldorf,619294.0,2848.0
2020-03-29,5111,340.0,11.0,329.0,RKI,DE-NW,Düsseldorf,619294.0,2848.0
2020-03-30,5111,361.0,4.0,54.0,Tagesspiegel,DE-NW,Düsseldorf,619294.0,2848.0
2020-03-31,5111,412.0,4.0,107.0,Tagesspiegel,DE-NW,Düsseldorf,619294.0,2848.0
2020-04-01,5111,460.0,4.0,107.0,Tagesspiegel,DE-NW,Düsseldorf,619294.0,2848.0
2020-04-02,5111,496.0,4.0,171.0,Tagesspiegel,DE-NW,Düsseldorf,619294.0,2848.0
2020-04-03,5111,543.0,4.0,226.0,Tagesspiegel,DE-NW,Düsseldorf,619294.0,2848.0
2020-04-04,5111,575.0,4.0,226.0,Tagesspiegel,DE-NW,Düsseldorf,619294.0,2848.0
2020-04-05,5111,575.0,5.0,241.0,Tagesspiegel,DE-NW,Düsseldorf,619294.0,2848.0
2020-04-06,5111,595.0,7.0,241.0,Tagesspiegel,DE-NW,Düsseldorf,619294.0,2848.0
2020-04-07,5111,649.0,7.0,279.0,Tagesspiegel,DE-NW,Düsseldorf,619294.0,2848.0
2020-04-08,5111,681.0,9.0,291.0,Tagesspiegel,DE-NW,Düsseldorf,619294.0,2848.0
2020-04-09,5111,719.0,9.0,316.0,Tagesspiegel,DE-NW,Düsseldorf,619294.0,2848.0
2020-04-10,5111,737.0,9.0,338.0,Tagesspiegel,DE-NW,Düsseldorf,619294.0,2848.0
2020-04-11,5111,750.0,9.0,362.0,Tagesspiegel,DE-NW,Düsseldorf,619294.0,2848.0
2020-04-12,5111,760.0,10.0,382.0,Tagesspiegel,DE-NW,Düsseldorf,619294.0,2848.0
2020-04-13,5111,771.0,13.0,390.0,Tagesspiegel,DE-NW,Düsseldorf,619294.0,2848.0
2020-04-14,5111,788.0,13.0,390.0,Tagesspiegel,DE-NW,Düsseldorf,619294.0,2848.0
2020-04-15,5111,806.0,14.0,458.0,Tagesspiegel,DE-NW,Düsseldorf,619294.0,2848.0
2020-04-16,5111,837.0,14.0,485.0,Tagesspiegel,DE-NW,Düsseldorf,619294.0,2848.0
2020-04-17,5111,858.0,14.0,531.0,Tagesspiegel,DE-NW,Düsseldorf,619294.0,2848.0
2020-04-18,5111,877.0,14.0,562.0,Tagesspiegel,DE-NW,Düsseldorf,619294.0,2848.0
2020-04-19,5111,888.0,14.0,572.0,Tagesspiegel,DE-NW,Düsseldorf,619294.0,2848.0
2020-04-20,5111,911.0,16.0,581.0,Tagesspiegel,DE-NW,Düsseldorf,619294.0,2848.0
2020-04-21,5111,927.0,17.0,635.0,Tagesspiegel,DE-NW,Düsseldorf,619294.0,2848.0
2020-04-22,5111,939.0,19.0,657.0,Tagesspiegel,DE-NW,Düsseldorf,619294.0,2848.0
2020-04-23,5111,949.0,22.0,700.0,Tagesspiegel,DE-NW,Düsseldorf,619294.0,2848.0
2020-04-24,5111,959.0,22.0,722.0,Tagesspiegel,DE-NW,Düsseldorf,619294.0,2848.0
2020-04-25,5111,966.0,22.0,726.0,Tagesspiegel,DE-NW,Düsseldorf,619294.0,2848.0
2020-04-26,5111,970.0,23.0,737.0,Tagesspiegel,DE-NW,Düsseldorf,619294.0,2848.0
2020-04-27,5111,980.0,24.0,766.0,Tagesspiegel,DE-NW,Düsseldorf,619294.0,2848.0
2020-04-28,5111,1003.0,24.0,766.0,Tagesspiegel,DE-NW,Düsseldorf,619294.0,2848.0
2020-04-29,5111,1017.0,24.0,786.0,Tagesspiegel,DE-NW,Düsseldorf,619294.0,2848.0
2020-04-30,5111,1029.0,24.0,817.0,Tagesspiegel,DE-NW,Düsseldorf,619294.0,2848.0
2020-05-01,5111,1050.0,24.0,833.0,Tagesspiegel,DE-NW,Düsseldorf,619294.0,2848.0
2020-05-02,5111,1060.0,24.0,852.0,Tagesspiegel,DE-NW,Düsseldorf,619294.0,2848.0
2020-05-03,5111,1074.0,24.0,878.0,Tagesspiegel,DE-NW,Düsseldorf,619294.0,2848.0
2020-05-04,5111,1089.0,24.0,885.0,Tagesspiegel,DE-NW,Düsseldorf,619294.0,2848.0
2020-05-05,5111,1089.0,24.0,885.0,Tagesspiegel,DE-NW,Düsseldorf,619294.0,2848.0
2020-05-06,5111,1113.0,25.0,943.0,Tagesspiegel,DE-NW,Düsseldorf,619294.0,2848.0
2020-05-07,5111,1147.0,26.0,924.0,Tagesspiegel,DE-NW,Düsseldorf,619294.0,2848.0
2020-05-08,5111,1156.0,27.0,933.0,Tagesspiegel,DE-NW,Düsseldorf,619294.0,2848.0
2020-05-09,5111,1163.0,27.0,939.0,Tagesspiegel,DE-NW,Düsseldorf,619294.0,2848.0
2020-05-10,5111,1177.0,27.0,943.0,Tagesspiegel,DE-NW,Düsseldorf,619294.0,2848.0
2020-05-11,5111,1177.0,27.0,952.0,Tagesspiegel,DE-NW,Düsseldorf,619294.0,2848.0
2020-05-12,5111,1199.0,28.0,974.0,Tagesspiegel,DE-NW,Düsseldorf,619294.0,2848.0
2020-05-13,5111,1204.0,28.0,974.0,Tagesspiegel,DE-NW,Düsseldorf,619294.0,2848.0
2020-05-14,5111,1229.0,28.0,999.0,Tagesspiegel,DE-NW,Düsseldorf,619294.0,2848.0
2020-05-15,5111,1251.0,28.0,999.0,Tagesspiegel,DE-NW,Düsseldorf,619294.0,2848.0
2020-05-16,5111,1259.0,30.0,1028.0,Tagesspiegel,DE-NW,Düsseldorf,619294.0,2848.0
2020-05-17,5111,1269.0,30.0,1039.0,Tagesspiegel,DE-NW,Düsseldorf,619294.0,2848.0
2020-05-18,5111,1278.0,30.0,1054.0,Tagesspiegel,DE-NW,Düsseldorf,619294.0,2848.0
2020-05-19,5111,1283.0,30.0,1056.0,Tagesspiegel,DE-NW,Düsseldorf,619294.0,2848.0
2020-05-20,5111,1292.0,30.0,1056.0,Tagesspiegel,DE-NW,Düsseldorf,619294.0,2848.0
2020-05-21,5111,1314.0,30.0,1115.0,Tagesspiegel,DE-NW,Düsseldorf,619294.0,2848.0
2020-05-22,5111,1324.0,30.0,1124.0,Tagesspiegel,DE-NW,Düsseldorf,619294.0,2848.0
2020-05-23,5111,1339.0,30.0,1124.0,Tagesspiegel,DE-NW,Düsseldorf,619294.0,2848.0
2020-05-24,5111,1341.0,30.0,1130.0,Tagesspiegel,DE-NW,Düsseldorf,619294.0,2848.0
2020-05-25,5111,1376.0,30.0,1142.0,Tagesspiegel,DE-NW,Düsseldorf,619294.0,2848.0
2020-05-26,5111,1384.0,30.0,1164.0,Tagesspiegel,DE-NW,Düsseldorf,619294.0,2848.0
2020-05-27,5111,1394.0,30.0,1169.0,Tagesspiegel,DE-NW,Düsseldorf,619294.0,2848.0
2020-05-28,5111,1411.0,30.0,1200.0,Tagesspiegel,DE-NW,Düsseldorf,619294.0,2848.0
2020-05-29,5111,1420.0,30.0,1216.0,Tagesspiegel,DE-NW,Düsseldorf,619294.0,2848.0
2020-05-30,5111,1430.0,30.0,1227.0,Tagesspiegel,DE-NW,Düsseldorf,619294.0,2848.0
2020-05-31,5111,1440.0,31.0,1237.0,Tagesspiegel,DE-NW,Düsseldorf,619294.0,2848.0
2020-06-01,5111,1444.0,31.0,1246.0,Tagesspiegel,DE-NW,Düsseldorf,619294.0,2848.0
2020-06-03,5111,1448.0,31.0,1265.0,Tagesspiegel,DE-NW,Düsseldorf,619294.0,2848.0
2020-06-04,5111,1456.0,32.0,1285.0,Tagesspiegel,DE-NW,Düsseldorf,619294.0,2848.0
2020-06-05,5111,1466.0,33.0,1306.0,Tagesspiegel,DE-NW,Düsseldorf,619294.0,2848.0
2020-06-06,5111,1479.0,33.0,1308.0,Tagesspiegel,DE-NW,Düsseldorf,619294.0,2848.0
2020-06-08,5111,1488.0,33.0,1327.0,Tagesspiegel,DE-NW,Düsseldorf,619294.0,2848.0
2020-06-09,5111,1496.0,33.0,1350.0,Tagesspiegel,DE-NW,Düsseldorf,619294.0,2848.0
2020-06-10,5111,1522.0,33.0,1364.0,Tagesspiegel,DE-NW,Düsseldorf,619294.0,2848.0
2020-06-11,5111,1524.0,33.0,1380.0,Tagesspiegel,DE-NW,Düsseldorf,619294.0,2848.0
2020-06-12,5111,1531.0,33.0,1386.0,Tagesspiegel,DE-NW,Düsseldorf,619294.0,2848.0
2020-06-14,5111,1538.0,33.0,1405.0,Tagesspiegel,DE-NW,Düsseldorf,619294.0,2848.0
2020-06-15,5111,1552.0,33.0,1410.0,Tagesspiegel,DE-NW,Düsseldorf,619294.0,2848.0
2020-06-16,5111,1559.0,36.0,1410.0,Tagesspiegel,DE-NW,Düsseldorf,619294.0,2848.0
2020-06-17,5111,1570.0,36.0,1410.0,Tagesspiegel,DE-NW,Düsseldorf,619294.0,2848.0
2020-06-18,5111,1599.0,36.0,1421.0,Tagesspiegel,DE-NW,Düsseldorf,619294.0,2848.0
2020-06-19,5111,1614.0,36.0,1429.0,Tagesspiegel,DE-NW,Düsseldorf,619294.0,2848.0
2020-06-20,5111,1634.0,36.0,1442.0,Tagesspiegel,DE-NW,Düsseldorf,619294.0,2848.0
2020-06-21,5111,1650.0,36.0,1451.0,Tagesspiegel,DE-NW,Düsseldorf,619294.0,2848.0
2020-06-22,5111,1655.0,36.0,1451.0,Tagesspiegel,DE-NW,Düsseldorf,619294.0,2848.0
2020-06-23,5111,1672.0,36.0,1459.0,Tagesspiegel,DE-NW,Düsseldorf,619294.0,2848.0
2020-06-24,5111,1683.0,36.0,1486.0,Tagesspiegel,DE-NW,Düsseldorf,619294.0,2848.0
2020-06-25,5111,1721.0,37.0,1488.0,Tagesspiegel,DE-NW,Düsseldorf,619294.0,2848.0
2020-06-26,5111,1737.0,37.0,1494.0,Tagesspiegel,DE-NW,Düsseldorf,619294.0,2848.0
2020-06-27,5111,1769.0,37.0,1494.0,Tagesspiegel,DE-NW,Düsseldorf,619294.0,2848.0
2020-06-28,5111,1769.0,37.0,1494.0,Tagesspiegel,DE-NW,Düsseldorf,619294.0,2848.0
2020-06-29,5111,1769.0,37.0,1515.0,Tagesspiegel,DE-NW,Düsseldorf,619294.0,2848.0
2020-06-30,5111,1796.0,37.0,1522.0,Tagesspiegel,DE-NW,Düsseldorf,619294.0,2848.0
2020-07-01,5111,1813.0,37.0,1542.0,Tagesspiegel,DE-NW,Düsseldorf,619294.0,2848.0
2020-07-02,5111,1854.0,37.0,1561.0,Tagesspiegel,DE-NW,Düsseldorf,619294.0,2848.0
2020-07-03,5111,1889.0,37.0,1598.0,Tagesspiegel,DE-NW,Düsseldorf,619294.0,2848.0
2020-07-04,5111,1912.0,37.0,1598.0,Tagesspiegel,DE-NW,Düsseldorf,619294.0,2848.0
2020-07-05,5111,1923.0,39.0,1611.0,Tagesspiegel,DE-NW,Düsseldorf,619294.0,2848.0
2020-07-06,5111,1936.0,39.0,1616.0,Tagesspiegel,DE-NW,Düsseldorf,619294.0,2848.0
2020-07-07,5111,1938.0,40.0,1651.0,Tagesspiegel,DE-NW,Düsseldorf,619294.0,2848.0
2020-07-08,5111,1953.0,42.0,1654.0,Tagesspiegel,DE-NW,Düsseldorf,619294.0,2848.0
2020-07-09,5111,1961.0,42.0,1681.0,Tagesspiegel,DE-NW,Düsseldorf,619294.0,2848.0
2020-07-10,5111,1964.0,42.0,1699.0,Tagesspiegel,DE-NW,Düsseldorf,619294.0,2848.0
2020-07-12,5111,1969.0,42.0,1732.0,Tagesspiegel,DE-NW,Düsseldorf,619294.0,2848.0
2020-07-13,5111,1973.0,42.0,1742.0,Tagesspiegel,DE-NW,Düsseldorf,619294.0,2848.0
2020-07-14,5111,1976.0,42.0,1755.0,Tagesspiegel,DE-NW,Düsseldorf,619294.0,2848.0
2020-07-15,5111,1979.0,42.0,1755.0,Tagesspiegel,DE-NW,Düsseldorf,619294.0,2848.0
2020-07-16,5111,1983.0,42.0,1814.0,Tagesspiegel,DE-NW,Düsseldorf,619294.0,2848.0
2020-03-04,5112,0.0,0.0,0.0,RKI,DE-NW,Duisburg,498590.0,2142.0
2020-03-06,5112,0.0,0.0,0.0,RKI,DE-NW,Duisburg,498590.0,2142.0
2020-03-10,5112,4.0,0.0,4.0,RKI,DE-NW,Duisburg,498590.0,2142.0
2020-03-11,5112,4.0,0.0,4.0,RKI,DE-NW,Duisburg,498590.0,2142.0
2020-03-12,5112,4.0,0.0,4.0,RKI,DE-NW,Duisburg,498590.0,2142.0
2020-03-13,5112,7.0,0.0,7.0,RKI,DE-NW,Duisburg,498590.0,2142.0
2020-03-16,5112,29.0,0.0,29.0,RKI,DE-NW,Duisburg,498590.0,2142.0
2020-03-17,5112,40.0,1.0,39.0,RKI,DE-NW,Duisburg,498590.0,2142.0
2020-03-18,5112,46.0,1.0,45.0,RKI,DE-NW,Duisburg,498590.0,2142.0
2020-03-19,5112,63.0,1.0,62.0,RKI,DE-NW,Duisburg,498590.0,2142.0
2020-03-20,5112,79.0,1.0,78.0,RKI,DE-NW,Duisburg,498590.0,2142.0
2020-03-21,5112,104.0,2.0,102.0,RKI,DE-NW,Duisburg,498590.0,2142.0
2020-03-22,5112,119.0,2.0,117.0,RKI,DE-NW,Duisburg,498590.0,2142.0
2020-03-23,5112,133.0,3.0,130.0,RKI,DE-NW,Duisburg,498590.0,2142.0
2020-03-24,5112,146.0,4.0,142.0,RKI,DE-NW,Duisburg,498590.0,2142.0
2020-03-25,5112,171.0,5.0,166.0,RKI,DE-NW,Duisburg,498590.0,2142.0
2020-03-26,5112,204.0,5.0,199.0,RKI,DE-NW,Duisburg,498590.0,2142.0
2020-03-27,5112,221.0,5.0,216.0,RKI,DE-NW,Duisburg,498590.0,2142.0
2020-03-28,5112,234.0,6.0,228.0,RKI,DE-NW,Duisburg,498590.0,2142.0
2020-03-29,5112,241.0,9.0,232.0,RKI,DE-NW,Duisburg,498590.0,2142.0
2020-03-30,5112,276.0,1.0,54.0,Tagesspiegel,DE-NW,Duisburg,498590.0,2142.0
2020-03-31,5112,286.0,2.0,67.0,Tagesspiegel,DE-NW,Duisburg,498590.0,2142.0
2020-04-01,5112,317.0,2.0,72.0,Tagesspiegel,DE-NW,Duisburg,498590.0,2142.0
2020-04-02,5112,338.0,2.0,98.0,Tagesspiegel,DE-NW,Duisburg,498590.0,2142.0
2020-04-03,5112,354.0,2.0,122.0,Tagesspiegel,DE-NW,Duisburg,498590.0,2142.0
2020-04-04,5112,379.0,2.0,122.0,Tagesspiegel,DE-NW,Duisburg,498590.0,2142.0
2020-04-05,5112,379.0,2.0,122.0,Tagesspiegel,DE-NW,Duisburg,498590.0,2142.0
2020-04-06,5112,394.0,3.0,201.0,Tagesspiegel,DE-NW,Duisburg,498590.0,2142.0
2020-04-07,5112,440.0,3.0,213.0,Tagesspiegel,DE-NW,Duisburg,498590.0,2142.0
2020-04-08,5112,450.0,4.0,220.0,Tagesspiegel,DE-NW,Duisburg,498590.0,2142.0
2020-04-09,5112,502.0,6.0,241.0,Tagesspiegel,DE-NW,Duisburg,498590.0,2142.0
2020-04-10,5112,525.0,6.0,241.0,Tagesspiegel,DE-NW,Duisburg,498590.0,2142.0
2020-04-11,5112,525.0,8.0,294.0,Tagesspiegel,DE-NW,Duisburg,498590.0,2142.0
2020-04-12,5112,549.0,8.0,294.0,Tagesspiegel,DE-NW,Duisburg,498590.0,2142.0
2020-04-13,5112,549.0,9.0,331.0,Tagesspiegel,DE-NW,Duisburg,498590.0,2142.0
2020-04-14,5112,590.0,9.0,341.0,Tagesspiegel,DE-NW,Duisburg,498590.0,2142.0
2020-04-15,5112,605.0,9.0,362.0,Tagesspiegel,DE-NW,Duisburg,498590.0,2142.0
2020-04-16,5112,621.0,9.0,367.0,Tagesspiegel,DE-NW,Duisburg,498590.0,2142.0
2020-04-17,5112,636.0,9.0,398.0,Tagesspiegel,DE-NW,Duisburg,498590.0,2142.0
2020-04-18,5112,656.0,9.0,398.0,Tagesspiegel,DE-NW,Duisburg,498590.0,2142.0
2020-04-19,5112,656.0,9.0,411.0,Tagesspiegel,DE-NW,Duisburg,498590.0,2142.0
2020-04-20,5112,662.0,12.0,436.0,Tagesspiegel,DE-NW,Duisburg,498590.0,2142.0
2020-04-21,5112,683.0,14.0,468.0,Tagesspiegel,DE-NW,Duisburg,498590.0,2142.0
2020-04-22,5112,707.0,14.0,494.0,Tagesspiegel,DE-NW,Duisburg,498590.0,2142.0
2020-04-23,5112,722.0,14.0,512.0,Tagesspiegel,DE-NW,Duisburg,498590.0,2142.0
2020-04-24,5112,740.0,15.0,536.0,Tagesspiegel,DE-NW,Duisburg,498590.0,2142.0
2020-04-25,5112,751.0,15.0,536.0,Tagesspiegel,DE-NW,Duisburg,498590.0,2142.0
2020-04-26,5112,780.0,17.0,568.0,Tagesspiegel,DE-NW,Duisburg,498590.0,2142.0
2020-04-27,5112,787.0,19.0,580.0,Tagesspiegel,DE-NW,Duisburg,498590.0,2142.0
2020-04-28,5112,801.0,19.0,589.0,Tagesspiegel,DE-NW,Duisburg,498590.0,2142.0
2020-04-29,5112,806.0,20.0,604.0,Tagesspiegel,DE-NW,Duisburg,498590.0,2142.0
2020-04-30,5112,819.0,21.0,615.0,Tagesspiegel,DE-NW,Duisburg,498590.0,2142.0
2020-05-01,5112,841.0,21.0,615.0,Tagesspiegel,DE-NW,Duisburg,498590.0,2142.0
2020-05-02,5112,841.0,21.0,637.0,Tagesspiegel,DE-NW,Duisburg,498590.0,2142.0
2020-05-03,5112,878.0,23.0,654.0,Tagesspiegel,DE-NW,Duisburg,498590.0,2142.0
2020-05-04,5112,896.0,27.0,683.0,Tagesspiegel,DE-NW,Duisburg,498590.0,2142.0
2020-05-05,5112,907.0,30.0,683.0,Tagesspiegel,DE-NW,Duisburg,498590.0,2142.0
2020-05-06,5112,910.0,30.0,715.0,Tagesspiegel,DE-NW,Duisburg,498590.0,2142.0
2020-05-07,5112,925.0,31.0,732.0,Tagesspiegel,DE-NW,Duisburg,498590.0,2142.0
2020-05-08,5112,948.0,31.0,740.0,Tagesspiegel,DE-NW,Duisburg,498590.0,2142.0
2020-05-09,5112,953.0,31.0,740.0,Tagesspiegel,DE-NW,Duisburg,498590.0,2142.0
2020-05-10,5112,953.0,31.0,740.0,Tagesspiegel,DE-NW,Duisburg,498590.0,2142.0
2020-05-11,5112,953.0,37.0,789.0,Tagesspiegel,DE-NW,Duisburg,498590.0,2142.0
2020-05-12,5112,1020.0,41.0,760.0,Tagesspiegel,DE-NW,Duisburg,498590.0,2142.0
2020-05-13,5112,1006.0,41.0,760.0,Tagesspiegel,DE-NW,Duisburg,498590.0,2142.0
2020-05-14,5112,1012.0,41.0,760.0,Tagesspiegel,DE-NW,Duisburg,498590.0,2142.0
2020-05-15,5112,1018.0,41.0,768.0,Tagesspiegel,DE-NW,Duisburg,498590.0,2142.0
2020-05-16,5112,1019.0,42.0,790.0,Tagesspiegel,DE-NW,Duisburg,498590.0,2142.0
2020-05-17,5112,1042.0,45.0,790.0,Tagesspiegel,DE-NW,Duisburg,498590.0,2142.0
2020-05-18,5112,1050.0,45.0,790.0,Tagesspiegel,DE-NW,Duisburg,498590.0,2142.0
2020-05-19,5112,1054.0,45.0,822.0,Tagesspiegel,DE-NW,Duisburg,498590.0,2142.0
2020-05-20,5112,1056.0,45.0,831.0,Tagesspiegel,DE-NW,Duisburg,498590.0,2142.0
2020-05-21,5112,1066.0,46.0,840.0,Tagesspiegel,DE-NW,Duisburg,498590.0,2142.0
2020-05-22,5112,1066.0,46.0,840.0,Tagesspiegel,DE-NW,Duisburg,498590.0,2142.0
2020-05-23,5112,1083.0,47.0,878.0,Tagesspiegel,DE-NW,Duisburg,498590.0,2142.0
2020-05-24,5112,1083.0,47.0,878.0,Tagesspiegel,DE-NW,Duisburg,498590.0,2142.0
2020-05-25,5112,1083.0,47.0,878.0,Tagesspiegel,DE-NW,Duisburg,498590.0,2142.0
2020-05-26,5112,1113.0,51.0,899.0,Tagesspiegel,DE-NW,Duisburg,498590.0,2142.0
2020-05-27,5112,1117.0,51.0,906.0,Tagesspiegel,DE-NW,Duisburg,498590.0,2142.0
2020-05-28,5112,1119.0,52.0,913.0,Tagesspiegel,DE-NW,Duisburg,498590.0,2142.0
2020-05-29,5112,1123.0,52.0,928.0,Tagesspiegel,DE-NW,Duisburg,498590.0,2142.0
2020-05-30,5112,1128.0,52.0,928.0,Tagesspiegel,DE-NW,Duisburg,498590.0,2142.0
2020-05-31,5112,1128.0,52.0,928.0,Tagesspiegel,DE-NW,Duisburg,498590.0,2142.0
2020-06-01,5112,1128.0,53.0,962.0,Tagesspiegel,DE-NW,Duisburg,498590.0,2142.0
2020-06-03,5112,1154.0,53.0,982.0,Tagesspiegel,DE-NW,Duisburg,498590.0,2142.0
2020-06-04,5112,1154.0,53.0,998.0,Tagesspiegel,DE-NW,Duisburg,498590.0,2142.0
2020-06-05,5112,1167.0,54.0,994.0,Tagesspiegel,DE-NW,Duisburg,498590.0,2142.0
2020-06-06,5112,1194.0,54.0,994.0,Tagesspiegel,DE-NW,Duisburg,498590.0,2142.0
2020-06-07,5112,1194.0,54.0,994.0,Tagesspiegel,DE-NW,Duisburg,498590.0,2142.0
2020-06-08,5112,1194.0,55.0,1015.0,Tagesspiegel,DE-NW,Duisburg,498590.0,2142.0
2020-06-09,5112,1223.0,55.0,1025.0,Tagesspiegel,DE-NW,Duisburg,498590.0,2142.0
2020-06-10,5112,1239.0,55.0,1050.0,Tagesspiegel,DE-NW,Duisburg,498590.0,2142.0
2020-06-11,5112,1244.0,55.0,1050.0,Tagesspiegel,DE-NW,Duisburg,498590.0,2142.0
2020-06-12,5112,1244.0,55.0,1068.0,Tagesspiegel,DE-NW,Duisburg,498590.0,2142.0
2020-06-13,5112,1279.0,55.0,1068.0,Tagesspiegel,DE-NW,Duisburg,498590.0,2142.0
2020-06-14,5112,1279.0,55.0,1068.0,Tagesspiegel,DE-NW,Duisburg,498590.0,2142.0
2020-06-15,5112,1279.0,55.0,1083.0,Tagesspiegel,DE-NW,Duisburg,498590.0,2142.0
2020-06-16,5112,1313.0,55.0,1092.0,Tagesspiegel,DE-NW,Duisburg,498590.0,2142.0
2020-06-17,5112,1317.0,55.0,1117.0,Tagesspiegel,DE-NW,Duisburg,498590.0,2142.0
2020-06-18,5112,1329.0,55.0,1126.0,Tagesspiegel,DE-NW,Duisburg,498590.0,2142.0
2020-06-19,5112,1345.0,55.0,1146.0,Tagesspiegel,DE-NW,Duisburg,498590.0,2142.0
2020-06-20,5112,1364.0,55.0,1203.0,Tagesspiegel,DE-NW,Duisburg,498590.0,2142.0
2020-06-21,5112,1393.0,55.0,1203.0,Tagesspiegel,DE-NW,Duisburg,498590.0,2142.0
2020-06-22,5112,1393.0,55.0,1180.0,Tagesspiegel,DE-NW,Duisburg,498590.0,2142.0
2020-06-23,5112,1393.0,55.0,1188.0,Tagesspiegel,DE-NW,Duisburg,498590.0,2142.0
2020-06-24,5112,1400.0,55.0,1213.0,Tagesspiegel,DE-NW,Duisburg,498590.0,2142.0
2020-06-25,5112,1415.0,55.0,1214.0,Tagesspiegel,DE-NW,Duisburg,498590.0,2142.0
2020-06-26,5112,1422.0,55.0,1239.0,Tagesspiegel,DE-NW,Duisburg,498590.0,2142.0
2020-06-27,5112,1444.0,55.0,1239.0,Tagesspiegel,DE-NW,Duisburg,498590.0,2142.0
2020-06-28,5112,1444.0,55.0,1239.0,Tagesspiegel,DE-NW,Duisburg,498590.0,2142.0
2020-06-29,5112,1444.0,56.0,1269.0,Tagesspiegel,DE-NW,Duisburg,498590.0,2142.0
2020-06-30,5112,1469.0,56.0,1278.0,Tagesspiegel,DE-NW,Duisburg,498590.0,2142.0
2020-07-01,5112,1515.0,56.0,1301.0,Tagesspiegel,DE-NW,Duisburg,498590.0,2142.0
2020-07-02,5112,1520.0,56.0,1316.0,Tagesspiegel,DE-NW,Duisburg,498590.0,2142.0
2020-07-03,5112,1530.0,56.0,1329.0,Tagesspiegel,DE-NW,Duisburg,498590.0,2142.0
2020-07-04,5112,1544.0,56.0,1329.0,Tagesspiegel,DE-NW,Duisburg,498590.0,2142.0
2020-07-05,5112,1544.0,56.0,1329.0,Tagesspiegel,DE-NW,Duisburg,498590.0,2142.0
2020-07-06,5112,1544.0,56.0,1369.0,Tagesspiegel,DE-NW,Duisburg,498590.0,2142.0
2020-07-07,5112,1620.0,56.0,1369.0,Tagesspiegel,DE-NW,Duisburg,498590.0,2142.0
2020-07-08,5112,1620.0,57.0,1387.0,Tagesspiegel,DE-NW,Duisburg,498590.0,2142.0
2020-07-09,5112,1623.0,57.0,1423.0,Tagesspiegel,DE-NW,Duisburg,498590.0,2142.0
2020-07-10,5112,1644.0,58.0,1443.0,Tagesspiegel,DE-NW,Duisburg,498590.0,2142.0
2020-07-11,5112,1664.0,58.0,1462.0,Tagesspiegel,DE-NW,Duisburg,498590.0,2142.0
2020-07-12,5112,1667.0,58.0,1484.0,Tagesspiegel,DE-NW,Duisburg,498590.0,2142.0
2020-07-13,5112,1682.0,59.0,1499.0,Tagesspiegel,DE-NW,Duisburg,498590.0,2142.0
2020-07-14,5112,1694.0,59.0,1527.0,Tagesspiegel,DE-NW,Duisburg,498590.0,2142.0
2020-07-15,5112,1702.0,59.0,1527.0,Tagesspiegel,DE-NW,Duisburg,498590.0,2142.0
2020-07-16,5112,1713.0,60.0,1554.0,Tagesspiegel,DE-NW,Duisburg,498590.0,2142.0
2020-03-12,5113,6.0,1.0,5.0,RKI,DE-NW,Essen,583109.0,2772.0
2020-03-13,5113,12.0,1.0,11.0,RKI,DE-NW,Essen,583109.0,2772.0
2020-03-15,5113,49.0,1.0,48.0,RKI,DE-NW,Essen,583109.0,2772.0
2020-03-19,5113,121.0,1.0,120.0,RKI,DE-NW,Essen,583109.0,2772.0
2020-03-21,5113,164.0,3.0,161.0,RKI,DE-NW,Essen,583109.0,2772.0
2020-03-22,5113,169.0,4.0,165.0,RKI,DE-NW,Essen,583109.0,2772.0
2020-03-23,5113,222.0,7.0,215.0,RKI,DE-NW,Essen,583109.0,2772.0
2020-03-24,5113,225.0,7.0,218.0,RKI,DE-NW,Essen,583109.0,2772.0
2020-03-25,5113,252.0,9.0,243.0,RKI,DE-NW,Essen,583109.0,2772.0
2020-03-26,5113,276.0,13.0,263.0,RKI,DE-NW,Essen,583109.0,2772.0
2020-03-27,5113,311.0,14.0,297.0,RKI,DE-NW,Essen,583109.0,2772.0
2020-03-29,5113,316.0,15.0,301.0,RKI,DE-NW,Essen,583109.0,2772.0
2020-03-30,5113,382.0,6.0,76.0,Tagesspiegel,DE-NW,Essen,583109.0,2772.0
2020-03-31,5113,399.0,7.0,76.0,Tagesspiegel,DE-NW,Essen,583109.0,2772.0
2020-04-02,5113,424.0,7.0,154.0,Tagesspiegel,DE-NW,Essen,583109.0,2772.0
2020-04-03,5113,429.0,7.0,169.0,Tagesspiegel,DE-NW,Essen,583109.0,2772.0
2020-04-04,5113,440.0,9.0,196.0,Tagesspiegel,DE-NW,Essen,583109.0,2772.0
2020-04-06,5113,512.0,16.0,205.0,Tagesspiegel,DE-NW,Essen,583109.0,2772.0
2020-04-07,5113,515.0,17.0,219.0,Tagesspiegel,DE-NW,Essen,583109.0,2772.0
2020-04-08,5113,532.0,20.0,238.0,Tagesspiegel,DE-NW,Essen,583109.0,2772.0
2020-04-09,5113,554.0,21.0,268.0,Tagesspiegel,DE-NW,Essen,583109.0,2772.0
2020-04-10,5113,578.0,21.0,282.0,Tagesspiegel,DE-NW,Essen,583109.0,2772.0
2020-04-11,5113,593.0,22.0,304.0,Tagesspiegel,DE-NW,Essen,583109.0,2772.0
2020-04-12,5113,606.0,25.0,315.0,Tagesspiegel,DE-NW,Essen,583109.0,2772.0
2020-04-14,5113,617.0,26.0,328.0,Tagesspiegel,DE-NW,Essen,583109.0,2772.0
2020-04-15,5113,623.0,26.0,343.0,Tagesspiegel,DE-NW,Essen,583109.0,2772.0
2020-04-16,5113,629.0,28.0,356.0,Tagesspiegel,DE-NW,Essen,583109.0,2772.0
2020-04-17,5113,650.0,28.0,371.0,Tagesspiegel,DE-NW,Essen,583109.0,2772.0
2020-04-18,5113,657.0,30.0,391.0,Tagesspiegel,DE-NW,Essen,583109.0,2772.0
2020-04-20,5113,680.0,31.0,415.0,Tagesspiegel,DE-NW,Essen,583109.0,2772.0
2020-04-21,5113,684.0,31.0,416.0,Tagesspiegel,DE-NW,Essen,583109.0,2772.0
2020-04-22,5113,688.0,31.0,432.0,Tagesspiegel,DE-NW,Essen,583109.0,2772.0
2020-04-23,5113,698.0,31.0,482.0,Tagesspiegel,DE-NW,Essen,583109.0,2772.0
2020-04-24,5113,712.0,31.0,516.0,Tagesspiegel,DE-NW,Essen,583109.0,2772.0
2020-04-25,5113,718.0,31.0,516.0,Tagesspiegel,DE-NW,Essen,583109.0,2772.0
2020-04-27,5113,728.0,32.0,537.0,Tagesspiegel,DE-NW,Essen,583109.0,2772.0
2020-04-29,5113,731.0,33.0,549.0,Tagesspiegel,DE-NW,Essen,583109.0,2772.0
2020-04-30,5113,736.0,33.0,559.0,Tagesspiegel,DE-NW,Essen,583109.0,2772.0
2020-05-04,5113,756.0,34.0,584.0,Tagesspiegel,DE-NW,Essen,583109.0,2772.0
2020-05-05,5113,757.0,34.0,584.0,Tagesspiegel,DE-NW,Essen,583109.0,2772.0
2020-05-06,5113,761.0,34.0,620.0,Tagesspiegel,DE-NW,Essen,583109.0,2772.0
2020-05-07,5113,772.0,34.0,620.0,Tagesspiegel,DE-NW,Essen,583109.0,2772.0
2020-05-08,5113,774.0,34.0,651.0,Tagesspiegel,DE-NW,Essen,583109.0,2772.0
2020-05-11,5113,785.0,34.0,651.0,Tagesspiegel,DE-NW,Essen,583109.0,2772.0
2020-05-12,5113,785.0,35.0,657.0,Tagesspiegel,DE-NW,Essen,583109.0,2772.0
2020-05-13,5113,785.0,35.0,664.0,Tagesspiegel,DE-NW,Essen,583109.0,2772.0
2020-05-14,5113,791.0,35.0,667.0,Tagesspiegel,DE-NW,Essen,583109.0,2772.0
2020-05-15,5113,795.0,35.0,674.0,Tagesspiegel,DE-NW,Essen,583109.0,2772.0
2020-05-18,5113,811.0,35.0,678.0,Tagesspiegel,DE-NW,Essen,583109.0,2772.0
2020-05-19,5113,811.0,35.0,684.0,Tagesspiegel,DE-NW,Essen,583109.0,2772.0
2020-05-20,5113,810.0,35.0,691.0,Tagesspiegel,DE-NW,Essen,583109.0,2772.0
2020-05-25,5113,832.0,36.0,697.0,Tagesspiegel,DE-NW,Essen,583109.0,2772.0
2020-05-26,5113,832.0,36.0,711.0,Tagesspiegel,DE-NW,Essen,583109.0,2772.0
2020-05-27,5113,834.0,36.0,726.0,Tagesspiegel,DE-NW,Essen,583109.0,2772.0
2020-05-28,5113,834.0,41.0,735.0,Tagesspiegel,DE-NW,Essen,583109.0,2772.0
2020-05-29,5113,840.0,41.0,738.0,Tagesspiegel,DE-NW,Essen,583109.0,2772.0
2020-06-01,5113,860.0,41.0,749.0,Tagesspiegel,DE-NW,Essen,583109.0,2772.0
2020-06-02,5113,864.0,41.0,751.0,Tagesspiegel,DE-NW,Essen,583109.0,2772.0
2020-06-03,5113,864.0,41.0,751.0,Tagesspiegel,DE-NW,Essen,583109.0,2772.0
2020-06-04,5113,869.0,41.0,752.0,Tagesspiegel,DE-NW,Essen,583109.0,2772.0
2020-06-05,5113,872.0,41.0,754.0,Tagesspiegel,DE-NW,Essen,583109.0,2772.0
2020-06-06,5113,875.0,41.0,759.0,Tagesspiegel,DE-NW,Essen,583109.0,2772.0
2020-06-08,5113,878.0,41.0,770.0,Tagesspiegel,DE-NW,Essen,583109.0,2772.0
2020-06-09,5113,879.0,41.0,780.0,Tagesspiegel,DE-NW,Essen,583109.0,2772.0
2020-06-11,5113,879.0,41.0,792.0,Tagesspiegel,DE-NW,Essen,583109.0,2772.0
2020-06-12,5113,879.0,41.0,796.0,Tagesspiegel,DE-NW,Essen,583109.0,2772.0
2020-06-15,5113,896.0,41.0,805.0,Tagesspiegel,DE-NW,Essen,583109.0,2772.0
2020-06-16,5113,899.0,41.0,807.0,Tagesspiegel,DE-NW,Essen,583109.0,2772.0
2020-06-17,5113,900.0,41.0,810.0,Tagesspiegel,DE-NW,Essen,583109.0,2772.0
2020-06-18,5113,913.0,41.0,817.0,Tagesspiegel,DE-NW,Essen,583109.0,2772.0
2020-06-19,5113,914.0,41.0,820.0,Tagesspiegel,DE-NW,Essen,583109.0,2772.0
2020-06-22,5113,935.0,41.0,840.0,Tagesspiegel,DE-NW,Essen,583109.0,2772.0
2020-06-23,5113,935.0,41.0,846.0,Tagesspiegel,DE-NW,Essen,583109.0,2772.0
2020-06-24,5113,941.0,41.0,857.0,Tagesspiegel,DE-NW,Essen,583109.0,2772.0
2020-06-25,5113,956.0,41.0,858.0,Tagesspiegel,DE-NW,Essen,583109.0,2772.0
2020-06-26,5113,963.0,41.0,867.0,Tagesspiegel,DE-NW,Essen,583109.0,2772.0
2020-06-29,5113,975.0,41.0,878.0,Tagesspiegel,DE-NW,Essen,583109.0,2772.0
2020-06-30,5113,980.0,41.0,878.0,Tagesspiegel,DE-NW,Essen,583109.0,2772.0
2020-07-01,5113,982.0,41.0,879.0,Tagesspiegel,DE-NW,Essen,583109.0,2772.0
2020-07-03,5113,989.0,41.0,895.0,Tagesspiegel,DE-NW,Essen,583109.0,2772.0
2020-07-06,5113,1000.0,41.0,895.0,Tagesspiegel,DE-NW,Essen,583109.0,2772.0
2020-07-07,5113,1002.0,41.0,904.0,Tagesspiegel,DE-NW,Essen,583109.0,2772.0
2020-07-08,5113,1005.0,41.0,912.0,Tagesspiegel,DE-NW,Essen,583109.0,2772.0
2020-07-09,5113,1012.0,41.0,918.0,Tagesspiegel,DE-NW,Essen,583109.0,2772.0
2020-07-10,5113,1021.0,41.0,929.0,Tagesspiegel,DE-NW,Essen,583109.0,2772.0
2020-07-13,5113,1034.0,41.0,941.0,Tagesspiegel,DE-NW,Essen,583109.0,2772.0
2020-07-14,5113,1036.0,41.0,946.0,Tagesspiegel,DE-NW,Essen,583109.0,2772.0
2020-07-15,5113,1039.0,41.0,946.0,Tagesspiegel,DE-NW,Essen,583109.0,2772.0
2020-07-16,5113,1044.0,41.0,960.0,Tagesspiegel,DE-NW,Essen,583109.0,2772.0
2020-03-11,5114,6.0,0.0,6.0,RKI,DE-NW,Krefeld,227020.0,1648.0
2020-03-12,5114,8.0,0.0,8.0,RKI,DE-NW,Krefeld,227020.0,1648.0
2020-03-13,5114,10.0,0.0,10.0,RKI,DE-NW,Krefeld,227020.0,1648.0
2020-03-14,5114,18.0,0.0,18.0,RKI,DE-NW,Krefeld,227020.0,1648.0
2020-03-15,5114,21.0,0.0,21.0,RKI,DE-NW,Krefeld,227020.0,1648.0
2020-03-16,5114,24.0,0.0,24.0,RKI,DE-NW,Krefeld,227020.0,1648.0
2020-03-17,5114,29.0,0.0,29.0,RKI,DE-NW,Krefeld,227020.0,1648.0
2020-03-18,5114,32.0,0.0,32.0,RKI,DE-NW,Krefeld,227020.0,1648.0
2020-03-19,5114,37.0,0.0,37.0,RKI,DE-NW,Krefeld,227020.0,1648.0
2020-03-20,5114,46.0,0.0,46.0,RKI,DE-NW,Krefeld,227020.0,1648.0
2020-03-21,5114,56.0,0.0,56.0,RKI,DE-NW,Krefeld,227020.0,1648.0
2020-03-23,5114,72.0,0.0,72.0,RKI,DE-NW,Krefeld,227020.0,1648.0
2020-03-24,5114,78.0,0.0,78.0,RKI,DE-NW,Krefeld,227020.0,1648.0
2020-03-25,5114,94.0,0.0,94.0,RKI,DE-NW,Krefeld,227020.0,1648.0
2020-03-26,5114,104.0,0.0,104.0,RKI,DE-NW,Krefeld,227020.0,1648.0
2020-03-27,5114,134.0,0.0,134.0,RKI,DE-NW,Krefeld,227020.0,1648.0
2020-03-28,5114,151.0,0.0,151.0,RKI,DE-NW,Krefeld,227020.0,1648.0
2020-03-30,5114,210.0,1.0,34.0,Tagesspiegel,DE-NW,Krefeld,227020.0,1648.0
2020-03-31,5114,208.0,1.0,40.0,Tagesspiegel,DE-NW,Krefeld,227020.0,1648.0
2020-04-01,5114,211.0,1.0,53.0,Tagesspiegel,DE-NW,Krefeld,227020.0,1648.0
2020-04-02,5114,225.0,1.0,60.0,Tagesspiegel,DE-NW,Krefeld,227020.0,1648.0
2020-04-03,5114,240.0,1.0,75.0,Tagesspiegel,DE-NW,Krefeld,227020.0,1648.0
2020-04-04,5114,251.0,1.0,80.0,Tagesspiegel,DE-NW,Krefeld,227020.0,1648.0
2020-04-05,5114,264.0,1.0,89.0,Tagesspiegel,DE-NW,Krefeld,227020.0,1648.0
2020-04-06,5114,264.0,1.0,95.0,Tagesspiegel,DE-NW,Krefeld,227020.0,1648.0
2020-04-07,5114,269.0,1.0,96.0,Tagesspiegel,DE-NW,Krefeld,227020.0,1648.0
2020-04-08,5114,272.0,3.0,137.0,Tagesspiegel,DE-NW,Krefeld,227020.0,1648.0
2020-04-09,5114,292.0,5.0,147.0,Tagesspiegel,DE-NW,Krefeld,227020.0,1648.0
2020-04-12,5114,321.0,5.0,205.0,Tagesspiegel,DE-NW,Krefeld,227020.0,1648.0
2020-04-14,5114,327.0,8.0,231.0,Tagesspiegel,DE-NW,Krefeld,227020.0,1648.0
2020-04-15,5114,326.0,8.0,244.0,Tagesspiegel,DE-NW,Krefeld,227020.0,1648.0
2020-04-16,5114,335.0,8.0,256.0,Tagesspiegel,DE-NW,Krefeld,227020.0,1648.0
2020-04-17,5114,360.0,10.0,260.0,Tagesspiegel,DE-NW,Krefeld,227020.0,1648.0
2020-04-18,5114,373.0,11.0,269.0,Tagesspiegel,DE-NW,Krefeld,227020.0,1648.0
2020-04-19,5114,392.0,11.0,271.0,Tagesspiegel,DE-NW,Krefeld,227020.0,1648.0
2020-04-20,5114,400.0,12.0,275.0,Tagesspiegel,DE-NW,Krefeld,227020.0,1648.0
2020-04-21,5114,402.0,14.0,290.0,Tagesspiegel,DE-NW,Krefeld,227020.0,1648.0
2020-04-22,5114,412.0,14.0,295.0,Tagesspiegel,DE-NW,Krefeld,227020.0,1648.0
2020-04-23,5114,426.0,14.0,308.0,Tagesspiegel,DE-NW,Krefeld,227020.0,1648.0
2020-04-24,5114,436.0,16.0,306.0,Tagesspiegel,DE-NW,Krefeld,227020.0,1648.0
2020-04-25,5114,441.0,16.0,307.0,Tagesspiegel,DE-NW,Krefeld,227020.0,1648.0
2020-04-27,5114,471.0,17.0,317.0,Tagesspiegel,DE-NW,Krefeld,227020.0,1648.0
2020-04-28,5114,474.0,18.0,317.0,Tagesspiegel,DE-NW,Krefeld,227020.0,1648.0
2020-04-29,5114,478.0,18.0,342.0,Tagesspiegel,DE-NW,Krefeld,227020.0,1648.0
2020-04-30,5114,487.0,19.0,355.0,Tagesspiegel,DE-NW,Krefeld,227020.0,1648.0
2020-05-01,5114,497.0,19.0,371.0,Tagesspiegel,DE-NW,Krefeld,227020.0,1648.0
2020-05-02,5114,503.0,20.0,385.0,Tagesspiegel,DE-NW,Krefeld,227020.0,1648.0
2020-05-03,5114,520.0,21.0,387.0,Tagesspiegel,DE-NW,Krefeld,227020.0,1648.0
2020-05-04,5114,526.0,21.0,389.0,Tagesspiegel,DE-NW,Krefeld,227020.0,1648.0
2020-05-05,5114,527.0,21.0,389.0,Tagesspiegel,DE-NW,Krefeld,227020.0,1648.0
2020-05-06,5114,527.0,21.0,405.0,Tagesspiegel,DE-NW,Krefeld,227020.0,1648.0
2020-05-07,5114,531.0,21.0,415.0,Tagesspiegel,DE-NW,Krefeld,227020.0,1648.0
2020-05-08,5114,537.0,21.0,420.0,Tagesspiegel,DE-NW,Krefeld,227020.0,1648.0
2020-05-09,5114,542.0,21.0,439.0,Tagesspiegel,DE-NW,Krefeld,227020.0,1648.0
2020-05-10,5114,548.0,21.0,450.0,Tagesspiegel,DE-NW,Krefeld,227020.0,1648.0
2020-05-11,5114,551.0,21.0,450.0,Tagesspiegel,DE-NW,Krefeld,227020.0,1648.0
2020-05-12,5114,553.0,21.0,457.0,Tagesspiegel,DE-NW,Krefeld,227020.0,1648.0
2020-05-13,5114,556.0,21.0,466.0,Tagesspiegel,DE-NW,Krefeld,227020.0,1648.0
2020-05-14,5114,566.0,21.0,466.0,Tagesspiegel,DE-NW,Krefeld,227020.0,1648.0
2020-05-15,5114,570.0,21.0,484.0,Tagesspiegel,DE-NW,Krefeld,227020.0,1648.0
2020-05-16,5114,578.0,22.0,490.0,Tagesspiegel,DE-NW,Krefeld,227020.0,1648.0
2020-05-18,5114,592.0,22.0,508.0,Tagesspiegel,DE-NW,Krefeld,227020.0,1648.0
2020-05-19,5114,593.0,22.0,510.0,Tagesspiegel,DE-NW,Krefeld,227020.0,1648.0
2020-05-20,5114,598.0,22.0,516.0,Tagesspiegel,DE-NW,Krefeld,227020.0,1648.0
2020-05-21,5114,608.0,22.0,516.0,Tagesspiegel,DE-NW,Krefeld,227020.0,1648.0
2020-05-22,5114,612.0,22.0,516.0,Tagesspiegel,DE-NW,Krefeld,227020.0,1648.0
2020-05-24,5114,615.0,22.0,530.0,Tagesspiegel,DE-NW,Krefeld,227020.0,1648.0
2020-05-26,5114,617.0,22.0,546.0,Tagesspiegel,DE-NW,Krefeld,227020.0,1648.0
2020-05-27,5114,617.0,22.0,547.0,Tagesspiegel,DE-NW,Krefeld,227020.0,1648.0
2020-05-28,5114,621.0,22.0,555.0,Tagesspiegel,DE-NW,Krefeld,227020.0,1648.0
2020-06-02,5114,630.0,22.0,586.0,Tagesspiegel,DE-NW,Krefeld,227020.0,1648.0
2020-06-03,5114,631.0,22.0,589.0,Tagesspiegel,DE-NW,Krefeld,227020.0,1648.0
2020-06-04,5114,632.0,22.0,591.0,Tagesspiegel,DE-NW,Krefeld,227020.0,1648.0
2020-06-05,5114,635.0,22.0,592.0,Tagesspiegel,DE-NW,Krefeld,227020.0,1648.0
2020-06-06,5114,636.0,22.0,592.0,Tagesspiegel,DE-NW,Krefeld,227020.0,1648.0
2020-06-09,5114,641.0,22.0,600.0,Tagesspiegel,DE-NW,Krefeld,227020.0,1648.0
2020-06-10,5114,641.0,22.0,603.0,Tagesspiegel,DE-NW,Krefeld,227020.0,1648.0
2020-06-14,5114,643.0,22.0,609.0,Tagesspiegel,DE-NW,Krefeld,227020.0,1648.0
2020-06-20,5114,644.0,22.0,615.0,Tagesspiegel,DE-NW,Krefeld,227020.0,1648.0
2020-06-22,5114,644.0,22.0,619.0,Tagesspiegel,DE-NW,Krefeld,227020.0,1648.0
2020-06-23,5114,647.0,22.0,620.0,Tagesspiegel,DE-NW,Krefeld,227020.0,1648.0
2020-06-24,5114,648.0,22.0,621.0,Tagesspiegel,DE-NW,Krefeld,227020.0,1648.0
2020-06-25,5114,649.0,22.0,621.0,Tagesspiegel,DE-NW,Krefeld,227020.0,1648.0
2020-06-26,5114,651.0,22.0,621.0,Tagesspiegel,DE-NW,Krefeld,227020.0,1648.0
2020-06-29,5114,652.0,22.0,622.0,Tagesspiegel,DE-NW,Krefeld,227020.0,1648.0
2020-06-30,5114,659.0,22.0,622.0,Tagesspiegel,DE-NW,Krefeld,227020.0,1648.0
2020-07-02,5114,666.0,22.0,622.0,Tagesspiegel,DE-NW,Krefeld,227020.0,1648.0
2020-07-06,5114,668.0,23.0,624.0,Tagesspiegel,DE-NW,Krefeld,227020.0,1648.0
2020-07-08,5114,674.0,23.0,625.0,Tagesspiegel,DE-NW,Krefeld,227020.0,1648.0
2020-07-10,5114,676.0,23.0,628.0,Tagesspiegel,DE-NW,Krefeld,227020.0,1648.0
2020-07-13,5114,676.0,23.0,636.0,Tagesspiegel,DE-NW,Krefeld,227020.0,1648.0
2020-07-14,5114,679.0,23.0,637.0,Tagesspiegel,DE-NW,Krefeld,227020.0,1648.0
2020-07-15,5114,679.0,23.0,637.0,Tagesspiegel,DE-NW,Krefeld,227020.0,1648.0
2020-07-16,5114,683.0,23.0,643.0,Tagesspiegel,DE-NW,Krefeld,227020.0,1648.0
2020-03-04,5116,1.0,0.0,1.0,RKI,DE-NW,Mönchengladbach,261454.0,1534.0
2020-03-05,5116,1.0,0.0,1.0,RKI,DE-NW,Mönchengladbach,261454.0,1534.0
2020-03-06,5116,3.0,0.0,3.0,RKI,DE-NW,Mönchengladbach,261454.0,1534.0
2020-03-09,5116,3.0,0.0,3.0,RKI,DE-NW,Mönchengladbach,261454.0,1534.0
2020-03-10,5116,9.0,0.0,9.0,RKI,DE-NW,Mönchengladbach,261454.0,1534.0
2020-03-11,5116,10.0,0.0,10.0,RKI,DE-NW,Mönchengladbach,261454.0,1534.0
2020-03-12,5116,12.0,1.0,11.0,RKI,DE-NW,Mönchengladbach,261454.0,1534.0
2020-03-13,5116,20.0,1.0,19.0,RKI,DE-NW,Mönchengladbach,261454.0,1534.0
2020-03-14,5116,25.0,1.0,24.0,RKI,DE-NW,Mönchengladbach,261454.0,1534.0
2020-03-16,5116,25.0,1.0,24.0,RKI,DE-NW,Mönchengladbach,261454.0,1534.0
2020-03-17,5116,33.0,1.0,32.0,RKI,DE-NW,Mönchengladbach,261454.0,1534.0
2020-03-18,5116,42.0,1.0,41.0,RKI,DE-NW,Mönchengladbach,261454.0,1534.0
2020-03-19,5116,63.0,2.0,61.0,RKI,DE-NW,Mönchengladbach,261454.0,1534.0
2020-03-20,5116,67.0,2.0,65.0,RKI,DE-NW,Mönchengladbach,261454.0,1534.0
2020-03-21,5116,86.0,2.0,84.0,RKI,DE-NW,Mönchengladbach,261454.0,1534.0
2020-03-23,5116,89.0,2.0,87.0,RKI,DE-NW,Mönchengladbach,261454.0,1534.0
2020-03-24,5116,102.0,2.0,100.0,RKI,DE-NW,Mönchengladbach,261454.0,1534.0
2020-03-25,5116,105.0,2.0,103.0,RKI,DE-NW,Mönchengladbach,261454.0,1534.0
2020-03-26,5116,128.0,3.0,125.0,RKI,DE-NW,Mönchengladbach,261454.0,1534.0
2020-03-27,5116,145.0,3.0,142.0,RKI,DE-NW,Mönchengladbach,261454.0,1534.0
2020-03-28,5116,151.0,3.0,148.0,RKI,DE-NW,Mönchengladbach,261454.0,1534.0
2020-03-29,5116,151.0,3.0,148.0,RKI,DE-NW,Mönchengladbach,261454.0,1534.0
2020-03-30,5116,174.0,1.0,58.0,Tagesspiegel,DE-NW,Mönchengladbach,261454.0,1534.0
2020-03-31,5116,178.0,1.0,58.0,Tagesspiegel,DE-NW,Mönchengladbach,261454.0,1534.0
2020-04-01,5116,182.0,1.0,80.0,Tagesspiegel,DE-NW,Mönchengladbach,261454.0,1534.0
2020-04-02,5116,217.0,1.0,82.0,Tagesspiegel,DE-NW,Mönchengladbach,261454.0,1534.0
2020-04-03,5116,235.0,1.0,111.0,Tagesspiegel,DE-NW,Mönchengladbach,261454.0,1534.0
2020-04-04,5116,250.0,3.0,115.0,Tagesspiegel,DE-NW,Mönchengladbach,261454.0,1534.0
2020-04-05,5116,265.0,5.0,120.0,Tagesspiegel,DE-NW,Mönchengladbach,261454.0,1534.0
2020-04-06,5116,294.0,5.0,128.0,Tagesspiegel,DE-NW,Mönchengladbach,261454.0,1534.0
2020-04-07,5116,296.0,10.0,138.0,Tagesspiegel,DE-NW,Mönchengladbach,261454.0,1534.0
2020-04-08,5116,304.0,13.0,145.0,Tagesspiegel,DE-NW,Mönchengladbach,261454.0,1534.0
2020-04-09,5116,321.0,13.0,161.0,Tagesspiegel,DE-NW,Mönchengladbach,261454.0,1534.0
2020-04-10,5116,331.0,15.0,173.0,Tagesspiegel,DE-NW,Mönchengladbach,261454.0,1534.0
2020-04-11,5116,344.0,15.0,185.0,Tagesspiegel,DE-NW,Mönchengladbach,261454.0,1534.0
2020-04-12,5116,364.0,16.0,192.0,Tagesspiegel,DE-NW,Mönchengladbach,261454.0,1534.0
2020-04-13,5116,367.0,16.0,196.0,Tagesspiegel,DE-NW,Mönchengladbach,261454.0,1534.0
2020-04-14,5116,374.0,17.0,198.0,Tagesspiegel,DE-NW,Mönchengladbach,261454.0,1534.0
2020-04-15,5116,378.0,17.0,203.0,Tagesspiegel,DE-NW,Mönchengladbach,261454.0,1534.0
2020-04-16,5116,380.0,19.0,218.0,Tagesspiegel,DE-NW,Mönchengladbach,261454.0,1534.0
2020-04-17,5116,389.0,20.0,224.0,Tagesspiegel,DE-NW,Mönchengladbach,261454.0,1534.0
2020-04-18,5116,403.0,21.0,235.0,Tagesspiegel,DE-NW,Mönchengladbach,261454.0,1534.0
2020-04-20,5116,426.0,25.0,243.0,Tagesspiegel,DE-NW,Mönchengladbach,261454.0,1534.0
2020-04-21,5116,427.0,28.0,254.0,Tagesspiegel,DE-NW,Mönchengladbach,261454.0,1534.0
2020-04-22,5116,429.0,28.0,280.0,Tagesspiegel,DE-NW,Mönchengladbach,261454.0,1534.0
2020-04-23,5116,433.0,28.0,289.0,Tagesspiegel,DE-NW,Mönchengladbach,261454.0,1534.0
2020-04-24,5116,447.0,28.0,296.0,Tagesspiegel,DE-NW,Mönchengladbach,261454.0,1534.0
2020-04-25,5116,455.0,28.0,305.0,Tagesspiegel,DE-NW,Mönchengladbach,261454.0,1534.0
2020-04-26,5116,459.0,30.0,312.0,Tagesspiegel,DE-NW,Mönchengladbach,261454.0,1534.0
2020-04-27,5116,466.0,30.0,315.0,Tagesspiegel,DE-NW,Mönchengladbach,261454.0,1534.0
2020-04-28,5116,468.0,33.0,323.0,Tagesspiegel,DE-NW,Mönchengladbach,261454.0,1534.0
2020-04-29,5116,469.0,35.0,330.0,Tagesspiegel,DE-NW,Mönchengladbach,261454.0,1534.0
2020-04-30,5116,481.0,35.0,336.0,Tagesspiegel,DE-NW,Mönchengladbach,261454.0,1534.0
2020-05-01,5116,484.0,35.0,340.0,Tagesspiegel,DE-NW,Mönchengladbach,261454.0,1534.0
2020-05-02,5116,487.0,36.0,343.0,Tagesspiegel,DE-NW,Mönchengladbach,261454.0,1534.0
2020-05-03,5116,496.0,36.0,345.0,Tagesspiegel,DE-NW,Mönchengladbach,261454.0,1534.0
2020-05-04,5116,498.0,36.0,345.0,Tagesspiegel,DE-NW,Mönchengladbach,261454.0,1534.0
2020-05-05,5116,500.0,36.0,347.0,Tagesspiegel,DE-NW,Mönchengladbach,261454.0,1534.0
2020-05-06,5116,501.0,36.0,369.0,Tagesspiegel,DE-NW,Mönchengladbach,261454.0,1534.0
2020-05-07,5116,506.0,36.0,375.0,Tagesspiegel,DE-NW,Mönchengladbach,261454.0,1534.0
2020-05-08,5116,516.0,37.0,377.0,Tagesspiegel,DE-NW,Mönchengladbach,261454.0,1534.0
2020-05-09,5116,525.0,37.0,380.0,Tagesspiegel,DE-NW,Mönchengladbach,261454.0,1534.0
2020-05-10,5116,528.0,37.0,387.0,Tagesspiegel,DE-NW,Mönchengladbach,261454.0,1534.0
2020-05-11,5116,535.0,37.0,387.0,Tagesspiegel,DE-NW,Mönchengladbach,261454.0,1534.0
2020-05-12,5116,537.0,37.0,402.0,Tagesspiegel,DE-NW,Mönchengladbach,261454.0,1534.0
2020-05-13,5116,538.0,37.0,404.0,Tagesspiegel,DE-NW,Mönchengladbach,261454.0,1534.0
2020-05-14,5116,546.0,37.0,411.0,Tagesspiegel,DE-NW,Mönchengladbach,261454.0,1534.0
2020-05-15,5116,552.0,38.0,419.0,Tagesspiegel,DE-NW,Mönchengladbach,261454.0,1534.0
2020-05-16,5116,559.0,38.0,419.0,Tagesspiegel,DE-NW,Mönchengladbach,261454.0,1534.0
2020-05-18,5116,578.0,38.0,432.0,Tagesspiegel,DE-NW,Mönchengladbach,261454.0,1534.0
2020-05-19,5116,578.0,39.0,436.0,Tagesspiegel,DE-NW,Mönchengladbach,261454.0,1534.0
2020-05-20,5116,579.0,39.0,440.0,Tagesspiegel,DE-NW,Mönchengladbach,261454.0,1534.0
2020-05-21,5116,589.0,39.0,445.0,Tagesspiegel,DE-NW,Mönchengladbach,261454.0,1534.0
2020-05-22,5116,593.0,39.0,452.0,Tagesspiegel,DE-NW,Mönchengladbach,261454.0,1534.0
2020-05-23,5116,598.0,39.0,459.0,Tagesspiegel,DE-NW,Mönchengladbach,261454.0,1534.0
2020-05-25,5116,605.0,39.0,463.0,Tagesspiegel,DE-NW,Mönchengladbach,261454.0,1534.0
2020-05-26,5116,606.0,39.0,467.0,Tagesspiegel,DE-NW,Mönchengladbach,261454.0,1534.0
2020-05-27,5116,606.0,39.0,469.0,Tagesspiegel,DE-NW,Mönchengladbach,261454.0,1534.0
2020-05-28,5116,608.0,39.0,473.0,Tagesspiegel,DE-NW,Mönchengladbach,261454.0,1534.0
2020-05-29,5116,610.0,39.0,473.0,Tagesspiegel,DE-NW,Mönchengladbach,261454.0,1534.0
2020-05-30,5116,613.0,39.0,487.0,Tagesspiegel,DE-NW,Mönchengladbach,261454.0,1534.0
2020-06-03,5116,618.0,40.0,513.0,Tagesspiegel,DE-NW,Mönchengladbach,261454.0,1534.0
2020-06-04,5116,618.0,40.0,515.0,Tagesspiegel,DE-NW,Mönchengladbach,261454.0,1534.0
2020-06-05,5116,620.0,40.0,518.0,Tagesspiegel,DE-NW,Mönchengladbach,261454.0,1534.0
2020-06-06,5116,625.0,40.0,522.0,Tagesspiegel,DE-NW,Mönchengladbach,261454.0,1534.0
2020-06-08,5116,634.0,40.0,523.0,Tagesspiegel,DE-NW,Mönchengladbach,261454.0,1534.0
2020-06-09,5116,634.0,40.0,535.0,Tagesspiegel,DE-NW,Mönchengladbach,261454.0,1534.0
2020-06-10,5116,634.0,40.0,542.0,Tagesspiegel,DE-NW,Mönchengladbach,261454.0,1534.0
2020-06-12,5116,639.0,41.0,557.0,Tagesspiegel,DE-NW,Mönchengladbach,261454.0,1534.0
2020-06-13,5116,641.0,41.0,564.0,Tagesspiegel,DE-NW,Mönchengladbach,261454.0,1534.0
2020-06-14,5116,642.0,41.0,570.0,Tagesspiegel,DE-NW,Mönchengladbach,261454.0,1534.0
2020-06-16,5116,644.0,41.0,577.0,Tagesspiegel,DE-NW,Mönchengladbach,261454.0,1534.0
2020-06-17,5116,645.0,41.0,581.0,Tagesspiegel,DE-NW,Mönchengladbach,261454.0,1534.0
2020-06-18,5116,650.0,41.0,581.0,Tagesspiegel,DE-NW,Mönchengladbach,261454.0,1534.0
2020-06-19,5116,653.0,41.0,583.0,Tagesspiegel,DE-NW,Mönchengladbach,261454.0,1534.0
2020-06-22,5116,666.0,41.0,589.0,Tagesspiegel,DE-NW,Mönchengladbach,261454.0,1534.0
2020-06-23,5116,666.0,41.0,589.0,Tagesspiegel,DE-NW,Mönchengladbach,261454.0,1534.0
2020-06-24,5116,666.0,41.0,590.0,Tagesspiegel,DE-NW,Mönchengladbach,261454.0,1534.0
2020-06-26,5116,677.0,41.0,593.0,Tagesspiegel,DE-NW,Mönchengladbach,261454.0,1534.0
2020-06-27,5116,678.0,41.0,593.0,Tagesspiegel,DE-NW,Mönchengladbach,261454.0,1534.0
2020-06-30,5116,683.0,41.0,605.0,Tagesspiegel,DE-NW,Mönchengladbach,261454.0,1534.0
2020-07-01,5116,683.0,41.0,608.0,Tagesspiegel,DE-NW,Mönchengladbach,261454.0,1534.0
2020-07-04,5116,690.0,41.0,621.0,Tagesspiegel,DE-NW,Mönchengladbach,261454.0,1534.0
2020-07-06,5116,693.0,41.0,626.0,Tagesspiegel,DE-NW,Mönchengladbach,261454.0,1534.0
2020-07-07,5116,693.0,41.0,628.0,Tagesspiegel,DE-NW,Mönchengladbach,261454.0,1534.0
2020-07-08,5116,693.0,41.0,628.0,Tagesspiegel,DE-NW,Mönchengladbach,261454.0,1534.0
2020-07-09,5116,694.0,41.0,631.0,Tagesspiegel,DE-NW,Mönchengladbach,261454.0,1534.0
2020-07-11,5116,707.0,41.0,637.0,Tagesspiegel,DE-NW,Mönchengladbach,261454.0,1534.0
2020-07-14,5116,717.0,41.0,637.0,Tagesspiegel,DE-NW,Mönchengladbach,261454.0,1534.0
2020-07-15,5116,717.0,41.0,637.0,Tagesspiegel,DE-NW,Mönchengladbach,261454.0,1534.0
2020-07-16,5116,718.0,41.0,641.0,Tagesspiegel,DE-NW,Mönchengladbach,261454.0,1534.0
2020-03-12,5117,2.0,0.0,2.0,RKI,DE-NW,Mülheim an der Ruhr,170880.0,1872.0
2020-03-13,5117,4.0,0.0,4.0,RKI,DE-NW,Mülheim an der Ruhr,170880.0,1872.0
2020-03-16,5117,5.0,0.0,5.0,RKI,DE-NW,Mülheim an der Ruhr,170880.0,1872.0
2020-03-17,5117,8.0,0.0,8.0,RKI,DE-NW,Mülheim an der Ruhr,170880.0,1872.0
2020-03-18,5117,10.0,0.0,10.0,RKI,DE-NW,Mülheim an der Ruhr,170880.0,1872.0
2020-03-19,5117,14.0,0.0,14.0,RKI,DE-NW,Mülheim an der Ruhr,170880.0,1872.0
2020-03-20,5117,18.0,0.0,18.0,RKI,DE-NW,Mülheim an der Ruhr,170880.0,1872.0
2020-03-21,5117,19.0,0.0,19.0,RKI,DE-NW,Mülheim an der Ruhr,170880.0,1872.0
2020-03-23,5117,25.0,0.0,25.0,RKI,DE-NW,Mülheim an der Ruhr,170880.0,1872.0
2020-03-24,5117,29.0,0.0,29.0,RKI,DE-NW,Mülheim an der Ruhr,170880.0,1872.0
2020-03-25,5117,30.0,0.0,30.0,RKI,DE-NW,Mülheim an der Ruhr,170880.0,1872.0
2020-03-27,5117,34.0,0.0,34.0,RKI,DE-NW,Mülheim an der Ruhr,170880.0,1872.0
2020-03-30,5117,68.0,1.0,34.0,Tagesspiegel,DE-NW,Mülheim an der Ruhr,170880.0,1872.0
2020-03-31,5117,74.0,1.0,39.0,Tagesspiegel,DE-NW,Mülheim an der Ruhr,170880.0,1872.0
2020-04-01,5117,78.0,2.0,41.0,Tagesspiegel,DE-NW,Mülheim an der Ruhr,170880.0,1872.0
2020-04-02,5117,86.0,2.0,45.0,Tagesspiegel,DE-NW,Mülheim an der Ruhr,170880.0,1872.0
2020-04-03,5117,97.0,2.0,46.0,Tagesspiegel,DE-NW,Mülheim an der Ruhr,170880.0,1872.0
2020-04-06,5117,105.0,3.0,53.0,Tagesspiegel,DE-NW,Mülheim an der Ruhr,170880.0,1872.0
2020-04-07,5117,107.0,4.0,56.0,Tagesspiegel,DE-NW,Mülheim an der Ruhr,170880.0,1872.0
2020-04-11,5117,131.0,4.0,73.0,Tagesspiegel,DE-NW,Mülheim an der Ruhr,170880.0,1872.0
2020-04-14,5117,131.0,4.0,82.0,Tagesspiegel,DE-NW,Mülheim an der Ruhr,170880.0,1872.0
2020-04-16,5117,131.0,4.0,87.0,Tagesspiegel,DE-NW,Mülheim an der Ruhr,170880.0,1872.0
2020-04-17,5117,136.0,4.0,93.0,Tagesspiegel,DE-NW,Mülheim an der Ruhr,170880.0,1872.0
2020-04-20,5117,143.0,5.0,99.0,Tagesspiegel,DE-NW,Mülheim an der Ruhr,170880.0,1872.0
2020-04-21,5117,148.0,5.0,102.0,Tagesspiegel,DE-NW,Mülheim an der Ruhr,170880.0,1872.0
2020-04-22,5117,151.0,5.0,105.0,Tagesspiegel,DE-NW,Mülheim an der Ruhr,170880.0,1872.0
2020-04-24,5117,160.0,6.0,113.0,Tagesspiegel,DE-NW,Mülheim an der Ruhr,170880.0,1872.0
2020-04-27,5117,167.0,6.0,116.0,Tagesspiegel,DE-NW,Mülheim an der Ruhr,170880.0,1872.0
2020-04-28,5117,168.0,6.0,116.0,Tagesspiegel,DE-NW,Mülheim an der Ruhr,170880.0,1872.0
2020-04-30,5117,169.0,7.0,122.0,Tagesspiegel,DE-NW,Mülheim an der Ruhr,170880.0,1872.0
2020-05-04,5117,172.0,7.0,125.0,Tagesspiegel,DE-NW,Mülheim an der Ruhr,170880.0,1872.0
2020-05-05,5117,174.0,8.0,137.0,Tagesspiegel,DE-NW,Mülheim an der Ruhr,170880.0,1872.0
2020-05-07,5117,177.0,8.0,144.0,Tagesspiegel,DE-NW,Mülheim an der Ruhr,170880.0,1872.0
2020-05-08,5117,178.0,8.0,151.0,Tagesspiegel,DE-NW,Mülheim an der Ruhr,170880.0,1872.0
2020-05-13,5117,184.0,8.0,154.0,Tagesspiegel,DE-NW,Mülheim an der Ruhr,170880.0,1872.0
2020-05-15,5117,188.0,8.0,154.0,Tagesspiegel,DE-NW,Mülheim an der Ruhr,170880.0,1872.0
2020-05-18,5117,191.0,8.0,161.0,Tagesspiegel,DE-NW,Mülheim an der Ruhr,170880.0,1872.0
2020-05-22,5117,193.0,8.0,170.0,Tagesspiegel,DE-NW,Mülheim an der Ruhr,170880.0,1872.0
2020-05-25,5117,194.0,8.0,170.0,Tagesspiegel,DE-NW,Mülheim an der Ruhr,170880.0,1872.0
2020-05-26,5117,196.0,8.0,176.0,Tagesspiegel,DE-NW,Mülheim an der Ruhr,170880.0,1872.0
2020-05-27,5117,198.0,8.0,177.0,Tagesspiegel,DE-NW,Mülheim an der Ruhr,170880.0,1872.0
2020-05-28,5117,202.0,8.0,177.0,Tagesspiegel,DE-NW,Mülheim an der Ruhr,170880.0,1872.0
2020-05-29,5117,204.0,8.0,178.0,Tagesspiegel,DE-NW,Mülheim an der Ruhr,170880.0,1872.0
2020-06-02,5117,213.0,8.0,180.0,Tagesspiegel,DE-NW,Mülheim an der Ruhr,170880.0,1872.0
2020-06-09,5117,215.0,10.0,191.0,Tagesspiegel,DE-NW,Mülheim an der Ruhr,170880.0,1872.0
2020-06-10,5117,216.0,10.0,192.0,Tagesspiegel,DE-NW,Mülheim an der Ruhr,170880.0,1872.0
2020-06-15,5117,219.0,11.0,195.0,Tagesspiegel,DE-NW,Mülheim an der Ruhr,170880.0,1872.0
2020-06-17,5117,222.0,11.0,204.0,Tagesspiegel,DE-NW,Mülheim an der Ruhr,170880.0,1872.0
2020-06-18,5117,224.0,11.0,204.0,Tagesspiegel,DE-NW,Mülheim an der Ruhr,170880.0,1872.0
2020-06-19,5117,227.0,11.0,204.0,Tagesspiegel,DE-NW,Mülheim an der Ruhr,170880.0,1872.0
2020-06-22,5117,234.0,11.0,205.0,Tagesspiegel,DE-NW,Mülheim an der Ruhr,170880.0,1872.0
2020-06-23,5117,236.0,11.0,205.0,Tagesspiegel,DE-NW,Mülheim an der Ruhr,170880.0,1872.0
2020-06-24,5117,241.0,11.0,208.0,Tagesspiegel,DE-NW,Mülheim an der Ruhr,170880.0,1872.0
2020-06-25,5117,243.0,12.0,209.0,Tagesspiegel,DE-NW,Mülheim an der Ruhr,170880.0,1872.0
2020-06-26,5117,250.0,12.0,210.0,Tagesspiegel,DE-NW,Mülheim an der Ruhr,170880.0,1872.0
2020-06-29,5117,256.0,12.0,219.0,Tagesspiegel,DE-NW,Mülheim an der Ruhr,170880.0,1872.0
2020-06-30,5117,259.0,12.0,220.0,Tagesspiegel,DE-NW,Mülheim an der Ruhr,170880.0,1872.0
2020-07-01,5117,264.0,12.0,222.0,Tagesspiegel,DE-NW,Mülheim an der Ruhr,170880.0,1872.0
2020-07-02,5117,266.0,12.0,226.0,Tagesspiegel,DE-NW,Mülheim an der Ruhr,170880.0,1872.0
2020-07-03,5117,271.0,12.0,229.0,Tagesspiegel,DE-NW,Mülheim an der Ruhr,170880.0,1872.0
2020-07-07,5117,279.0,13.0,244.0,Tagesspiegel,DE-NW,Mülheim an der Ruhr,170880.0,1872.0
2020-07-08,5117,281.0,13.0,241.0,Tagesspiegel,DE-NW,Mülheim an der Ruhr,170880.0,1872.0
2020-07-09,5117,279.0,13.0,251.0,Tagesspiegel,DE-NW,Mülheim an der Ruhr,170880.0,1872.0
2020-07-10,5117,284.0,13.0,255.0,Tagesspiegel,DE-NW,Mülheim an der Ruhr,170880.0,1872.0
2020-07-13,5117,289.0,13.0,258.0,Tagesspiegel,DE-NW,Mülheim an der Ruhr,170880.0,1872.0
2020-07-14,5117,289.0,13.0,262.0,Tagesspiegel,DE-NW,Mülheim an der Ruhr,170880.0,1872.0
2020-07-15,5117,292.0,13.0,262.0,Tagesspiegel,DE-NW,Mülheim an der Ruhr,170880.0,1872.0
2020-07-16,5117,298.0,13.0,269.0,Tagesspiegel,DE-NW,Mülheim an der Ruhr,170880.0,1872.0
2020-03-05,7111,0.0,0.0,0.0,RKI,DE-RP,Koblenz,114024.0,1085.0
2020-03-08,7111,2.0,0.0,2.0,RKI,DE-RP,Koblenz,114024.0,1085.0
2020-03-10,7111,3.0,0.0,3.0,RKI,DE-RP,Koblenz,114024.0,1085.0
2020-03-11,7111,3.0,0.0,3.0,RKI,DE-RP,Koblenz,114024.0,1085.0
2020-03-12,7111,5.0,0.0,5.0,RKI,DE-RP,Koblenz,114024.0,1085.0
2020-03-14,7111,5.0,0.0,5.0,RKI,DE-RP,Koblenz,114024.0,1085.0
2020-03-15,7111,12.0,0.0,12.0,RKI,DE-RP,Koblenz,114024.0,1085.0
2020-03-16,7111,20.0,0.0,20.0,RKI,DE-RP,Koblenz,114024.0,1085.0
2020-03-17,7111,26.0,0.0,26.0,RKI,DE-RP,Koblenz,114024.0,1085.0
2020-03-18,7111,29.0,0.0,29.0,RKI,DE-RP,Koblenz,114024.0,1085.0
2020-03-19,7111,35.0,0.0,35.0,RKI,DE-RP,Koblenz,114024.0,1085.0
2020-03-20,7111,43.0,0.0,43.0,RKI,DE-RP,Koblenz,114024.0,1085.0
2020-03-21,7111,49.0,0.0,49.0,RKI,DE-RP,Koblenz,114024.0,1085.0
2020-03-22,7111,56.0,0.0,56.0,RKI,DE-RP,Koblenz,114024.0,1085.0
2020-03-23,7111,63.0,0.0,63.0,RKI,DE-RP,Koblenz,114024.0,1085.0
2020-03-24,7111,83.0,1.0,82.0,RKI,DE-RP,Koblenz,114024.0,1085.0
2020-03-25,7111,87.0,3.0,84.0,RKI,DE-RP,Koblenz,114024.0,1085.0
2020-03-26,7111,90.0,3.0,87.0,RKI,DE-RP,Koblenz,114024.0,1085.0
2020-03-27,7111,100.0,5.0,95.0,RKI,DE-RP,Koblenz,114024.0,1085.0
2020-03-28,7111,104.0,6.0,98.0,RKI,DE-RP,Koblenz,114024.0,1085.0
2020-03-29,7111,105.0,6.0,99.0,RKI,DE-RP,Koblenz,114024.0,1085.0
2020-03-30,7111,108.0,6.0,102.0,RKI,DE-RP,Koblenz,114024.0,1085.0
2020-03-31,7111,114.0,8.0,106.0,RKI,DE-RP,Koblenz,114024.0,1085.0
2020-04-01,7111,117.0,8.0,109.0,RKI,DE-RP,Koblenz,114024.0,1085.0
2020-04-02,7111,155.0,6.0,40.0,Tagesspiegel,DE-RP,Koblenz,114024.0,1085.0
2020-04-03,7111,157.0,6.0,40.0,Tagesspiegel,DE-RP,Koblenz,114024.0,1085.0
2020-04-04,7111,164.0,7.0,50.0,Tagesspiegel,DE-RP,Koblenz,114024.0,1085.0
2020-04-05,7111,167.0,7.0,50.0,Tagesspiegel,DE-RP,Koblenz,114024.0,1085.0
2020-04-06,7111,167.0,7.0,60.0,Tagesspiegel,DE-RP,Koblenz,114024.0,1085.0
2020-04-07,7111,177.0,7.0,60.0,Tagesspiegel,DE-RP,Koblenz,114024.0,1085.0
2020-04-08,7111,190.0,8.0,60.0,Tagesspiegel,DE-RP,Koblenz,114024.0,1085.0
2020-04-09,7111,201.0,8.0,106.0,Tagesspiegel,DE-RP,Koblenz,114024.0,1085.0
2020-04-10,7111,205.0,8.0,119.0,Tagesspiegel,DE-RP,Koblenz,114024.0,1085.0
2020-04-11,7111,210.0,8.0,122.0,Tagesspiegel,DE-RP,Koblenz,114024.0,1085.0
2020-04-12,7111,214.0,9.0,127.0,Tagesspiegel,DE-RP,Koblenz,114024.0,1085.0
2020-04-13,7111,215.0,10.0,132.0,Tagesspiegel,DE-RP,Koblenz,114024.0,1085.0
2020-04-14,7111,217.0,10.0,134.0,Tagesspiegel,DE-RP,Koblenz,114024.0,1085.0
2020-04-15,7111,218.0,11.0,139.0,Tagesspiegel,DE-RP,Koblenz,114024.0,1085.0
2020-04-17,7111,229.0,11.0,154.0,Tagesspiegel,DE-RP,Koblenz,114024.0,1085.0
2020-04-18,7111,230.0,12.0,160.0,Tagesspiegel,DE-RP,Koblenz,114024.0,1085.0
2020-04-19,7111,235.0,12.0,163.0,Tagesspiegel,DE-RP,Koblenz,114024.0,1085.0
2020-04-20,7111,238.0,12.0,152.0,Tagesspiegel,DE-RP,Koblenz,114024.0,1085.0
2020-04-21,7111,240.0,12.0,161.0,Tagesspiegel,DE-RP,Koblenz,114024.0,1085.0
2020-04-22,7111,243.0,12.0,168.0,Tagesspiegel,DE-RP,Koblenz,114024.0,1085.0
2020-04-23,7111,246.0,12.0,171.0,Tagesspiegel,DE-RP,Koblenz,114024.0,1085.0
2020-04-24,7111,246.0,12.0,174.0,Tagesspiegel,DE-RP,Koblenz,114024.0,1085.0
2020-04-25,7111,248.0,14.0,189.0,Tagesspiegel,DE-RP,Koblenz,114024.0,1085.0
2020-04-26,7111,252.0,15.0,189.0,Tagesspiegel,DE-RP,Koblenz,114024.0,1085.0
2020-04-29,7111,259.0,16.0,198.0,Tagesspiegel,DE-RP,Koblenz,114024.0,1085.0
2020-05-02,7111,262.0,17.0,202.0,Tagesspiegel,DE-RP,Koblenz,114024.0,1085.0
2020-05-05,7111,262.0,17.0,208.0,Tagesspiegel,DE-RP,Koblenz,114024.0,1085.0
2020-06-08,7111,265.0,18.0,245.0,Tagesspiegel,DE-RP,Koblenz,114024.0,1085.0
2020-06-09,7111,265.0,18.0,246.0,Tagesspiegel,DE-RP,Koblenz,114024.0,1085.0
2020-06-19,7111,266.0,18.0,248.0,Tagesspiegel,DE-RP,Koblenz,114024.0,1085.0
2020-07-09,7111,267.0,18.0,248.0,Tagesspiegel,DE-RP,Koblenz,114024.0,1085.0
2020-07-10,7111,270.0,18.0,249.0,Tagesspiegel,DE-RP,Koblenz,114024.0,1085.0
2020-03-13,7131,7.0,0.0,7.0,RKI,DE-RP,Ahrweiler,129727.0,165.0
2020-03-14,7131,7.0,0.0,7.0,RKI,DE-RP,Ahrweiler,129727.0,165.0
2020-03-16,7131,9.0,0.0,9.0,RKI,DE-RP,Ahrweiler,129727.0,165.0
2020-03-17,7131,13.0,0.0,13.0,RKI,DE-RP,Ahrweiler,129727.0,165.0
2020-03-18,7131,20.0,0.0,20.0,RKI,DE-RP,Ahrweiler,129727.0,165.0
2020-03-19,7131,26.0,0.0,26.0,RKI,DE-RP,Ahrweiler,129727.0,165.0
2020-03-20,7131,31.0,0.0,31.0,RKI,DE-RP,Ahrweiler,129727.0,165.0
2020-03-21,7131,33.0,0.0,33.0,RKI,DE-RP,Ahrweiler,129727.0,165.0
2020-03-22,7131,33.0,0.0,33.0,RKI,DE-RP,Ahrweiler,129727.0,165.0
2020-03-23,7131,36.0,0.0,36.0,RKI,DE-RP,Ahrweiler,129727.0,165.0
2020-03-24,7131,37.0,0.0,37.0,RKI,DE-RP,Ahrweiler,129727.0,165.0
2020-03-25,7131,41.0,1.0,40.0,RKI,DE-RP,Ahrweiler,129727.0,165.0
2020-03-26,7131,42.0,1.0,41.0,RKI,DE-RP,Ahrweiler,129727.0,165.0
2020-03-27,7131,45.0,1.0,44.0,RKI,DE-RP,Ahrweiler,129727.0,165.0
2020-03-28,7131,47.0,1.0,46.0,RKI,DE-RP,Ahrweiler,129727.0,165.0
2020-03-29,7131,48.0,1.0,47.0,RKI,DE-RP,Ahrweiler,129727.0,165.0
2020-03-30,7131,68.0,1.0,5.0,Tagesspiegel,DE-RP,Ahrweiler,129727.0,165.0
2020-03-31,7131,70.0,1.0,5.0,Tagesspiegel,DE-RP,Ahrweiler,129727.0,165.0
2020-04-01,7131,71.0,1.0,5.0,Tagesspiegel,DE-RP,Ahrweiler,129727.0,165.0
2020-04-02,7131,74.0,1.0,5.0,Tagesspiegel,DE-RP,Ahrweiler,129727.0,165.0
2020-04-03,7131,82.0,1.0,5.0,Tagesspiegel,DE-RP,Ahrweiler,129727.0,165.0
2020-04-04,7131,83.0,1.0,5.0,Tagesspiegel,DE-RP,Ahrweiler,129727.0,165.0
2020-04-05,7131,91.0,1.0,33.0,Tagesspiegel,DE-RP,Ahrweiler,129727.0,165.0
2020-04-06,7131,95.0,1.0,33.0,Tagesspiegel,DE-RP,Ahrweiler,129727.0,165.0
2020-04-07,7131,99.0,1.0,43.0,Tagesspiegel,DE-RP,Ahrweiler,129727.0,165.0
2020-04-08,7131,101.0,1.0,43.0,Tagesspiegel,DE-RP,Ahrweiler,129727.0,165.0
2020-04-09,7131,103.0,1.0,46.0,Tagesspiegel,DE-RP,Ahrweiler,129727.0,165.0
2020-04-10,7131,104.0,1.0,51.0,Tagesspiegel,DE-RP,Ahrweiler,129727.0,165.0
2020-04-11,7131,107.0,1.0,55.0,Tagesspiegel,DE-RP,Ahrweiler,129727.0,165.0
2020-04-14,7131,113.0,1.0,63.0,Tagesspiegel,DE-RP,Ahrweiler,129727.0,165.0
2020-04-17,7131,114.0,1.0,79.0,Tagesspiegel,DE-RP,Ahrweiler,129727.0,165.0
2020-04-21,7131,115.0,1.0,94.0,Tagesspiegel,DE-RP,Ahrweiler,129727.0,165.0
2020-04-23,7131,116.0,1.0,98.0,Tagesspiegel,DE-RP,Ahrweiler,129727.0,165.0
2020-04-28,7131,118.0,1.0,102.0,Tagesspiegel,DE-RP,Ahrweiler,129727.0,165.0
2020-04-29,7131,121.0,1.0,104.0,Tagesspiegel,DE-RP,Ahrweiler,129727.0,165.0
2020-04-30,7131,123.0,1.0,109.0,Tagesspiegel,DE-RP,Ahrweiler,129727.0,165.0
2020-05-01,7131,126.0,1.0,109.0,Tagesspiegel,DE-RP,Ahrweiler,129727.0,165.0
2020-05-02,7131,126.0,1.0,109.0,Tagesspiegel,DE-RP,Ahrweiler,129727.0,165.0
2020-05-04,7131,137.0,1.0,109.0,Tagesspiegel,DE-RP,Ahrweiler,129727.0,165.0
2020-05-05,7131,138.0,1.0,109.0,Tagesspiegel,DE-RP,Ahrweiler,129727.0,165.0
2020-05-08,7131,140.0,1.0,116.0,Tagesspiegel,DE-RP,Ahrweiler,129727.0,165.0
2020-05-09,7131,141.0,1.0,116.0,Tagesspiegel,DE-RP,Ahrweiler,129727.0,165.0
2020-05-10,7131,144.0,1.0,116.0,Tagesspiegel,DE-RP,Ahrweiler,129727.0,165.0
2020-05-11,7131,149.0,1.0,116.0,Tagesspiegel,DE-RP,Ahrweiler,129727.0,165.0
2020-05-12,7131,154.0,1.0,118.0,Tagesspiegel,DE-RP,Ahrweiler,129727.0,165.0
2020-05-13,7131,155.0,1.0,118.0,Tagesspiegel,DE-RP,Ahrweiler,129727.0,165.0
2020-05-14,7131,156.0,1.0,119.0,Tagesspiegel,DE-RP,Ahrweiler,129727.0,165.0
2020-05-15,7131,157.0,1.0,121.0,Tagesspiegel,DE-RP,Ahrweiler,129727.0,165.0
2020-05-17,7131,167.0,1.0,133.0,Tagesspiegel,DE-RP,Ahrweiler,129727.0,165.0
2020-05-18,7131,168.0,1.0,137.0,Tagesspiegel,DE-RP,Ahrweiler,129727.0,165.0
2020-05-19,7131,175.0,1.0,137.0,Tagesspiegel,DE-RP,Ahrweiler,129727.0,165.0
2020-05-20,7131,178.0,1.0,137.0,Tagesspiegel,DE-RP,Ahrweiler,129727.0,165.0
2020-05-21,7131,179.0,1.0,138.0,Tagesspiegel,DE-RP,Ahrweiler,129727.0,165.0
2020-05-22,7131,180.0,1.0,138.0,Tagesspiegel,DE-RP,Ahrweiler,129727.0,165.0
2020-05-23,7131,184.0,1.0,139.0,Tagesspiegel,DE-RP,Ahrweiler,129727.0,165.0
2020-05-24,7131,185.0,1.0,141.0,Tagesspiegel,DE-RP,Ahrweiler,129727.0,165.0
2020-05-25,7131,186.0,1.0,141.0,Tagesspiegel,DE-RP,Ahrweiler,129727.0,165.0
2020-05-26,7131,186.0,1.0,154.0,Tagesspiegel,DE-RP,Ahrweiler,129727.0,165.0
2020-05-29,7131,189.0,1.0,159.0,Tagesspiegel,DE-RP,Ahrweiler,129727.0,165.0
2020-06-02,7131,190.0,1.0,170.0,Tagesspiegel,DE-RP,Ahrweiler,129727.0,165.0
2020-06-05,7131,191.0,1.0,171.0,Tagesspiegel,DE-RP,Ahrweiler,129727.0,165.0
2020-06-06,7131,193.0,1.0,175.0,Tagesspiegel,DE-RP,Ahrweiler,129727.0,165.0
2020-06-08,7131,195.0,1.0,180.0,Tagesspiegel,DE-RP,Ahrweiler,129727.0,165.0
2020-06-12,7131,196.0,1.0,187.0,Tagesspiegel,DE-RP,Ahrweiler,129727.0,165.0
2020-06-26,7131,197.0,1.0,196.0,Tagesspiegel,DE-RP,Ahrweiler,129727.0,165.0
2020-06-30,7131,198.0,1.0,196.0,Tagesspiegel,DE-RP,Ahrweiler,129727.0,165.0
2020-07-01,7131,202.0,1.0,196.0,Tagesspiegel,DE-RP,Ahrweiler,129727.0,165.0
2020-07-02,7131,205.0,1.0,196.0,Tagesspiegel,DE-RP,Ahrweiler,129727.0,165.0
2020-07-04,7131,208.0,1.0,196.0,Tagesspiegel,DE-RP,Ahrweiler,129727.0,165.0
2020-07-12,7131,209.0,1.0,197.0,Tagesspiegel,DE-RP,Ahrweiler,129727.0,165.0
2020-07-13,7131,215.0,1.0,197.0,Tagesspiegel,DE-RP,Ahrweiler,129727.0,165.0
2020-07-15,7131,216.0,1.0,202.0,Tagesspiegel,DE-RP,Ahrweiler,129727.0,165.0
2020-03-13,7132,5.0,0.0,5.0,RKI,DE-RP,Altenkirchen,128705.0,200.0
2020-03-16,7132,11.0,0.0,11.0,RKI,DE-RP,Altenkirchen,128705.0,200.0
2020-03-17,7132,12.0,0.0,12.0,RKI,DE-RP,Altenkirchen,128705.0,200.0
2020-03-18,7132,12.0,0.0,12.0,RKI,DE-RP,Altenkirchen,128705.0,200.0
2020-03-19,7132,13.0,0.0,13.0,RKI,DE-RP,Altenkirchen,128705.0,200.0
2020-03-20,7132,13.0,0.0,13.0,RKI,DE-RP,Altenkirchen,128705.0,200.0
2020-03-21,7132,15.0,0.0,15.0,RKI,DE-RP,Altenkirchen,128705.0,200.0
2020-03-23,7132,18.0,0.0,18.0,RKI,DE-RP,Altenkirchen,128705.0,200.0
2020-03-24,7132,21.0,0.0,21.0,RKI,DE-RP,Altenkirchen,128705.0,200.0
2020-03-25,7132,23.0,0.0,23.0,RKI,DE-RP,Altenkirchen,128705.0,200.0
2020-03-26,7132,25.0,0.0,25.0,RKI,DE-RP,Altenkirchen,128705.0,200.0
2020-03-27,7132,31.0,0.0,31.0,RKI,DE-RP,Altenkirchen,128705.0,200.0
2020-03-28,7132,35.0,0.0,35.0,RKI,DE-RP,Altenkirchen,128705.0,200.0
2020-03-29,7132,36.0,0.0,36.0,RKI,DE-RP,Altenkirchen,128705.0,200.0
2020-03-30,7132,50.0,0.0,8.0,Tagesspiegel,DE-RP,Altenkirchen,128705.0,200.0
2020-03-31,7132,53.0,0.0,8.0,Tagesspiegel,DE-RP,Altenkirchen,128705.0,200.0
2020-04-01,7132,53.0,0.0,8.0,Tagesspiegel,DE-RP,Altenkirchen,128705.0,200.0
2020-04-02,7132,57.0,0.0,25.0,Tagesspiegel,DE-RP,Altenkirchen,128705.0,200.0
2020-04-03,7132,59.0,0.0,27.0,Tagesspiegel,DE-RP,Altenkirchen,128705.0,200.0
2020-04-04,7132,62.0,0.0,27.0,Tagesspiegel,DE-RP,Altenkirchen,128705.0,200.0
2020-04-05,7132,62.0,0.0,27.0,Tagesspiegel,DE-RP,Altenkirchen,128705.0,200.0
2020-04-06,7132,66.0,0.0,27.0,Tagesspiegel,DE-RP,Altenkirchen,128705.0,200.0
2020-04-07,7132,71.0,0.0,45.0,Tagesspiegel,DE-RP,Altenkirchen,128705.0,200.0
2020-04-08,7132,72.0,0.0,45.0,Tagesspiegel,DE-RP,Altenkirchen,128705.0,200.0
2020-04-09,7132,74.0,0.0,48.0,Tagesspiegel,DE-RP,Altenkirchen,128705.0,200.0
2020-04-10,7132,82.0,1.0,48.0,Tagesspiegel,DE-RP,Altenkirchen,128705.0,200.0
2020-04-11,7132,95.0,1.0,48.0,Tagesspiegel,DE-RP,Altenkirchen,128705.0,200.0
2020-04-12,7132,95.0,2.0,48.0,Tagesspiegel,DE-RP,Altenkirchen,128705.0,200.0
2020-04-14,7132,101.0,3.0,58.0,Tagesspiegel,DE-RP,Altenkirchen,128705.0,200.0
2020-04-15,7132,105.0,4.0,66.0,Tagesspiegel,DE-RP,Altenkirchen,128705.0,200.0
2020-04-16,7132,107.0,4.0,66.0,Tagesspiegel,DE-RP,Altenkirchen,128705.0,200.0
2020-04-17,7132,111.0,4.0,66.0,Tagesspiegel,DE-RP,Altenkirchen,128705.0,200.0
2020-04-18,7132,121.0,4.0,66.0,Tagesspiegel,DE-RP,Altenkirchen,128705.0,200.0
2020-04-21,7132,128.0,7.0,75.0,Tagesspiegel,DE-RP,Altenkirchen,128705.0,200.0
2020-04-22,7132,128.0,7.0,77.0,Tagesspiegel,DE-RP,Altenkirchen,128705.0,200.0
2020-04-23,7132,134.0,8.0,78.0,Tagesspiegel,DE-RP,Altenkirchen,128705.0,200.0
2020-04-25,7132,138.0,8.0,87.0,Tagesspiegel,DE-RP,Altenkirchen,128705.0,200.0
2020-04-26,7132,138.0,8.0,87.0,Tagesspiegel,DE-RP,Altenkirchen,128705.0,200.0
2020-04-27,7132,143.0,8.0,90.0,Tagesspiegel,DE-RP,Altenkirchen,128705.0,200.0
2020-04-29,7132,145.0,9.0,98.0,Tagesspiegel,DE-RP,Altenkirchen,128705.0,200.0
2020-04-30,7132,148.0,9.0,103.0,Tagesspiegel,DE-RP,Altenkirchen,128705.0,200.0
2020-05-02,7132,149.0,9.0,108.0,Tagesspiegel,DE-RP,Altenkirchen,128705.0,200.0
2020-05-04,7132,151.0,11.0,114.0,Tagesspiegel,DE-RP,Altenkirchen,128705.0,200.0
2020-05-10,7132,152.0,11.0,126.0,Tagesspiegel,DE-RP,Altenkirchen,128705.0,200.0
2020-05-12,7132,153.0,11.0,131.0,Tagesspiegel,DE-RP,Altenkirchen,128705.0,200.0
2020-05-15,7132,153.0,11.0,135.0,Tagesspiegel,DE-RP,Altenkirchen,128705.0,200.0
2020-05-17,7132,155.0,11.0,140.0,Tagesspiegel,DE-RP,Altenkirchen,128705.0,200.0
2020-05-19,7132,155.0,11.0,141.0,Tagesspiegel,DE-RP,Altenkirchen,128705.0,200.0
2020-05-25,7132,162.0,11.0,141.0,Tagesspiegel,DE-RP,Altenkirchen,128705.0,200.0
2020-05-27,7132,163.0,11.0,144.0,Tagesspiegel,DE-RP,Altenkirchen,128705.0,200.0
2020-06-16,7132,163.0,11.0,152.0,Tagesspiegel,DE-RP,Altenkirchen,128705.0,200.0
2020-06-18,7132,165.0,11.0,152.0,Tagesspiegel,DE-RP,Altenkirchen,128705.0,200.0
2020-07-03,7132,170.0,11.0,159.0,Tagesspiegel,DE-RP,Altenkirchen,128705.0,200.0
2020-07-04,7132,170.0,11.0,159.0,Tagesspiegel,DE-RP,Altenkirchen,128705.0,200.0
2020-07-07,7132,174.0,11.0,159.0,Tagesspiegel,DE-RP,Altenkirchen,128705.0,200.0
2020-07-14,7132,176.0,11.0,159.0,Tagesspiegel,DE-RP,Altenkirchen,128705.0,200.0
2020-07-15,7132,176.0,11.0,159.0,Tagesspiegel,DE-RP,Altenkirchen,128705.0,200.0
2020-03-11,7133,6.0,0.0,6.0,RKI,DE-RP,Bad Kreuznach,158080.0,183.0
2020-03-12,7133,10.0,0.0,10.0,RKI,DE-RP,Bad Kreuznach,158080.0,183.0
2020-03-13,7133,10.0,0.0,10.0,RKI,DE-RP,Bad Kreuznach,158080.0,183.0
2020-03-16,7133,16.0,0.0,16.0,RKI,DE-RP,Bad Kreuznach,158080.0,183.0
2020-03-18,7133,19.0,0.0,19.0,RKI,DE-RP,Bad Kreuznach,158080.0,183.0
2020-03-19,7133,26.0,0.0,26.0,RKI,DE-RP,Bad Kreuznach,158080.0,183.0
2020-03-20,7133,36.0,0.0,36.0,RKI,DE-RP,Bad Kreuznach,158080.0,183.0
2020-03-23,7133,41.0,0.0,41.0,RKI,DE-RP,Bad Kreuznach,158080.0,183.0
2020-03-24,7133,49.0,0.0,49.0,RKI,DE-RP,Bad Kreuznach,158080.0,183.0
2020-03-25,7133,52.0,0.0,52.0,RKI,DE-RP,Bad Kreuznach,158080.0,183.0
2020-03-26,7133,60.0,0.0,60.0,RKI,DE-RP,Bad Kreuznach,158080.0,183.0
2020-03-27,7133,64.0,0.0,64.0,RKI,DE-RP,Bad Kreuznach,158080.0,183.0
2020-03-30,7133,92.0,0.0,10.0,Tagesspiegel,DE-RP,Bad Kreuznach,158080.0,183.0
2020-03-31,7133,98.0,0.0,13.0,Tagesspiegel,DE-RP,Bad Kreuznach,158080.0,183.0
2020-04-01,7133,108.0,0.0,14.0,Tagesspiegel,DE-RP,Bad Kreuznach,158080.0,183.0
2020-04-02,7133,114.0,0.0,16.0,Tagesspiegel,DE-RP,Bad Kreuznach,158080.0,183.0
2020-04-03,7133,123.0,0.0,29.0,Tagesspiegel,DE-RP,Bad Kreuznach,158080.0,183.0
2020-04-06,7133,137.0,1.0,33.0,Tagesspiegel,DE-RP,Bad Kreuznach,158080.0,183.0
2020-04-07,7133,137.0,1.0,38.0,Tagesspiegel,DE-RP,Bad Kreuznach,158080.0,183.0
2020-04-08,7133,140.0,1.0,39.0,Tagesspiegel,DE-RP,Bad Kreuznach,158080.0,183.0
2020-04-14,7133,147.0,1.0,46.0,Tagesspiegel,DE-RP,Bad Kreuznach,158080.0,183.0
2020-04-15,7133,151.0,1.0,52.0,Tagesspiegel,DE-RP,Bad Kreuznach,158080.0,183.0
2020-04-16,7133,154.0,2.0,52.0,Tagesspiegel,DE-RP,Bad Kreuznach,158080.0,183.0
2020-04-17,7133,161.0,2.0,60.0,Tagesspiegel,DE-RP,Bad Kreuznach,158080.0,183.0
2020-04-20,7133,171.0,2.0,61.0,Tagesspiegel,DE-RP,Bad Kreuznach,158080.0,183.0
2020-04-21,7133,172.0,2.0,76.0,Tagesspiegel,DE-RP,Bad Kreuznach,158080.0,183.0
2020-04-22,7133,177.0,2.0,76.0,Tagesspiegel,DE-RP,Bad Kreuznach,158080.0,183.0
2020-04-23,7133,181.0,2.0,84.0,Tagesspiegel,DE-RP,Bad Kreuznach,158080.0,183.0
2020-04-24,7133,183.0,3.0,84.0,Tagesspiegel,DE-RP,Bad Kreuznach,158080.0,183.0
2020-04-30,7133,186.0,3.0,103.0,Tagesspiegel,DE-RP,Bad Kreuznach,158080.0,183.0
2020-05-04,7133,187.0,3.0,118.0,Tagesspiegel,DE-RP,Bad Kreuznach,158080.0,183.0
2020-05-05,7133,189.0,3.0,118.0,Tagesspiegel,DE-RP,Bad Kreuznach,158080.0,183.0
2020-05-08,7133,192.0,3.0,141.0,Tagesspiegel,DE-RP,Bad Kreuznach,158080.0,183.0
2020-05-12,7133,193.0,5.0,154.0,Tagesspiegel,DE-RP,Bad Kreuznach,158080.0,183.0
2020-05-13,7133,193.0,5.0,154.0,Tagesspiegel,DE-RP,Bad Kreuznach,158080.0,183.0
2020-05-15,7133,196.0,6.0,163.0,Tagesspiegel,DE-RP,Bad Kreuznach,158080.0,183.0
2020-06-03,7133,196.0,7.0,186.0,Tagesspiegel,DE-RP,Bad Kreuznach,158080.0,183.0
2020-06-10,7133,198.0,7.0,188.0,Tagesspiegel,DE-RP,Bad Kreuznach,158080.0,183.0
2020-06-16,7133,199.0,7.0,188.0,Tagesspiegel,DE-RP,Bad Kreuznach,158080.0,183.0
2020-06-22,7133,201.0,7.0,189.0,Tagesspiegel,DE-RP,Bad Kreuznach,158080.0,183.0
2020-07-03,7133,202.0,7.0,193.0,Tagesspiegel,DE-RP,Bad Kreuznach,158080.0,183.0
2020-07-13,7133,203.0,7.0,194.0,Tagesspiegel,DE-RP,Bad Kreuznach,158080.0,183.0
2020-03-17,7134,0.0,0.0,0.0,RKI,DE-RP,Birkenfeld,80720.0,104.0
2020-03-18,7134,1.0,0.0,1.0,RKI,DE-RP,Birkenfeld,80720.0,104.0
2020-03-19,7134,1.0,0.0,1.0,RKI,DE-RP,Birkenfeld,80720.0,104.0
2020-03-20,7134,3.0,0.0,3.0,RKI,DE-RP,Birkenfeld,80720.0,104.0
2020-03-22,7134,4.0,0.0,4.0,RKI,DE-RP,Birkenfeld,80720.0,104.0
2020-03-23,7134,9.0,0.0,9.0,RKI,DE-RP,Birkenfeld,80720.0,104.0
2020-03-24,7134,9.0,0.0,9.0,RKI,DE-RP,Birkenfeld,80720.0,104.0
2020-03-25,7134,10.0,0.0,10.0,RKI,DE-RP,Birkenfeld,80720.0,104.0
2020-03-26,7134,14.0,0.0,14.0,RKI,DE-RP,Birkenfeld,80720.0,104.0
2020-03-27,7134,18.0,0.0,18.0,RKI,DE-RP,Birkenfeld,80720.0,104.0
2020-03-28,7134,19.0,0.0,19.0,RKI,DE-RP,Birkenfeld,80720.0,104.0
2020-03-29,7134,19.0,0.0,19.0,RKI,DE-RP,Birkenfeld,80720.0,104.0
2020-03-30,7134,34.0,0.0,5.0,Tagesspiegel,DE-RP,Birkenfeld,80720.0,104.0
2020-04-01,7134,36.0,0.0,5.0,Tagesspiegel,DE-RP,Birkenfeld,80720.0,104.0
2020-04-02,7134,38.0,0.0,8.0,Tagesspiegel,DE-RP,Birkenfeld,80720.0,104.0
2020-04-03,7134,45.0,0.0,8.0,Tagesspiegel,DE-RP,Birkenfeld,80720.0,104.0
2020-04-04,7134,49.0,0.0,8.0,Tagesspiegel,DE-RP,Birkenfeld,80720.0,104.0
2020-04-06,7134,53.0,0.0,12.0,Tagesspiegel,DE-RP,Birkenfeld,80720.0,104.0
2020-04-07,7134,53.0,0.0,14.0,Tagesspiegel,DE-RP,Birkenfeld,80720.0,104.0
2020-04-09,7134,57.0,0.0,20.0,Tagesspiegel,DE-RP,Birkenfeld,80720.0,104.0
2020-04-10,7134,65.0,0.0,21.0,Tagesspiegel,DE-RP,Birkenfeld,80720.0,104.0
2020-04-12,7134,69.0,0.0,21.0,Tagesspiegel,DE-RP,Birkenfeld,80720.0,104.0
2020-04-14,7134,73.0,0.0,25.0,Tagesspiegel,DE-RP,Birkenfeld,80720.0,104.0
2020-04-16,7134,73.0,0.0,27.0,Tagesspiegel,DE-RP,Birkenfeld,80720.0,104.0
2020-04-17,7134,75.0,0.0,32.0,Tagesspiegel,DE-RP,Birkenfeld,80720.0,104.0
2020-04-18,7134,76.0,0.0,32.0,Tagesspiegel,DE-RP,Birkenfeld,80720.0,104.0
2020-04-19,7134,77.0,0.0,32.0,Tagesspiegel,DE-RP,Birkenfeld,80720.0,104.0
2020-04-20,7134,79.0,0.0,39.0,Tagesspiegel,DE-RP,Birkenfeld,80720.0,104.0
2020-04-22,7134,80.0,0.0,48.0,Tagesspiegel,DE-RP,Birkenfeld,80720.0,104.0
2020-04-23,7134,81.0,0.0,49.0,Tagesspiegel,DE-RP,Birkenfeld,80720.0,104.0
2020-04-27,7134,84.0,0.0,55.0,Tagesspiegel,DE-RP,Birkenfeld,80720.0,104.0
2020-04-28,7134,85.0,0.0,57.0,Tagesspiegel,DE-RP,Birkenfeld,80720.0,104.0
2020-05-02,7134,86.0,0.0,69.0,Tagesspiegel,DE-RP,Birkenfeld,80720.0,104.0
2020-05-14,7134,87.0,0.0,80.0,Tagesspiegel,DE-RP,Birkenfeld,80720.0,104.0
2020-05-18,7134,88.0,1.0,86.0,Tagesspiegel,DE-RP,Birkenfeld,80720.0,104.0
2020-05-19,7134,88.0,1.0,86.0,Tagesspiegel,DE-RP,Birkenfeld,80720.0,104.0
2020-05-25,7134,89.0,1.0,86.0,Tagesspiegel,DE-RP,Birkenfeld,80720.0,104.0
2020-06-02,7134,89.0,1.0,87.0,Tagesspiegel,DE-RP,Birkenfeld,80720.0,104.0
2020-07-06,7134,90.0,2.0,88.0,Tagesspiegel,DE-RP,Birkenfeld,80720.0,104.0
2020-07-13,7134,91.0,2.0,88.0,Tagesspiegel,DE-RP,Birkenfeld,80720.0,104.0
2020-03-13,7135,4.0,0.0,4.0,RKI,DE-RP,Cochem-Zell,61587.0,89.0
2020-03-15,7135,20.0,0.0,20.0,RKI,DE-RP,Cochem-Zell,61587.0,89.0
2020-03-16,7135,21.0,0.0,21.0,RKI,DE-RP,Cochem-Zell,61587.0,89.0
2020-03-17,7135,27.0,0.0,27.0,RKI,DE-RP,Cochem-Zell,61587.0,89.0
2020-03-18,7135,28.0,0.0,28.0,RKI,DE-RP,Cochem-Zell,61587.0,89.0
2020-03-19,7135,31.0,0.0,31.0,RKI,DE-RP,Cochem-Zell,61587.0,89.0
2020-03-20,7135,34.0,0.0,34.0,RKI,DE-RP,Cochem-Zell,61587.0,89.0
2020-03-21,7135,36.0,0.0,36.0,RKI,DE-RP,Cochem-Zell,61587.0,89.0
2020-03-24,7135,43.0,0.0,43.0,RKI,DE-RP,Cochem-Zell,61587.0,89.0
2020-03-25,7135,56.0,0.0,56.0,RKI,DE-RP,Cochem-Zell,61587.0,89.0
2020-03-26,7135,59.0,0.0,59.0,RKI,DE-RP,Cochem-Zell,61587.0,89.0
2020-03-27,7135,75.0,0.0,75.0,RKI,DE-RP,Cochem-Zell,61587.0,89.0
2020-03-28,7135,83.0,0.0,83.0,RKI,DE-RP,Cochem-Zell,61587.0,89.0
2020-03-29,7135,84.0,0.0,84.0,RKI,DE-RP,Cochem-Zell,61587.0,89.0
2020-03-30,7135,100.0,0.0,34.0,Tagesspiegel,DE-RP,Cochem-Zell,61587.0,89.0
2020-03-31,7135,100.0,0.0,38.0,Tagesspiegel,DE-RP,Cochem-Zell,61587.0,89.0
2020-04-01,7135,108.0,0.0,57.0,Tagesspiegel,DE-RP,Cochem-Zell,61587.0,89.0
2020-04-02,7135,112.0,0.0,57.0,Tagesspiegel,DE-RP,Cochem-Zell,61587.0,89.0
2020-04-03,7135,115.0,0.0,57.0,Tagesspiegel,DE-RP,Cochem-Zell,61587.0,89.0
2020-04-06,7135,117.0,0.0,70.0,Tagesspiegel,DE-RP,Cochem-Zell,61587.0,89.0
2020-04-07,7135,119.0,0.0,79.0,Tagesspiegel,DE-RP,Cochem-Zell,61587.0,89.0
2020-04-09,7135,122.0,0.0,86.0,Tagesspiegel,DE-RP,Cochem-Zell,61587.0,89.0
2020-04-15,7135,122.0,0.0,100.0,Tagesspiegel,DE-RP,Cochem-Zell,61587.0,89.0
2020-04-17,7135,123.0,1.0,104.0,Tagesspiegel,DE-RP,Cochem-Zell,61587.0,89.0
2020-04-21,7135,125.0,1.0,112.0,Tagesspiegel,DE-RP,Cochem-Zell,61587.0,89.0
2020-04-29,7135,127.0,1.0,120.0,Tagesspiegel,DE-RP,Cochem-Zell,61587.0,89.0
2020-05-13,7135,129.0,1.0,124.0,Tagesspiegel,DE-RP,Cochem-Zell,61587.0,89.0
2020-05-27,7135,129.0,1.0,126.0,Tagesspiegel,DE-RP,Cochem-Zell,61587.0,89.0
2020-06-03,7135,130.0,1.0,126.0,Tagesspiegel,DE-RP,Cochem-Zell,61587.0,89.0
2020-06-09,7135,132.0,1.0,127.0,Tagesspiegel,DE-RP,Cochem-Zell,61587.0,89.0
2020-06-19,7135,135.0,1.0,127.0,Tagesspiegel,DE-RP,Cochem-Zell,61587.0,89.0
2020-06-22,7135,136.0,1.0,127.0,Tagesspiegel,DE-RP,Cochem-Zell,61587.0,89.0
2020-06-24,7135,137.0,1.0,127.0,Tagesspiegel,DE-RP,Cochem-Zell,61587.0,89.0
2020-07-03,7135,138.0,1.0,133.0,Tagesspiegel,DE-RP,Cochem-Zell,61587.0,89.0
2020-03-10,7137,0.0,0.0,0.0,RKI,DE-RP,Mayen-Koblenz,214259.0,262.0
2020-03-12,7137,2.0,0.0,2.0,RKI,DE-RP,Mayen-Koblenz,214259.0,262.0
2020-03-13,7137,6.0,0.0,6.0,RKI,DE-RP,Mayen-Koblenz,214259.0,262.0
2020-03-14,7137,6.0,0.0,6.0,RKI,DE-RP,Mayen-Koblenz,214259.0,262.0
2020-03-15,7137,30.0,1.0,29.0,RKI,DE-RP,Mayen-Koblenz,214259.0,262.0
2020-03-16,7137,46.0,1.0,45.0,RKI,DE-RP,Mayen-Koblenz,214259.0,262.0
2020-03-17,7137,65.0,2.0,63.0,RKI,DE-RP,Mayen-Koblenz,214259.0,262.0
2020-03-18,7137,83.0,2.0,81.0,RKI,DE-RP,Mayen-Koblenz,214259.0,262.0
2020-03-19,7137,93.0,2.0,91.0,RKI,DE-RP,Mayen-Koblenz,214259.0,262.0
2020-03-20,7137,95.0,2.0,93.0,RKI,DE-RP,Mayen-Koblenz,214259.0,262.0
2020-03-21,7137,107.0,2.0,105.0,RKI,DE-RP,Mayen-Koblenz,214259.0,262.0
2020-03-22,7137,117.0,2.0,115.0,RKI,DE-RP,Mayen-Koblenz,214259.0,262.0
2020-03-23,7137,130.0,2.0,128.0,RKI,DE-RP,Mayen-Koblenz,214259.0,262.0
2020-03-24,7137,142.0,2.0,140.0,RKI,DE-RP,Mayen-Koblenz,214259.0,262.0
2020-03-25,7137,147.0,2.0,145.0,RKI,DE-RP,Mayen-Koblenz,214259.0,262.0
2020-03-26,7137,155.0,2.0,153.0,RKI,DE-RP,Mayen-Koblenz,214259.0,262.0
2020-03-27,7137,167.0,2.0,165.0,RKI,DE-RP,Mayen-Koblenz,214259.0,262.0
2020-03-28,7137,173.0,2.0,171.0,RKI,DE-RP,Mayen-Koblenz,214259.0,262.0
2020-03-29,7137,178.0,2.0,176.0,RKI,DE-RP,Mayen-Koblenz,214259.0,262.0
2020-03-30,7137,188.0,3.0,185.0,RKI,DE-RP,Mayen-Koblenz,214259.0,262.0
2020-03-31,7137,198.0,4.0,194.0,RKI,DE-RP,Mayen-Koblenz,214259.0,262.0
2020-04-01,7137,212.0,1.0,70.0,Tagesspiegel,DE-RP,Mayen-Koblenz,214259.0,262.0
2020-04-02,7137,224.0,1.0,70.0,Tagesspiegel,DE-RP,Mayen-Koblenz,214259.0,262.0
2020-04-03,7137,234.0,2.0,70.0,Tagesspiegel,DE-RP,Mayen-Koblenz,214259.0,262.0
2020-04-04,7137,245.0,2.0,80.0,Tagesspiegel,DE-RP,Mayen-Koblenz,214259.0,262.0
2020-04-05,7137,249.0,2.0,110.0,Tagesspiegel,DE-RP,Mayen-Koblenz,214259.0,262.0
2020-04-06,7137,250.0,2.0,110.0,Tagesspiegel,DE-RP,Mayen-Koblenz,214259.0,262.0
2020-04-07,7137,259.0,3.0,130.0,Tagesspiegel,DE-RP,Mayen-Koblenz,214259.0,262.0
2020-04-08,7137,276.0,4.0,130.0,Tagesspiegel,DE-RP,Mayen-Koblenz,214259.0,262.0
2020-04-09,7137,283.0,4.0,168.0,Tagesspiegel,DE-RP,Mayen-Koblenz,214259.0,262.0
2020-04-10,7137,286.0,4.0,168.0,Tagesspiegel,DE-RP,Mayen-Koblenz,214259.0,262.0
2020-04-11,7137,292.0,6.0,185.0,Tagesspiegel,DE-RP,Mayen-Koblenz,214259.0,262.0
2020-04-12,7137,302.0,6.0,196.0,Tagesspiegel,DE-RP,Mayen-Koblenz,214259.0,262.0
2020-04-14,7137,309.0,6.0,207.0,Tagesspiegel,DE-RP,Mayen-Koblenz,214259.0,262.0
2020-04-15,7137,310.0,6.0,213.0,Tagesspiegel,DE-RP,Mayen-Koblenz,214259.0,262.0
2020-04-16,7137,313.0,6.0,225.0,Tagesspiegel,DE-RP,Mayen-Koblenz,214259.0,262.0
2020-04-17,7137,314.0,6.0,238.0,Tagesspiegel,DE-RP,Mayen-Koblenz,214259.0,262.0
2020-04-18,7137,320.0,7.0,244.0,Tagesspiegel,DE-RP,Mayen-Koblenz,214259.0,262.0
2020-04-19,7137,323.0,7.0,248.0,Tagesspiegel,DE-RP,Mayen-Koblenz,214259.0,262.0
2020-04-21,7137,324.0,7.0,240.0,Tagesspiegel,DE-RP,Mayen-Koblenz,214259.0,262.0
2020-04-23,7137,327.0,9.0,256.0,Tagesspiegel,DE-RP,Mayen-Koblenz,214259.0,262.0
2020-04-24,7137,327.0,9.0,258.0,Tagesspiegel,DE-RP,Mayen-Koblenz,214259.0,262.0
2020-04-25,7137,327.0,9.0,276.0,Tagesspiegel,DE-RP,Mayen-Koblenz,214259.0,262.0
2020-04-26,7137,329.0,11.0,279.0,Tagesspiegel,DE-RP,Mayen-Koblenz,214259.0,262.0
2020-04-29,7137,331.0,13.0,286.0,Tagesspiegel,DE-RP,Mayen-Koblenz,214259.0,262.0
2020-04-30,7137,331.0,13.0,290.0,Tagesspiegel,DE-RP,Mayen-Koblenz,214259.0,262.0
2020-05-05,7137,337.0,13.0,298.0,Tagesspiegel,DE-RP,Mayen-Koblenz,214259.0,262.0
2020-05-14,7137,338.0,13.0,315.0,Tagesspiegel,DE-RP,Mayen-Koblenz,214259.0,262.0
2020-05-30,7137,340.0,14.0,323.0,Tagesspiegel,DE-RP,Mayen-Koblenz,214259.0,262.0
2020-06-16,7137,341.0,14.0,325.0,Tagesspiegel,DE-RP,Mayen-Koblenz,214259.0,262.0
2020-06-17,7137,341.0,14.0,325.0,Tagesspiegel,DE-RP,Mayen-Koblenz,214259.0,262.0
2020-06-18,7137,347.0,14.0,325.0,Tagesspiegel,DE-RP,Mayen-Koblenz,214259.0,262.0
2020-06-27,7137,348.0,14.0,325.0,Tagesspiegel,DE-RP,Mayen-Koblenz,214259.0,262.0
2020-07-06,7137,349.0,14.0,331.0,Tagesspiegel,DE-RP,Mayen-Koblenz,214259.0,262.0
2020-07-09,7137,350.0,14.0,332.0,Tagesspiegel,DE-RP,Mayen-Koblenz,214259.0,262.0
2020-07-15,7137,351.0,14.0,332.0,Tagesspiegel,DE-RP,Mayen-Koblenz,214259.0,262.0
2020-03-10,7138,1.0,0.0,1.0,RKI,DE-RP,Neuwied,181941.0,290.0
2020-03-12,7138,1.0,0.0,1.0,RKI,DE-RP,Neuwied,181941.0,290.0
2020-03-13,7138,6.0,0.0,6.0,RKI,DE-RP,Neuwied,181941.0,290.0
2020-03-15,7138,14.0,0.0,14.0,RKI,DE-RP,Neuwied,181941.0,290.0
2020-03-16,7138,18.0,0.0,18.0,RKI,DE-RP,Neuwied,181941.0,290.0
2020-03-17,7138,26.0,0.0,26.0,RKI,DE-RP,Neuwied,181941.0,290.0
2020-03-18,7138,27.0,0.0,27.0,RKI,DE-RP,Neuwied,181941.0,290.0
2020-03-19,7138,37.0,1.0,36.0,RKI,DE-RP,Neuwied,181941.0,290.0
2020-03-20,7138,46.0,1.0,45.0,RKI,DE-RP,Neuwied,181941.0,290.0
2020-03-22,7138,56.0,2.0,54.0,RKI,DE-RP,Neuwied,181941.0,290.0
2020-03-23,7138,63.0,2.0,61.0,RKI,DE-RP,Neuwied,181941.0,290.0
2020-03-24,7138,70.0,2.0,68.0,RKI,DE-RP,Neuwied,181941.0,290.0
2020-03-25,7138,85.0,2.0,83.0,RKI,DE-RP,Neuwied,181941.0,290.0
2020-03-26,7138,89.0,2.0,87.0,RKI,DE-RP,Neuwied,181941.0,290.0
2020-03-27,7138,96.0,2.0,94.0,RKI,DE-RP,Neuwied,181941.0,290.0
2020-03-30,7138,107.0,2.0,105.0,RKI,DE-RP,Neuwied,181941.0,290.0
2020-03-31,7138,145.0,1.0,6.0,Tagesspiegel,DE-RP,Neuwied,181941.0,290.0
2020-04-01,7138,145.0,2.0,6.0,Tagesspiegel,DE-RP,Neuwied,181941.0,290.0
2020-04-02,7138,145.0,2.0,6.0,Tagesspiegel,DE-RP,Neuwied,181941.0,290.0
2020-04-03,7138,153.0,2.0,6.0,Tagesspiegel,DE-RP,Neuwied,181941.0,290.0
2020-04-06,7138,161.0,2.0,6.0,Tagesspiegel,DE-RP,Neuwied,181941.0,290.0
2020-04-07,7138,161.0,2.0,6.0,Tagesspiegel,DE-RP,Neuwied,181941.0,290.0
2020-04-08,7138,175.0,2.0,6.0,Tagesspiegel,DE-RP,Neuwied,181941.0,290.0
2020-04-09,7138,152.0,4.0,148.0,RKI,DE-RP,Neuwied,181941.0,290.0
2020-04-14,7138,162.0,4.0,158.0,RKI,DE-RP,Neuwied,181941.0,290.0
2020-04-16,7138,208.0,3.0,139.0,Tagesspiegel,DE-RP,Neuwied,181941.0,290.0
2020-04-17,7138,208.0,3.0,149.0,Tagesspiegel,DE-RP,Neuwied,181941.0,290.0
2020-04-19,7138,213.0,3.0,150.0,Tagesspiegel,DE-RP,Neuwied,181941.0,290.0
2020-04-23,7138,214.0,3.0,161.0,Tagesspiegel,DE-RP,Neuwied,181941.0,290.0
2020-04-24,7138,206.0,3.0,174.0,Tagesspiegel,DE-RP,Neuwied,181941.0,290.0
2020-04-27,7138,208.0,3.0,180.0,Tagesspiegel,DE-RP,Neuwied,181941.0,290.0
2020-05-04,7138,209.0,3.0,190.0,Tagesspiegel,DE-RP,Neuwied,181941.0,290.0
2020-05-19,7138,210.0,3.0,30.0,Tagesspiegel,DE-RP,Neuwied,181941.0,290.0
2020-05-29,7138,211.0,3.0,207.0,Tagesspiegel,DE-RP,Neuwied,181941.0,290.0
2020-06-02,7138,214.0,3.0,207.0,Tagesspiegel,DE-RP,Neuwied,181941.0,290.0
2020-06-12,7138,215.0,3.0,207.0,Tagesspiegel,DE-RP,Neuwied,181941.0,290.0
2020-07-06,7138,215.0,4.0,211.0,Tagesspiegel,DE-RP,Neuwied,181941.0,290.0
2020-07-09,7138,216.0,4.0,211.0,Tagesspiegel,DE-RP,Neuwied,181941.0,290.0
2020-07-13,7138,217.0,4.0,211.0,Tagesspiegel,DE-RP,Neuwied,181941.0,290.0
2020-07-14,7138,226.0,4.0,211.0,Tagesspiegel,DE-RP,Neuwied,181941.0,290.0
2020-07-15,7138,226.0,4.0,211.0,Tagesspiegel,DE-RP,Neuwied,181941.0,290.0
2020-03-11,7140,1.0,0.0,1.0,RKI,DE-RP,Rhein-Hunsrück-Kreis,102937.0,104.0
2020-03-12,7140,3.0,0.0,3.0,RKI,DE-RP,Rhein-Hunsrück-Kreis,102937.0,104.0
2020-03-13,7140,3.0,0.0,3.0,RKI,DE-RP,Rhein-Hunsrück-Kreis,102937.0,104.0
2020-03-14,7140,10.0,0.0,10.0,RKI,DE-RP,Rhein-Hunsrück-Kreis,102937.0,104.0
2020-03-15,7140,16.0,0.0,16.0,RKI,DE-RP,Rhein-Hunsrück-Kreis,102937.0,104.0
2020-03-16,7140,18.0,0.0,18.0,RKI,DE-RP,Rhein-Hunsrück-Kreis,102937.0,104.0
2020-03-17,7140,24.0,0.0,24.0,RKI,DE-RP,Rhein-Hunsrück-Kreis,102937.0,104.0
2020-03-18,7140,28.0,0.0,28.0,RKI,DE-RP,Rhein-Hunsrück-Kreis,102937.0,104.0
2020-03-19,7140,29.0,0.0,29.0,RKI,DE-RP,Rhein-Hunsrück-Kreis,102937.0,104.0
2020-03-20,7140,37.0,0.0,37.0,RKI,DE-RP,Rhein-Hunsrück-Kreis,102937.0,104.0
2020-03-21,7140,38.0,0.0,38.0,RKI,DE-RP,Rhein-Hunsrück-Kreis,102937.0,104.0
2020-03-22,7140,38.0,0.0,38.0,RKI,DE-RP,Rhein-Hunsrück-Kreis,102937.0,104.0
2020-03-23,7140,43.0,0.0,43.0,RKI,DE-RP,Rhein-Hunsrück-Kreis,102937.0,104.0
2020-03-24,7140,51.0,0.0,51.0,RKI,DE-RP,Rhein-Hunsrück-Kreis,102937.0,104.0
2020-03-25,7140,57.0,0.0,57.0,RKI,DE-RP,Rhein-Hunsrück-Kreis,102937.0,104.0
2020-03-26,7140,62.0,0.0,62.0,RKI,DE-RP,Rhein-Hunsrück-Kreis,102937.0,104.0
2020-03-27,7140,71.0,0.0,71.0,RKI,DE-RP,Rhein-Hunsrück-Kreis,102937.0,104.0
2020-03-28,7140,81.0,0.0,81.0,RKI,DE-RP,Rhein-Hunsrück-Kreis,102937.0,104.0
2020-03-29,7140,82.0,0.0,82.0,RKI,DE-RP,Rhein-Hunsrück-Kreis,102937.0,104.0
2020-03-30,7140,84.0,0.0,84.0,RKI,DE-RP,Rhein-Hunsrück-Kreis,102937.0,104.0
2020-03-31,7140,102.0,0.0,39.0,Tagesspiegel,DE-RP,Rhein-Hunsrück-Kreis,102937.0,104.0
2020-04-01,7140,106.0,0.0,40.0,Tagesspiegel,DE-RP,Rhein-Hunsrück-Kreis,102937.0,104.0
2020-04-02,7140,109.0,0.0,40.0,Tagesspiegel,DE-RP,Rhein-Hunsrück-Kreis,102937.0,104.0
2020-04-03,7140,114.0,0.0,42.0,Tagesspiegel,DE-RP,Rhein-Hunsrück-Kreis,102937.0,104.0
2020-04-04,7140,116.0,0.0,42.0,Tagesspiegel,DE-RP,Rhein-Hunsrück-Kreis,102937.0,104.0
2020-04-06,7140,124.0,0.0,58.0,Tagesspiegel,DE-RP,Rhein-Hunsrück-Kreis,102937.0,104.0
2020-04-07,7140,124.0,0.0,63.0,Tagesspiegel,DE-RP,Rhein-Hunsrück-Kreis,102937.0,104.0
2020-04-08,7140,128.0,0.0,67.0,Tagesspiegel,DE-RP,Rhein-Hunsrück-Kreis,102937.0,104.0
2020-04-09,7140,131.0,0.0,70.0,Tagesspiegel,DE-RP,Rhein-Hunsrück-Kreis,102937.0,104.0
2020-04-10,7140,134.0,0.0,79.0,Tagesspiegel,DE-RP,Rhein-Hunsrück-Kreis,102937.0,104.0
2020-04-11,7140,135.0,0.0,79.0,Tagesspiegel,DE-RP,Rhein-Hunsrück-Kreis,102937.0,104.0
2020-04-12,7140,135.0,0.0,87.0,Tagesspiegel,DE-RP,Rhein-Hunsrück-Kreis,102937.0,104.0
2020-04-13,7140,136.0,1.0,93.0,Tagesspiegel,DE-RP,Rhein-Hunsrück-Kreis,102937.0,104.0
2020-04-14,7140,137.0,1.0,94.0,Tagesspiegel,DE-RP,Rhein-Hunsrück-Kreis,102937.0,104.0
2020-04-15,7140,142.0,1.0,96.0,Tagesspiegel,DE-RP,Rhein-Hunsrück-Kreis,102937.0,104.0
2020-04-16,7140,148.0,1.0,100.0,Tagesspiegel,DE-RP,Rhein-Hunsrück-Kreis,102937.0,104.0
2020-04-17,7140,148.0,1.0,102.0,Tagesspiegel,DE-RP,Rhein-Hunsrück-Kreis,102937.0,104.0
2020-04-19,7140,152.0,1.0,114.0,Tagesspiegel,DE-RP,Rhein-Hunsrück-Kreis,102937.0,104.0
2020-04-20,7140,155.0,2.0,117.0,Tagesspiegel,DE-RP,Rhein-Hunsrück-Kreis,102937.0,104.0
2020-04-22,7140,155.0,3.0,114.0,Tagesspiegel,DE-RP,Rhein-Hunsrück-Kreis,102937.0,104.0
2020-04-23,7140,158.0,3.0,118.0,Tagesspiegel,DE-RP,Rhein-Hunsrück-Kreis,102937.0,104.0
2020-04-29,7140,160.0,3.0,129.0,Tagesspiegel,DE-RP,Rhein-Hunsrück-Kreis,102937.0,104.0
2020-05-05,7140,159.0,4.0,139.0,Tagesspiegel,DE-RP,Rhein-Hunsrück-Kreis,102937.0,104.0
2020-05-29,7140,161.0,6.0,154.0,Tagesspiegel,DE-RP,Rhein-Hunsrück-Kreis,102937.0,104.0
2020-06-03,7140,162.0,6.0,155.0,Tagesspiegel,DE-RP,Rhein-Hunsrück-Kreis,102937.0,104.0
2020-07-09,7140,166.0,6.0,160.0,Tagesspiegel,DE-RP,Rhein-Hunsrück-Kreis,102937.0,104.0
2020-07-15,7140,167.0,6.0,160.0,Tagesspiegel,DE-RP,Rhein-Hunsrück-Kreis,102937.0,104.0
2020-03-12,7141,3.0,0.0,3.0,RKI,DE-RP,Rhein-Lahn-Kreis,122308.0,156.0
2020-03-13,7141,3.0,0.0,3.0,RKI,DE-RP,Rhein-Lahn-Kreis,122308.0,156.0
2020-03-16,7141,6.0,1.0,5.0,RKI,DE-RP,Rhein-Lahn-Kreis,122308.0,156.0
2020-03-17,7141,11.0,1.0,10.0,RKI,DE-RP,Rhein-Lahn-Kreis,122308.0,156.0
2020-03-18,7141,20.0,1.0,19.0,RKI,DE-RP,Rhein-Lahn-Kreis,122308.0,156.0
2020-03-19,7141,25.0,1.0,24.0,RKI,DE-RP,Rhein-Lahn-Kreis,122308.0,156.0
2020-03-21,7141,26.0,1.0,25.0,RKI,DE-RP,Rhein-Lahn-Kreis,122308.0,156.0
2020-03-22,7141,28.0,1.0,27.0,RKI,DE-RP,Rhein-Lahn-Kreis,122308.0,156.0
2020-03-23,7141,36.0,1.0,35.0,RKI,DE-RP,Rhein-Lahn-Kreis,122308.0,156.0
2020-03-24,7141,38.0,1.0,37.0,RKI,DE-RP,Rhein-Lahn-Kreis,122308.0,156.0
2020-03-25,7141,46.0,1.0,45.0,RKI,DE-RP,Rhein-Lahn-Kreis,122308.0,156.0
2020-03-26,7141,53.0,2.0,51.0,RKI,DE-RP,Rhein-Lahn-Kreis,122308.0,156.0
2020-03-27,7141,58.0,2.0,56.0,RKI,DE-RP,Rhein-Lahn-Kreis,122308.0,156.0
2020-03-28,7141,62.0,3.0,59.0,RKI,DE-RP,Rhein-Lahn-Kreis,122308.0,156.0
2020-03-29,7141,62.0,3.0,59.0,RKI,DE-RP,Rhein-Lahn-Kreis,122308.0,156.0
2020-03-30,7141,67.0,3.0,64.0,RKI,DE-RP,Rhein-Lahn-Kreis,122308.0,156.0
2020-03-31,7141,69.0,4.0,65.0,RKI,DE-RP,Rhein-Lahn-Kreis,122308.0,156.0
2020-04-01,7141,75.0,4.0,71.0,RKI,DE-RP,Rhein-Lahn-Kreis,122308.0,156.0
2020-04-02,7141,85.0,5.0,80.0,RKI,DE-RP,Rhein-Lahn-Kreis,122308.0,156.0
2020-04-04,7141,89.0,5.0,84.0,RKI,DE-RP,Rhein-Lahn-Kreis,122308.0,156.0
2020-04-05,7141,111.0,2.0,39.0,Tagesspiegel,DE-RP,Rhein-Lahn-Kreis,122308.0,156.0
2020-04-06,7141,115.0,2.0,46.0,Tagesspiegel,DE-RP,Rhein-Lahn-Kreis,122308.0,156.0
2020-04-07,7141,118.0,2.0,50.0,Tagesspiegel,DE-RP,Rhein-Lahn-Kreis,122308.0,156.0
2020-04-08,7141,121.0,2.0,55.0,Tagesspiegel,DE-RP,Rhein-Lahn-Kreis,122308.0,156.0
2020-04-09,7141,122.0,2.0,59.0,Tagesspiegel,DE-RP,Rhein-Lahn-Kreis,122308.0,156.0
2020-04-10,7141,127.0,2.0,60.0,Tagesspiegel,DE-RP,Rhein-Lahn-Kreis,122308.0,156.0
2020-04-11,7141,131.0,2.0,60.0,Tagesspiegel,DE-RP,Rhein-Lahn-Kreis,122308.0,156.0
2020-04-12,7141,133.0,2.0,60.0,Tagesspiegel,DE-RP,Rhein-Lahn-Kreis,122308.0,156.0
2020-04-14,7141,135.0,2.0,70.0,Tagesspiegel,DE-RP,Rhein-Lahn-Kreis,122308.0,156.0
2020-04-15,7141,135.0,4.0,70.0,Tagesspiegel,DE-RP,Rhein-Lahn-Kreis,122308.0,156.0
2020-04-16,7141,138.0,4.0,84.0,Tagesspiegel,DE-RP,Rhein-Lahn-Kreis,122308.0,156.0
2020-04-17,7141,142.0,4.0,84.0,Tagesspiegel,DE-RP,Rhein-Lahn-Kreis,122308.0,156.0
2020-04-18,7141,150.0,4.0,84.0,Tagesspiegel,DE-RP,Rhein-Lahn-Kreis,122308.0,156.0
2020-04-24,7141,153.0,4.0,88.0,Tagesspiegel,DE-RP,Rhein-Lahn-Kreis,122308.0,156.0
2020-04-26,7141,153.0,4.0,102.0,Tagesspiegel,DE-RP,Rhein-Lahn-Kreis,122308.0,156.0
2020-04-30,7141,154.0,5.0,126.0,Tagesspiegel,DE-RP,Rhein-Lahn-Kreis,122308.0,156.0
2020-05-04,7141,155.0,5.0,128.0,Tagesspiegel,DE-RP,Rhein-Lahn-Kreis,122308.0,156.0
2020-05-06,7141,157.0,6.0,131.0,Tagesspiegel,DE-RP,Rhein-Lahn-Kreis,122308.0,156.0
2020-05-11,7141,159.0,6.0,139.0,Tagesspiegel,DE-RP,Rhein-Lahn-Kreis,122308.0,156.0
2020-06-02,7141,159.0,6.0,152.0,Tagesspiegel,DE-RP,Rhein-Lahn-Kreis,122308.0,156.0
2020-03-11,7143,2.0,0.0,2.0,RKI,DE-RP,Westerwaldkreis,201597.0,204.0
2020-03-12,7143,6.0,0.0,6.0,RKI,DE-RP,Westerwaldkreis,201597.0,204.0
2020-03-13,7143,9.0,0.0,9.0,RKI,DE-RP,Westerwaldkreis,201597.0,204.0
2020-03-14,7143,11.0,0.0,11.0,RKI,DE-RP,Westerwaldkreis,201597.0,204.0
2020-03-15,7143,15.0,0.0,15.0,RKI,DE-RP,Westerwaldkreis,201597.0,204.0
2020-03-16,7143,17.0,0.0,17.0,RKI,DE-RP,Westerwaldkreis,201597.0,204.0
2020-03-17,7143,25.0,0.0,25.0,RKI,DE-RP,Westerwaldkreis,201597.0,204.0
2020-03-18,7143,35.0,0.0,35.0,RKI,DE-RP,Westerwaldkreis,201597.0,204.0
2020-03-19,7143,39.0,1.0,38.0,RKI,DE-RP,Westerwaldkreis,201597.0,204.0
2020-03-20,7143,50.0,1.0,49.0,RKI,DE-RP,Westerwaldkreis,201597.0,204.0
2020-03-22,7143,63.0,1.0,62.0,RKI,DE-RP,Westerwaldkreis,201597.0,204.0
2020-03-23,7143,81.0,1.0,80.0,RKI,DE-RP,Westerwaldkreis,201597.0,204.0
2020-03-24,7143,84.0,2.0,82.0,RKI,DE-RP,Westerwaldkreis,201597.0,204.0
2020-03-25,7143,88.0,2.0,86.0,RKI,DE-RP,Westerwaldkreis,201597.0,204.0
2020-03-26,7143,95.0,2.0,93.0,RKI,DE-RP,Westerwaldkreis,201597.0,204.0
2020-03-27,7143,111.0,2.0,109.0,RKI,DE-RP,Westerwaldkreis,201597.0,204.0
2020-03-28,7143,116.0,3.0,113.0,RKI,DE-RP,Westerwaldkreis,201597.0,204.0
2020-03-29,7143,119.0,3.0,116.0,RKI,DE-RP,Westerwaldkreis,201597.0,204.0
2020-03-30,7143,125.0,4.0,121.0,RKI,DE-RP,Westerwaldkreis,201597.0,204.0
2020-03-31,7143,137.0,4.0,133.0,RKI,DE-RP,Westerwaldkreis,201597.0,204.0
2020-04-01,7143,151.0,7.0,144.0,RKI,DE-RP,Westerwaldkreis,201597.0,204.0
2020-04-02,7143,157.0,7.0,150.0,RKI,DE-RP,Westerwaldkreis,201597.0,204.0
2020-04-03,7143,162.0,7.0,155.0,RKI,DE-RP,Westerwaldkreis,201597.0,204.0
2020-04-04,7143,191.0,3.0,59.0,Tagesspiegel,DE-RP,Westerwaldkreis,201597.0,204.0
2020-04-05,7143,198.0,5.0,59.0,Tagesspiegel,DE-RP,Westerwaldkreis,201597.0,204.0
2020-04-06,7143,204.0,7.0,75.0,Tagesspiegel,DE-RP,Westerwaldkreis,201597.0,204.0
2020-04-07,7143,227.0,8.0,95.0,Tagesspiegel,DE-RP,Westerwaldkreis,201597.0,204.0
2020-04-08,7143,245.0,8.0,100.0,Tagesspiegel,DE-RP,Westerwaldkreis,201597.0,204.0
2020-04-09,7143,261.0,9.0,100.0,Tagesspiegel,DE-RP,Westerwaldkreis,201597.0,204.0
2020-04-10,7143,266.0,9.0,100.0,Tagesspiegel,DE-RP,Westerwaldkreis,201597.0,204.0
2020-04-11,7143,274.0,9.0,100.0,Tagesspiegel,DE-RP,Westerwaldkreis,201597.0,204.0
2020-04-12,7143,275.0,9.0,100.0,Tagesspiegel,DE-RP,Westerwaldkreis,201597.0,204.0
2020-04-13,7143,276.0,10.0,100.0,Tagesspiegel,DE-RP,Westerwaldkreis,201597.0,204.0
2020-04-14,7143,289.0,10.0,126.0,Tagesspiegel,DE-RP,Westerwaldkreis,201597.0,204.0
2020-04-15,7143,290.0,10.0,131.0,Tagesspiegel,DE-RP,Westerwaldkreis,201597.0,204.0
2020-04-16,7143,293.0,12.0,131.0,Tagesspiegel,DE-RP,Westerwaldkreis,201597.0,204.0
2020-04-17,7143,297.0,16.0,131.0,Tagesspiegel,DE-RP,Westerwaldkreis,201597.0,204.0
2020-04-18,7143,311.0,16.0,131.0,Tagesspiegel,DE-RP,Westerwaldkreis,201597.0,204.0
2020-04-20,7143,316.0,18.0,136.0,Tagesspiegel,DE-RP,Westerwaldkreis,201597.0,204.0
2020-04-21,7143,316.0,20.0,152.0,Tagesspiegel,DE-RP,Westerwaldkreis,201597.0,204.0
2020-04-23,7143,318.0,20.0,185.0,Tagesspiegel,DE-RP,Westerwaldkreis,201597.0,204.0
2020-04-24,7143,321.0,20.0,204.0,Tagesspiegel,DE-RP,Westerwaldkreis,201597.0,204.0
2020-04-25,7143,324.0,20.0,204.0,Tagesspiegel,DE-RP,Westerwaldkreis,201597.0,204.0
2020-04-26,7143,326.0,20.0,204.0,Tagesspiegel,DE-RP,Westerwaldkreis,201597.0,204.0
2020-04-29,7143,326.0,20.0,216.0,Tagesspiegel,DE-RP,Westerwaldkreis,201597.0,204.0
2020-04-30,7143,327.0,20.0,223.0,Tagesspiegel,DE-RP,Westerwaldkreis,201597.0,204.0
2020-05-01,7143,329.0,20.0,223.0,Tagesspiegel,DE-RP,Westerwaldkreis,201597.0,204.0
2020-05-05,7143,332.0,20.0,229.0,Tagesspiegel,DE-RP,Westerwaldkreis,201597.0,204.0
2020-05-06,7143,333.0,20.0,260.0,Tagesspiegel,DE-RP,Westerwaldkreis,201597.0,204.0
2020-05-07,7143,333.0,20.0,260.0,Tagesspiegel,DE-RP,Westerwaldkreis,201597.0,204.0
2020-05-08,7143,333.0,20.0,280.0,Tagesspiegel,DE-RP,Westerwaldkreis,201597.0,204.0
2020-05-09,7143,343.0,20.0,280.0,Tagesspiegel,DE-RP,Westerwaldkreis,201597.0,204.0
2020-05-11,7143,343.0,20.0,280.0,Tagesspiegel,DE-RP,Westerwaldkreis,201597.0,204.0
2020-05-12,7143,343.0,20.0,287.0,Tagesspiegel,DE-RP,Westerwaldkreis,201597.0,204.0
2020-05-14,7143,346.0,20.0,287.0,Tagesspiegel,DE-RP,Westerwaldkreis,201597.0,204.0
2020-05-16,7143,349.0,20.0,288.0,Tagesspiegel,DE-RP,Westerwaldkreis,201597.0,204.0
2020-05-18,7143,351.0,20.0,309.0,Tagesspiegel,DE-RP,Westerwaldkreis,201597.0,204.0
2020-05-20,7143,353.0,20.0,307.0,Tagesspiegel,DE-RP,Westerwaldkreis,201597.0,204.0
2020-05-27,7143,356.0,20.0,321.0,Tagesspiegel,DE-RP,Westerwaldkreis,201597.0,204.0
2020-05-30,7143,357.0,20.0,326.0,Tagesspiegel,DE-RP,Westerwaldkreis,201597.0,204.0
2020-06-03,7143,359.0,20.0,330.0,Tagesspiegel,DE-RP,Westerwaldkreis,201597.0,204.0
2020-06-04,7143,359.0,20.0,330.0,Tagesspiegel,DE-RP,Westerwaldkreis,201597.0,204.0
2020-06-15,7143,361.0,21.0,333.0,Tagesspiegel,DE-RP,Westerwaldkreis,201597.0,204.0
2020-06-17,7143,363.0,21.0,337.0,Tagesspiegel,DE-RP,Westerwaldkreis,201597.0,204.0
2020-06-18,7143,363.0,21.0,337.0,Tagesspiegel,DE-RP,Westerwaldkreis,201597.0,204.0
2020-06-20,7143,367.0,21.0,338.0,Tagesspiegel,DE-RP,Westerwaldkreis,201597.0,204.0
2020-06-27,7143,370.0,22.0,339.0,Tagesspiegel,DE-RP,Westerwaldkreis,201597.0,204.0
2020-06-30,7143,370.0,22.0,343.0,Tagesspiegel,DE-RP,Westerwaldkreis,201597.0,204.0
2020-07-02,7143,380.0,22.0,343.0,Tagesspiegel,DE-RP,Westerwaldkreis,201597.0,204.0
2020-07-06,7143,381.0,22.0,345.0,Tagesspiegel,DE-RP,Westerwaldkreis,201597.0,204.0
2020-07-14,7143,383.0,22.0,349.0,Tagesspiegel,DE-RP,Westerwaldkreis,201597.0,204.0
2020-07-15,7143,384.0,22.0,349.0,Tagesspiegel,DE-RP,Westerwaldkreis,201597.0,204.0
2020-07-16,7143,384.0,22.0,348.0,Tagesspiegel,DE-RP,Westerwaldkreis,201597.0,204.0
2020-03-15,7211,4.0,0.0,4.0,RKI,DE-RP,Trier,110636.0,945.0
2020-03-16,7211,4.0,0.0,4.0,RKI,DE-RP,Trier,110636.0,945.0
2020-03-17,7211,6.0,0.0,6.0,RKI,DE-RP,Trier,110636.0,945.0
2020-03-18,7211,6.0,0.0,6.0,RKI,DE-RP,Trier,110636.0,945.0
2020-03-19,7211,6.0,0.0,6.0,RKI,DE-RP,Trier,110636.0,945.0
2020-03-21,7211,9.0,0.0,9.0,RKI,DE-RP,Trier,110636.0,945.0
2020-03-22,7211,12.0,0.0,12.0,RKI,DE-RP,Trier,110636.0,945.0
2020-03-23,7211,12.0,0.0,12.0,RKI,DE-RP,Trier,110636.0,945.0
2020-03-24,7211,14.0,0.0,14.0,RKI,DE-RP,Trier,110636.0,945.0
2020-03-26,7211,18.0,0.0,18.0,RKI,DE-RP,Trier,110636.0,945.0
2020-03-27,7211,25.0,0.0,25.0,RKI,DE-RP,Trier,110636.0,945.0
2020-03-28,7211,30.0,0.0,30.0,RKI,DE-RP,Trier,110636.0,945.0
2020-03-29,7211,42.0,0.0,42.0,RKI,DE-RP,Trier,110636.0,945.0
2020-03-30,7211,47.0,0.0,12.0,Tagesspiegel,DE-RP,Trier,110636.0,945.0
2020-03-31,7211,57.0,0.0,13.0,Tagesspiegel,DE-RP,Trier,110636.0,945.0
2020-04-01,7211,59.0,0.0,17.0,Tagesspiegel,DE-RP,Trier,110636.0,945.0
2020-04-02,7211,63.0,0.0,17.0,Tagesspiegel,DE-RP,Trier,110636.0,945.0
2020-04-03,7211,69.0,0.0,21.0,Tagesspiegel,DE-RP,Trier,110636.0,945.0
2020-04-05,7211,71.0,0.0,22.0,Tagesspiegel,DE-RP,Trier,110636.0,945.0
2020-04-06,7211,73.0,0.0,34.0,Tagesspiegel,DE-RP,Trier,110636.0,945.0
2020-04-07,7211,73.0,0.0,28.0,Tagesspiegel,DE-RP,Trier,110636.0,945.0
2020-04-08,7211,81.0,0.0,38.0,Tagesspiegel,DE-RP,Trier,110636.0,945.0
2020-04-09,7211,82.0,0.0,47.0,Tagesspiegel,DE-RP,Trier,110636.0,945.0
2020-04-12,7211,84.0,0.0,43.0,Tagesspiegel,DE-RP,Trier,110636.0,945.0
2020-04-13,7211,84.0,0.0,52.0,Tagesspiegel,DE-RP,Trier,110636.0,945.0
2020-04-16,7211,89.0,1.0,59.0,Tagesspiegel,DE-RP,Trier,110636.0,945.0
2020-04-17,7211,91.0,1.0,62.0,Tagesspiegel,DE-RP,Trier,110636.0,945.0
2020-04-24,7211,93.0,1.0,81.0,Tagesspiegel,DE-RP,Trier,110636.0,945.0
2020-04-29,7211,95.0,1.0,88.0,Tagesspiegel,DE-RP,Trier,110636.0,945.0
2020-04-30,7211,97.0,1.0,88.0,Tagesspiegel,DE-RP,Trier,110636.0,945.0
2020-05-06,7211,99.0,1.0,92.0,Tagesspiegel,DE-RP,Trier,110636.0,945.0
2020-05-14,7211,100.0,1.0,96.0,Tagesspiegel,DE-RP,Trier,110636.0,945.0
2020-05-22,7211,101.0,1.0,99.0,Tagesspiegel,DE-RP,Trier,110636.0,945.0
2020-06-17,7211,102.0,1.0,101.0,Tagesspiegel,DE-RP,Trier,110636.0,945.0
2020-07-01,7211,104.0,1.0,101.0,Tagesspiegel,DE-RP,Trier,110636.0,945.0
2020-07-05,7211,104.0,1.0,102.0,Tagesspiegel,DE-RP,Trier,110636.0,945.0
2020-07-08,7211,105.0,1.0,102.0,Tagesspiegel,DE-RP,Trier,110636.0,945.0
2020-07-10,7211,106.0,1.0,102.0,Tagesspiegel,DE-RP,Trier,110636.0,945.0
2020-07-11,7211,106.0,1.0,102.0,Tagesspiegel,DE-RP,Trier,110636.0,945.0
2020-07-12,7211,106.0,1.0,102.0,Tagesspiegel,DE-RP,Trier,110636.0,945.0
2020-07-13,7211,106.0,1.0,103.0,Tagesspiegel,DE-RP,Trier,110636.0,945.0
2020-07-15,7211,117.0,1.0,103.0,Tagesspiegel,DE-RP,Trier,110636.0,945.0
2020-03-11,7231,0.0,0.0,0.0,RKI,DE-RP,Bernkastel-Wittlich,112262.0,96.0
2020-03-12,7231,0.0,0.0,0.0,RKI,DE-RP,Bernkastel-Wittlich,112262.0,96.0
2020-03-16,7231,0.0,0.0,0.0,RKI,DE-RP,Bernkastel-Wittlich,112262.0,96.0
2020-03-17,7231,0.0,0.0,0.0,RKI,DE-RP,Bernkastel-Wittlich,112262.0,96.0
2020-03-18,7231,0.0,0.0,0.0,RKI,DE-RP,Bernkastel-Wittlich,112262.0,96.0
2020-03-19,7231,5.0,0.0,5.0,RKI,DE-RP,Bernkastel-Wittlich,112262.0,96.0
2020-03-20,7231,7.0,0.0,7.0,RKI,DE-RP,Bernkastel-Wittlich,112262.0,96.0
2020-03-21,7231,9.0,0.0,9.0,RKI,DE-RP,Bernkastel-Wittlich,112262.0,96.0
2020-03-22,7231,10.0,0.0,10.0,RKI,DE-RP,Bernkastel-Wittlich,112262.0,96.0
2020-03-23,7231,10.0,0.0,10.0,RKI,DE-RP,Bernkastel-Wittlich,112262.0,96.0
2020-03-24,7231,15.0,0.0,15.0,RKI,DE-RP,Bernkastel-Wittlich,112262.0,96.0
2020-03-25,7231,17.0,0.0,17.0,RKI,DE-RP,Bernkastel-Wittlich,112262.0,96.0
2020-03-26,7231,22.0,0.0,22.0,RKI,DE-RP,Bernkastel-Wittlich,112262.0,96.0
2020-03-27,7231,28.0,0.0,28.0,RKI,DE-RP,Bernkastel-Wittlich,112262.0,96.0
2020-03-28,7231,30.0,0.0,30.0,RKI,DE-RP,Bernkastel-Wittlich,112262.0,96.0
2020-03-29,7231,36.0,0.0,36.0,RKI,DE-RP,Bernkastel-Wittlich,112262.0,96.0
2020-03-30,7231,56.0,0.0,10.0,Tagesspiegel,DE-RP,Bernkastel-Wittlich,112262.0,96.0
2020-03-31,7231,62.0,0.0,11.0,Tagesspiegel,DE-RP,Bernkastel-Wittlich,112262.0,96.0
2020-04-02,7231,67.0,0.0,15.0,Tagesspiegel,DE-RP,Bernkastel-Wittlich,112262.0,96.0
2020-04-03,7231,74.0,0.0,22.0,Tagesspiegel,DE-RP,Bernkastel-Wittlich,112262.0,96.0
2020-04-04,7231,78.0,0.0,27.0,Tagesspiegel,DE-RP,Bernkastel-Wittlich,112262.0,96.0
2020-04-05,7231,80.0,0.0,30.0,Tagesspiegel,DE-RP,Bernkastel-Wittlich,112262.0,96.0
2020-04-06,7231,85.0,0.0,37.0,Tagesspiegel,DE-RP,Bernkastel-Wittlich,112262.0,96.0
2020-04-07,7231,87.0,0.0,44.0,Tagesspiegel,DE-RP,Bernkastel-Wittlich,112262.0,96.0
2020-04-08,7231,94.0,0.0,49.0,Tagesspiegel,DE-RP,Bernkastel-Wittlich,112262.0,96.0
2020-04-09,7231,98.0,0.0,54.0,Tagesspiegel,DE-RP,Bernkastel-Wittlich,112262.0,96.0
2020-04-10,7231,107.0,0.0,57.0,Tagesspiegel,DE-RP,Bernkastel-Wittlich,112262.0,96.0
2020-04-11,7231,110.0,0.0,57.0,Tagesspiegel,DE-RP,Bernkastel-Wittlich,112262.0,96.0
2020-04-13,7231,111.0,0.0,60.0,Tagesspiegel,DE-RP,Bernkastel-Wittlich,112262.0,96.0
2020-04-14,7231,114.0,0.0,64.0,Tagesspiegel,DE-RP,Bernkastel-Wittlich,112262.0,96.0
2020-04-15,7231,115.0,0.0,67.0,Tagesspiegel,DE-RP,Bernkastel-Wittlich,112262.0,96.0
2020-04-16,7231,116.0,0.0,70.0,Tagesspiegel,DE-RP,Bernkastel-Wittlich,112262.0,96.0
2020-04-17,7231,118.0,1.0,72.0,Tagesspiegel,DE-RP,Bernkastel-Wittlich,112262.0,96.0
2020-04-20,7231,121.0,1.0,76.0,Tagesspiegel,DE-RP,Bernkastel-Wittlich,112262.0,96.0
2020-04-22,7231,122.0,1.0,88.0,Tagesspiegel,DE-RP,Bernkastel-Wittlich,112262.0,96.0
2020-04-23,7231,123.0,1.0,94.0,Tagesspiegel,DE-RP,Bernkastel-Wittlich,112262.0,96.0
2020-04-25,7231,126.0,2.0,97.0,Tagesspiegel,DE-RP,Bernkastel-Wittlich,112262.0,96.0
2020-04-29,7231,127.0,2.0,105.0,Tagesspiegel,DE-RP,Bernkastel-Wittlich,112262.0,96.0
2020-04-30,7231,129.0,2.0,106.0,Tagesspiegel,DE-RP,Bernkastel-Wittlich,112262.0,96.0
2020-05-02,7231,130.0,2.0,116.0,Tagesspiegel,DE-RP,Bernkastel-Wittlich,112262.0,96.0
2020-05-06,7231,132.0,2.0,116.0,Tagesspiegel,DE-RP,Bernkastel-Wittlich,112262.0,96.0
2020-05-07,7231,133.0,2.0,119.0,Tagesspiegel,DE-RP,Bernkastel-Wittlich,112262.0,96.0
2020-05-10,7231,139.0,2.0,120.0,Tagesspiegel,DE-RP,Bernkastel-Wittlich,112262.0,96.0
2020-05-11,7231,142.0,2.0,120.0,Tagesspiegel,DE-RP,Bernkastel-Wittlich,112262.0,96.0
2020-05-12,7231,143.0,2.0,122.0,Tagesspiegel,DE-RP,Bernkastel-Wittlich,112262.0,96.0
2020-05-13,7231,144.0,2.0,122.0,Tagesspiegel,DE-RP,Bernkastel-Wittlich,112262.0,96.0
2020-05-14,7231,146.0,2.0,122.0,Tagesspiegel,DE-RP,Bernkastel-Wittlich,112262.0,96.0
2020-05-16,7231,150.0,2.0,122.0,Tagesspiegel,DE-RP,Bernkastel-Wittlich,112262.0,96.0
2020-05-17,7231,151.0,2.0,122.0,Tagesspiegel,DE-RP,Bernkastel-Wittlich,112262.0,96.0
2020-05-20,7231,152.0,2.0,128.0,Tagesspiegel,DE-RP,Bernkastel-Wittlich,112262.0,96.0
2020-05-27,7231,153.0,2.0,143.0,Tagesspiegel,DE-RP,Bernkastel-Wittlich,112262.0,96.0
2020-05-29,7231,157.0,2.0,144.0,Tagesspiegel,DE-RP,Bernkastel-Wittlich,112262.0,96.0
2020-06-01,7231,160.0,2.0,145.0,Tagesspiegel,DE-RP,Bernkastel-Wittlich,112262.0,96.0
2020-06-04,7231,161.0,2.0,149.0,Tagesspiegel,DE-RP,Bernkastel-Wittlich,112262.0,96.0
2020-06-06,7231,163.0,2.0,150.0,Tagesspiegel,DE-RP,Bernkastel-Wittlich,112262.0,96.0
2020-06-07,7231,164.0,2.0,150.0,Tagesspiegel,DE-RP,Bernkastel-Wittlich,112262.0,96.0
2020-06-14,7231,165.0,2.0,159.0,Tagesspiegel,DE-RP,Bernkastel-Wittlich,112262.0,96.0
2020-06-17,7231,166.0,2.0,160.0,Tagesspiegel,DE-RP,Bernkastel-Wittlich,112262.0,96.0
2020-06-19,7231,167.0,2.0,162.0,Tagesspiegel,DE-RP,Bernkastel-Wittlich,112262.0,96.0
2020-06-23,7231,170.0,2.0,163.0,Tagesspiegel,DE-RP,Bernkastel-Wittlich,112262.0,96.0
2020-06-26,7231,172.0,2.0,163.0,Tagesspiegel,DE-RP,Bernkastel-Wittlich,112262.0,96.0
2020-06-28,7231,174.0,2.0,165.0,Tagesspiegel,DE-RP,Bernkastel-Wittlich,112262.0,96.0
2020-07-01,7231,175.0,2.0,165.0,Tagesspiegel,DE-RP,Bernkastel-Wittlich,112262.0,96.0
2020-07-04,7231,177.0,2.0,167.0,Tagesspiegel,DE-RP,Bernkastel-Wittlich,112262.0,96.0
2020-07-08,7231,178.0,2.0,171.0,Tagesspiegel,DE-RP,Bernkastel-Wittlich,112262.0,96.0
2020-07-11,7231,182.0,2.0,173.0,Tagesspiegel,DE-RP,Bernkastel-Wittlich,112262.0,96.0
2020-07-16,7231,182.0,2.0,175.0,Tagesspiegel,DE-RP,Bernkastel-Wittlich,112262.0,96.0
2020-03-12,7232,2.0,0.0,2.0,RKI,DE-RP,Bitburg-Prüm,98561.0,61.0
2020-03-13,7232,3.0,0.0,3.0,RKI,DE-RP,Bitburg-Prüm,98561.0,61.0
2020-03-14,7232,8.0,0.0,8.0,RKI,DE-RP,Bitburg-Prüm,98561.0,61.0
2020-03-15,7232,10.0,0.0,10.0,RKI,DE-RP,Bitburg-Prüm,98561.0,61.0
2020-03-16,7232,13.0,0.0,13.0,RKI,DE-RP,Bitburg-Prüm,98561.0,61.0
2020-03-17,7232,14.0,0.0,14.0,RKI,DE-RP,Bitburg-Prüm,98561.0,61.0
2020-03-18,7232,20.0,0.0,20.0,RKI,DE-RP,Bitburg-Prüm,98561.0,61.0
2020-03-19,7232,21.0,0.0,21.0,RKI,DE-RP,Bitburg-Prüm,98561.0,61.0
2020-03-20,7232,26.0,0.0,26.0,RKI,DE-RP,Bitburg-Prüm,98561.0,61.0
2020-03-21,7232,30.0,0.0,30.0,RKI,DE-RP,Bitburg-Prüm,98561.0,61.0
2020-03-22,7232,31.0,0.0,31.0,RKI,DE-RP,Bitburg-Prüm,98561.0,61.0
2020-03-23,7232,32.0,0.0,32.0,RKI,DE-RP,Bitburg-Prüm,98561.0,61.0
2020-03-24,7232,40.0,0.0,40.0,RKI,DE-RP,Bitburg-Prüm,98561.0,61.0
2020-03-25,7232,41.0,0.0,41.0,RKI,DE-RP,Bitburg-Prüm,98561.0,61.0
2020-03-26,7232,57.0,1.0,56.0,RKI,DE-RP,Bitburg-Prüm,98561.0,61.0
2020-03-27,7232,60.0,1.0,59.0,RKI,DE-RP,Bitburg-Prüm,98561.0,61.0
2020-03-28,7232,70.0,2.0,68.0,RKI,DE-RP,Bitburg-Prüm,98561.0,61.0
2020-03-29,7232,70.0,2.0,68.0,RKI,DE-RP,Bitburg-Prüm,98561.0,61.0
2020-03-30,7232,91.0,0.0,13.0,Tagesspiegel,DE-RP,Bitburg-Prüm,98561.0,61.0
2020-04-01,7232,97.0,0.0,21.0,Tagesspiegel,DE-RP,Bitburg-Prüm,98561.0,61.0
2020-04-02,7232,112.0,0.0,21.0,Tagesspiegel,DE-RP,Bitburg-Prüm,98561.0,61.0
2020-04-03,7232,114.0,0.0,21.0,Tagesspiegel,DE-RP,Bitburg-Prüm,98561.0,61.0
2020-04-04,7232,117.0,0.0,30.0,Tagesspiegel,DE-RP,Bitburg-Prüm,98561.0,61.0
2020-04-05,7232,118.0,0.0,30.0,Tagesspiegel,DE-RP,Bitburg-Prüm,98561.0,61.0
2020-04-06,7232,121.0,1.0,31.0,Tagesspiegel,DE-RP,Bitburg-Prüm,98561.0,61.0
2020-04-07,7232,124.0,2.0,38.0,Tagesspiegel,DE-RP,Bitburg-Prüm,98561.0,61.0
2020-04-08,7232,128.0,2.0,55.0,Tagesspiegel,DE-RP,Bitburg-Prüm,98561.0,61.0
2020-04-09,7232,129.0,2.0,59.0,Tagesspiegel,DE-RP,Bitburg-Prüm,98561.0,61.0
2020-04-11,7232,132.0,3.0,64.0,Tagesspiegel,DE-RP,Bitburg-Prüm,98561.0,61.0
2020-04-12,7232,135.0,3.0,64.0,Tagesspiegel,DE-RP,Bitburg-Prüm,98561.0,61.0
2020-04-13,7232,135.0,3.0,64.0,Tagesspiegel,DE-RP,Bitburg-Prüm,98561.0,61.0
2020-04-14,7232,135.0,3.0,75.0,Tagesspiegel,DE-RP,Bitburg-Prüm,98561.0,61.0
2020-04-15,7232,143.0,3.0,78.0,Tagesspiegel,DE-RP,Bitburg-Prüm,98561.0,61.0
2020-04-16,7232,144.0,3.0,83.0,Tagesspiegel,DE-RP,Bitburg-Prüm,98561.0,61.0
2020-04-17,7232,147.0,3.0,108.0,Tagesspiegel,DE-RP,Bitburg-Prüm,98561.0,61.0
2020-04-18,7232,148.0,3.0,109.0,Tagesspiegel,DE-RP,Bitburg-Prüm,98561.0,61.0
2020-04-19,7232,152.0,3.0,109.0,Tagesspiegel,DE-RP,Bitburg-Prüm,98561.0,61.0
2020-04-20,7232,155.0,3.0,111.0,Tagesspiegel,DE-RP,Bitburg-Prüm,98561.0,61.0
2020-04-21,7232,158.0,3.0,115.0,Tagesspiegel,DE-RP,Bitburg-Prüm,98561.0,61.0
2020-04-22,7232,160.0,3.0,117.0,Tagesspiegel,DE-RP,Bitburg-Prüm,98561.0,61.0
2020-04-23,7232,161.0,3.0,123.0,Tagesspiegel,DE-RP,Bitburg-Prüm,98561.0,61.0
2020-04-24,7232,162.0,3.0,126.0,Tagesspiegel,DE-RP,Bitburg-Prüm,98561.0,61.0
2020-04-25,7232,165.0,3.0,127.0,Tagesspiegel,DE-RP,Bitburg-Prüm,98561.0,61.0
2020-04-26,7232,166.0,3.0,127.0,Tagesspiegel,DE-RP,Bitburg-Prüm,98561.0,61.0
2020-04-28,7232,168.0,3.0,133.0,Tagesspiegel,DE-RP,Bitburg-Prüm,98561.0,61.0
2020-04-29,7232,169.0,3.0,133.0,Tagesspiegel,DE-RP,Bitburg-Prüm,98561.0,61.0
2020-04-30,7232,169.0,3.0,139.0,Tagesspiegel,DE-RP,Bitburg-Prüm,98561.0,61.0
2020-05-01,7232,172.0,3.0,139.0,Tagesspiegel,DE-RP,Bitburg-Prüm,98561.0,61.0
2020-05-04,7232,174.0,4.0,141.0,Tagesspiegel,DE-RP,Bitburg-Prüm,98561.0,61.0
2020-05-06,7232,175.0,4.0,150.0,Tagesspiegel,DE-RP,Bitburg-Prüm,98561.0,61.0
2020-05-09,7232,177.0,4.0,157.0,Tagesspiegel,DE-RP,Bitburg-Prüm,98561.0,61.0
2020-05-11,7232,177.0,4.0,157.0,Tagesspiegel,DE-RP,Bitburg-Prüm,98561.0,61.0
2020-05-12,7232,179.0,4.0,160.0,Tagesspiegel,DE-RP,Bitburg-Prüm,98561.0,61.0
2020-05-13,7232,179.0,4.0,160.0,Tagesspiegel,DE-RP,Bitburg-Prüm,98561.0,61.0
2020-05-14,7232,182.0,4.0,163.0,Tagesspiegel,DE-RP,Bitburg-Prüm,98561.0,61.0
2020-05-20,7232,183.0,4.0,169.0,Tagesspiegel,DE-RP,Bitburg-Prüm,98561.0,61.0
2020-06-16,7232,184.0,5.0,177.0,Tagesspiegel,DE-RP,Bitburg-Prüm,98561.0,61.0
2020-06-18,7232,185.0,5.0,179.0,Tagesspiegel,DE-RP,Bitburg-Prüm,98561.0,61.0
2020-06-19,7232,186.0,5.0,179.0,Tagesspiegel,DE-RP,Bitburg-Prüm,98561.0,61.0
2020-06-22,7232,187.0,5.0,179.0,Tagesspiegel,DE-RP,Bitburg-Prüm,98561.0,61.0
2020-06-23,7232,197.0,5.0,179.0,Tagesspiegel,DE-RP,Bitburg-Prüm,98561.0,61.0
2020-06-26,7232,197.0,5.0,179.0,Tagesspiegel,DE-RP,Bitburg-Prüm,98561.0,61.0
2020-07-11,7232,199.0,5.0,185.0,Tagesspiegel,DE-RP,Bitburg-Prüm,98561.0,61.0
2020-07-12,7232,199.0,5.0,185.0,Tagesspiegel,DE-RP,Bitburg-Prüm,98561.0,61.0
2020-07-14,7232,204.0,5.0,192.0,Tagesspiegel,DE-RP,Bitburg-Prüm,98561.0,61.0
2020-07-15,7232,205.0,5.0,192.0,Tagesspiegel,DE-RP,Bitburg-Prüm,98561.0,61.0
2020-07-16,7232,206.0,5.0,193.0,Tagesspiegel,DE-RP,Bitburg-Prüm,98561.0,61.0
2020-03-15,7233,2.0,0.0,2.0,RKI,DE-RP,Vulkaneifel,60603.0,67.0
2020-03-16,7233,10.0,0.0,10.0,RKI,DE-RP,Vulkaneifel,60603.0,67.0
2020-03-17,7233,11.0,0.0,11.0,RKI,DE-RP,Vulkaneifel,60603.0,67.0
2020-03-18,7233,14.0,0.0,14.0,RKI,DE-RP,Vulkaneifel,60603.0,67.0
2020-03-19,7233,18.0,0.0,18.0,RKI,DE-RP,Vulkaneifel,60603.0,67.0
2020-03-20,7233,23.0,0.0,23.0,RKI,DE-RP,Vulkaneifel,60603.0,67.0
2020-03-22,7233,23.0,0.0,23.0,RKI,DE-RP,Vulkaneifel,60603.0,67.0
2020-03-24,7233,24.0,0.0,24.0,RKI,DE-RP,Vulkaneifel,60603.0,67.0
2020-03-25,7233,24.0,0.0,24.0,RKI,DE-RP,Vulkaneifel,60603.0,67.0
2020-03-27,7233,27.0,0.0,27.0,RKI,DE-RP,Vulkaneifel,60603.0,67.0
2020-03-28,7233,32.0,0.0,32.0,RKI,DE-RP,Vulkaneifel,60603.0,67.0
2020-03-29,7233,34.0,0.0,34.0,RKI,DE-RP,Vulkaneifel,60603.0,67.0
2020-03-30,7233,48.0,0.0,13.0,Tagesspiegel,DE-RP,Vulkaneifel,60603.0,67.0
2020-03-31,7233,51.0,0.0,20.0,Tagesspiegel,DE-RP,Vulkaneifel,60603.0,67.0
2020-04-01,7233,52.0,0.0,21.0,Tagesspiegel,DE-RP,Vulkaneifel,60603.0,67.0
2020-04-02,7233,59.0,0.0,28.0,Tagesspiegel,DE-RP,Vulkaneifel,60603.0,67.0
2020-04-03,7233,64.0,0.0,30.0,Tagesspiegel,DE-RP,Vulkaneifel,60603.0,67.0
2020-04-04,7233,82.0,0.0,30.0,Tagesspiegel,DE-RP,Vulkaneifel,60603.0,67.0
2020-04-06,7233,83.0,1.0,31.0,Tagesspiegel,DE-RP,Vulkaneifel,60603.0,67.0
2020-04-08,7233,86.0,1.0,31.0,Tagesspiegel,DE-RP,Vulkaneifel,60603.0,67.0
2020-04-09,7233,89.0,1.0,36.0,Tagesspiegel,DE-RP,Vulkaneifel,60603.0,67.0
2020-04-10,7233,90.0,1.0,37.0,Tagesspiegel,DE-RP,Vulkaneifel,60603.0,67.0
2020-04-11,7233,94.0,1.0,38.0,Tagesspiegel,DE-RP,Vulkaneifel,60603.0,67.0
2020-04-13,7233,100.0,1.0,38.0,Tagesspiegel,DE-RP,Vulkaneifel,60603.0,67.0
2020-04-15,7233,100.0,1.0,45.0,Tagesspiegel,DE-RP,Vulkaneifel,60603.0,67.0
2020-04-17,7233,101.0,2.0,59.0,Tagesspiegel,DE-RP,Vulkaneifel,60603.0,67.0
2020-04-20,7233,104.0,2.0,67.0,Tagesspiegel,DE-RP,Vulkaneifel,60603.0,67.0
2020-04-21,7233,105.0,2.0,71.0,Tagesspiegel,DE-RP,Vulkaneifel,60603.0,67.0
2020-04-23,7233,108.0,2.0,76.0,Tagesspiegel,DE-RP,Vulkaneifel,60603.0,67.0
2020-04-29,7233,109.0,4.0,92.0,Tagesspiegel,DE-RP,Vulkaneifel,60603.0,67.0
2020-04-30,7233,110.0,4.0,99.0,Tagesspiegel,DE-RP,Vulkaneifel,60603.0,67.0
2020-05-01,7233,111.0,4.0,100.0,Tagesspiegel,DE-RP,Vulkaneifel,60603.0,67.0
2020-05-05,7233,115.0,4.0,101.0,Tagesspiegel,DE-RP,Vulkaneifel,60603.0,67.0
2020-05-07,7233,116.0,4.0,103.0,Tagesspiegel,DE-RP,Vulkaneifel,60603.0,67.0
2020-05-09,7233,117.0,4.0,105.0,Tagesspiegel,DE-RP,Vulkaneifel,60603.0,67.0
2020-06-17,7233,118.0,5.0,113.0,Tagesspiegel,DE-RP,Vulkaneifel,60603.0,67.0
2020-06-24,7233,119.0,6.0,113.0,Tagesspiegel,DE-RP,Vulkaneifel,60603.0,67.0
2020-06-25,7233,120.0,6.0,113.0,Tagesspiegel,DE-RP,Vulkaneifel,60603.0,67.0
2020-06-29,7233,123.0,6.0,113.0,Tagesspiegel,DE-RP,Vulkaneifel,60603.0,67.0
2020-07-09,7233,123.0,6.0,113.0,Tagesspiegel,DE-RP,Vulkaneifel,60603.0,67.0
2020-03-15,7235,6.0,0.0,6.0,RKI,DE-RP,Trier-Saarburg,148945.0,135.0
2020-03-16,7235,6.0,0.0,6.0,RKI,DE-RP,Trier-Saarburg,148945.0,135.0
2020-03-17,7235,9.0,0.0,9.0,RKI,DE-RP,Trier-Saarburg,148945.0,135.0
2020-03-18,7235,12.0,0.0,12.0,RKI,DE-RP,Trier-Saarburg,148945.0,135.0
2020-03-19,7235,15.0,1.0,14.0,RKI,DE-RP,Trier-Saarburg,148945.0,135.0
2020-03-20,7235,16.0,1.0,15.0,RKI,DE-RP,Trier-Saarburg,148945.0,135.0
2020-03-21,7235,21.0,1.0,20.0,RKI,DE-RP,Trier-Saarburg,148945.0,135.0
2020-03-22,7235,23.0,1.0,22.0,RKI,DE-RP,Trier-Saarburg,148945.0,135.0
2020-03-23,7235,25.0,1.0,24.0,RKI,DE-RP,Trier-Saarburg,148945.0,135.0
2020-03-24,7235,29.0,2.0,27.0,RKI,DE-RP,Trier-Saarburg,148945.0,135.0
2020-03-25,7235,31.0,2.0,29.0,RKI,DE-RP,Trier-Saarburg,148945.0,135.0
2020-03-26,7235,33.0,2.0,31.0,RKI,DE-RP,Trier-Saarburg,148945.0,135.0
2020-03-27,7235,35.0,3.0,32.0,RKI,DE-RP,Trier-Saarburg,148945.0,135.0
2020-03-28,7235,39.0,3.0,36.0,RKI,DE-RP,Trier-Saarburg,148945.0,135.0
2020-03-29,7235,58.0,4.0,54.0,RKI,DE-RP,Trier-Saarburg,148945.0,135.0
2020-03-30,7235,61.0,4.0,57.0,RKI,DE-RP,Trier-Saarburg,148945.0,135.0
2020-03-31,7235,76.0,1.0,13.0,Tagesspiegel,DE-RP,Trier-Saarburg,148945.0,135.0
2020-04-01,7235,82.0,1.0,18.0,Tagesspiegel,DE-RP,Trier-Saarburg,148945.0,135.0
2020-04-02,7235,88.0,1.0,18.0,Tagesspiegel,DE-RP,Trier-Saarburg,148945.0,135.0
2020-04-03,7235,92.0,1.0,33.0,Tagesspiegel,DE-RP,Trier-Saarburg,148945.0,135.0
2020-04-04,7235,93.0,1.0,33.0,Tagesspiegel,DE-RP,Trier-Saarburg,148945.0,135.0
2020-04-05,7235,102.0,1.0,33.0,Tagesspiegel,DE-RP,Trier-Saarburg,148945.0,135.0
2020-04-06,7235,105.0,2.0,48.0,Tagesspiegel,DE-RP,Trier-Saarburg,148945.0,135.0
2020-04-07,7235,111.0,3.0,43.0,Tagesspiegel,DE-RP,Trier-Saarburg,148945.0,135.0
2020-04-08,7235,121.0,3.0,45.0,Tagesspiegel,DE-RP,Trier-Saarburg,148945.0,135.0
2020-04-09,7235,127.0,3.0,52.0,Tagesspiegel,DE-RP,Trier-Saarburg,148945.0,135.0
2020-04-10,7235,128.0,3.0,57.0,Tagesspiegel,DE-RP,Trier-Saarburg,148945.0,135.0
2020-04-11,7235,130.0,3.0,68.0,Tagesspiegel,DE-RP,Trier-Saarburg,148945.0,135.0
2020-04-12,7235,133.0,3.0,68.0,Tagesspiegel,DE-RP,Trier-Saarburg,148945.0,135.0
2020-04-13,7235,133.0,3.0,59.0,Tagesspiegel,DE-RP,Trier-Saarburg,148945.0,135.0
2020-04-14,7235,139.0,3.0,75.0,Tagesspiegel,DE-RP,Trier-Saarburg,148945.0,135.0
2020-04-15,7235,150.0,3.0,79.0,Tagesspiegel,DE-RP,Trier-Saarburg,148945.0,135.0
2020-04-16,7235,154.0,4.0,79.0,Tagesspiegel,DE-RP,Trier-Saarburg,148945.0,135.0
2020-04-17,7235,159.0,4.0,86.0,Tagesspiegel,DE-RP,Trier-Saarburg,148945.0,135.0
2020-04-19,7235,163.0,4.0,86.0,Tagesspiegel,DE-RP,Trier-Saarburg,148945.0,135.0
2020-04-21,7235,165.0,4.0,106.0,Tagesspiegel,DE-RP,Trier-Saarburg,148945.0,135.0
2020-04-22,7235,165.0,4.0,116.0,Tagesspiegel,DE-RP,Trier-Saarburg,148945.0,135.0
2020-04-23,7235,168.0,4.0,116.0,Tagesspiegel,DE-RP,Trier-Saarburg,148945.0,135.0
2020-04-24,7235,172.0,4.0,116.0,Tagesspiegel,DE-RP,Trier-Saarburg,148945.0,135.0
2020-04-27,7235,173.0,5.0,128.0,Tagesspiegel,DE-RP,Trier-Saarburg,148945.0,135.0
2020-04-28,7235,174.0,5.0,134.0,Tagesspiegel,DE-RP,Trier-Saarburg,148945.0,135.0
2020-04-29,7235,174.0,5.0,142.0,Tagesspiegel,DE-RP,Trier-Saarburg,148945.0,135.0
2020-04-30,7235,179.0,5.0,149.0,Tagesspiegel,DE-RP,Trier-Saarburg,148945.0,135.0
2020-05-01,7235,182.0,5.0,150.0,Tagesspiegel,DE-RP,Trier-Saarburg,148945.0,135.0
2020-05-04,7235,187.0,6.0,153.0,Tagesspiegel,DE-RP,Trier-Saarburg,148945.0,135.0
2020-05-06,7235,191.0,6.0,158.0,Tagesspiegel,DE-RP,Trier-Saarburg,148945.0,135.0
2020-05-11,7235,192.0,7.0,167.0,Tagesspiegel,DE-RP,Trier-Saarburg,148945.0,135.0
2020-05-15,7235,193.0,7.0,176.0,Tagesspiegel,DE-RP,Trier-Saarburg,148945.0,135.0
2020-05-19,7235,194.0,9.0,178.0,Tagesspiegel,DE-RP,Trier-Saarburg,148945.0,135.0
2020-06-11,7235,196.0,9.0,186.0,Tagesspiegel,DE-RP,Trier-Saarburg,148945.0,135.0
2020-06-12,7235,196.0,9.0,185.0,Tagesspiegel,DE-RP,Trier-Saarburg,148945.0,135.0
2020-06-18,7235,198.0,9.0,186.0,Tagesspiegel,DE-RP,Trier-Saarburg,148945.0,135.0
2020-06-19,7235,198.0,9.0,187.0,Tagesspiegel,DE-RP,Trier-Saarburg,148945.0,135.0
2020-06-23,7235,201.0,9.0,187.0,Tagesspiegel,DE-RP,Trier-Saarburg,148945.0,135.0
2020-06-25,7235,203.0,9.0,188.0,Tagesspiegel,DE-RP,Trier-Saarburg,148945.0,135.0
2020-07-01,7235,204.0,9.0,188.0,Tagesspiegel,DE-RP,Trier-Saarburg,148945.0,135.0
2020-07-07,7235,205.0,9.0,193.0,Tagesspiegel,DE-RP,Trier-Saarburg,148945.0,135.0
2020-07-08,7235,206.0,9.0,193.0,Tagesspiegel,DE-RP,Trier-Saarburg,148945.0,135.0
2020-07-10,7235,207.0,9.0,193.0,Tagesspiegel,DE-RP,Trier-Saarburg,148945.0,135.0
2020-07-11,7235,208.0,9.0,193.0,Tagesspiegel,DE-RP,Trier-Saarburg,148945.0,135.0
2020-07-12,7235,208.0,9.0,193.0,Tagesspiegel,DE-RP,Trier-Saarburg,148945.0,135.0
2020-07-13,7235,208.0,9.0,194.0,Tagesspiegel,DE-RP,Trier-Saarburg,148945.0,135.0
2020-07-14,7235,214.0,9.0,195.0,Tagesspiegel,DE-RP,Trier-Saarburg,148945.0,135.0
2020-07-15,7235,221.0,9.0,195.0,Tagesspiegel,DE-RP,Trier-Saarburg,148945.0,135.0
2020-03-17,7311,1.0,0.0,1.0,RKI,DE-RP,Frankenthal,48561.0,1110.0
2020-03-18,7311,5.0,0.0,5.0,RKI,DE-RP,Frankenthal,48561.0,1110.0
2020-03-19,7311,5.0,0.0,5.0,RKI,DE-RP,Frankenthal,48561.0,1110.0
2020-03-20,7311,6.0,0.0,6.0,RKI,DE-RP,Frankenthal,48561.0,1110.0
2020-03-23,7311,6.0,0.0,6.0,RKI,DE-RP,Frankenthal,48561.0,1110.0
2020-03-26,7311,6.0,0.0,6.0,RKI,DE-RP,Frankenthal,48561.0,1110.0
2020-03-27,7311,8.0,1.0,7.0,RKI,DE-RP,Frankenthal,48561.0,1110.0
2020-03-29,7311,10.0,1.0,9.0,RKI,DE-RP,Frankenthal,48561.0,1110.0
2020-03-31,7311,12.0,1.0,11.0,RKI,DE-RP,Frankenthal,48561.0,1110.0
2020-04-01,7311,13.0,1.0,12.0,RKI,DE-RP,Frankenthal,48561.0,1110.0
2020-04-02,7311,13.0,1.0,12.0,RKI,DE-RP,Frankenthal,48561.0,1110.0
2020-04-03,7311,13.0,1.0,12.0,RKI,DE-RP,Frankenthal,48561.0,1110.0
2020-04-04,7311,13.0,1.0,12.0,RKI,DE-RP,Frankenthal,48561.0,1110.0
2020-04-09,7311,16.0,1.0,15.0,RKI,DE-RP,Frankenthal,48561.0,1110.0
2020-04-14,7311,16.0,1.0,15.0,RKI,DE-RP,Frankenthal,48561.0,1110.0
2020-04-16,7311,16.0,1.0,15.0,RKI,DE-RP,Frankenthal,48561.0,1110.0
2020-04-18,7311,33.0,2.0,25.0,Tagesspiegel,DE-RP,Frankenthal,48561.0,1110.0
2020-04-20,7311,36.0,2.0,25.0,Tagesspiegel,DE-RP,Frankenthal,48561.0,1110.0
2020-04-22,7311,37.0,2.0,26.0,Tagesspiegel,DE-RP,Frankenthal,48561.0,1110.0
2020-04-25,7311,38.0,2.0,26.0,Tagesspiegel,DE-RP,Frankenthal,48561.0,1110.0
2020-04-27,7311,38.0,2.0,29.0,Tagesspiegel,DE-RP,Frankenthal,48561.0,1110.0
2020-05-07,7311,41.0,2.0,34.0,Tagesspiegel,DE-RP,Frankenthal,48561.0,1110.0
2020-05-20,7311,42.0,2.0,39.0,Tagesspiegel,DE-RP,Frankenthal,48561.0,1110.0
2020-05-28,7311,43.0,2.0,40.0,Tagesspiegel,DE-RP,Frankenthal,48561.0,1110.0
2020-06-17,7311,44.0,2.0,42.0,Tagesspiegel,DE-RP,Frankenthal,48561.0,1110.0
2020-02-29,7312,0.0,0.0,0.0,RKI,DE-RP,Kaiserslautern,99845.0,715.0
2020-03-03,7312,0.0,0.0,0.0,RKI,DE-RP,Kaiserslautern,99845.0,715.0
2020-03-06,7312,0.0,0.0,0.0,RKI,DE-RP,Kaiserslautern,99845.0,715.0
2020-03-11,7312,0.0,0.0,0.0,RKI,DE-RP,Kaiserslautern,99845.0,715.0
2020-03-13,7312,0.0,0.0,0.0,RKI,DE-RP,Kaiserslautern,99845.0,715.0
2020-03-15,7312,1.0,0.0,1.0,RKI,DE-RP,Kaiserslautern,99845.0,715.0
2020-03-16,7312,3.0,0.0,3.0,RKI,DE-RP,Kaiserslautern,99845.0,715.0
2020-03-18,7312,4.0,0.0,4.0,RKI,DE-RP,Kaiserslautern,99845.0,715.0
2020-03-20,7312,4.0,0.0,4.0,RKI,DE-RP,Kaiserslautern,99845.0,715.0
2020-03-21,7312,9.0,0.0,9.0,RKI,DE-RP,Kaiserslautern,99845.0,715.0
2020-03-22,7312,15.0,0.0,15.0,RKI,DE-RP,Kaiserslautern,99845.0,715.0
2020-03-23,7312,18.0,0.0,18.0,RKI,DE-RP,Kaiserslautern,99845.0,715.0
2020-03-24,7312,24.0,0.0,24.0,RKI,DE-RP,Kaiserslautern,99845.0,715.0
2020-03-25,7312,31.0,0.0,31.0,RKI,DE-RP,Kaiserslautern,99845.0,715.0
2020-03-26,7312,34.0,1.0,33.0,RKI,DE-RP,Kaiserslautern,99845.0,715.0
2020-03-27,7312,36.0,1.0,35.0,RKI,DE-RP,Kaiserslautern,99845.0,715.0
2020-03-28,7312,36.0,1.0,35.0,RKI,DE-RP,Kaiserslautern,99845.0,715.0
2020-03-29,7312,36.0,1.0,35.0,RKI,DE-RP,Kaiserslautern,99845.0,715.0
2020-03-31,7312,56.0,1.0,3.0,Tagesspiegel,DE-RP,Kaiserslautern,99845.0,715.0
2020-04-01,7312,59.0,1.0,8.0,Tagesspiegel,DE-RP,Kaiserslautern,99845.0,715.0
2020-04-02,7312,63.0,1.0,12.0,Tagesspiegel,DE-RP,Kaiserslautern,99845.0,715.0
2020-04-03,7312,69.0,1.0,13.0,Tagesspiegel,DE-RP,Kaiserslautern,99845.0,715.0
2020-04-04,7312,70.0,1.0,13.0,Tagesspiegel,DE-RP,Kaiserslautern,99845.0,715.0
2020-04-06,7312,71.0,1.0,13.0,Tagesspiegel,DE-RP,Kaiserslautern,99845.0,715.0
2020-04-07,7312,72.0,1.0,19.0,Tagesspiegel,DE-RP,Kaiserslautern,99845.0,715.0
2020-04-08,7312,78.0,1.0,19.0,Tagesspiegel,DE-RP,Kaiserslautern,99845.0,715.0
2020-04-09,7312,78.0,1.0,19.0,Tagesspiegel,DE-RP,Kaiserslautern,99845.0,715.0
2020-04-10,7312,79.0,1.0,23.0,Tagesspiegel,DE-RP,Kaiserslautern,99845.0,715.0
2020-04-11,7312,80.0,1.0,25.0,Tagesspiegel,DE-RP,Kaiserslautern,99845.0,715.0
2020-04-14,7312,82.0,1.0,25.0,Tagesspiegel,DE-RP,Kaiserslautern,99845.0,715.0
2020-04-15,7312,85.0,1.0,25.0,Tagesspiegel,DE-RP,Kaiserslautern,99845.0,715.0
2020-04-16,7312,89.0,1.0,26.0,Tagesspiegel,DE-RP,Kaiserslautern,99845.0,715.0
2020-04-17,7312,92.0,1.0,43.0,Tagesspiegel,DE-RP,Kaiserslautern,99845.0,715.0
2020-04-18,7312,94.0,1.0,43.0,Tagesspiegel,DE-RP,Kaiserslautern,99845.0,715.0
2020-04-19,7312,94.0,1.0,43.0,Tagesspiegel,DE-RP,Kaiserslautern,99845.0,715.0
2020-04-20,7312,98.0,1.0,51.0,Tagesspiegel,DE-RP,Kaiserslautern,99845.0,715.0
2020-04-21,7312,99.0,1.0,54.0,Tagesspiegel,DE-RP,Kaiserslautern,99845.0,715.0
2020-04-23,7312,103.0,3.0,54.0,Tagesspiegel,DE-RP,Kaiserslautern,99845.0,715.0
2020-04-27,7312,108.0,3.0,64.0,Tagesspiegel,DE-RP,Kaiserslautern,99845.0,715.0
2020-04-28,7312,108.0,3.0,66.0,Tagesspiegel,DE-RP,Kaiserslautern,99845.0,715.0
2020-04-30,7312,110.0,3.0,72.0,Tagesspiegel,DE-RP,Kaiserslautern,99845.0,715.0
2020-05-01,7312,115.0,4.0,76.0,Tagesspiegel,DE-RP,Kaiserslautern,99845.0,715.0
2020-05-04,7312,122.0,4.0,85.0,Tagesspiegel,DE-RP,Kaiserslautern,99845.0,715.0
2020-05-05,7312,122.0,4.0,85.0,Tagesspiegel,DE-RP,Kaiserslautern,99845.0,715.0
2020-05-06,7312,123.0,4.0,88.0,Tagesspiegel,DE-RP,Kaiserslautern,99845.0,715.0
2020-05-08,7312,127.0,4.0,89.0,Tagesspiegel,DE-RP,Kaiserslautern,99845.0,715.0
2020-05-09,7312,127.0,4.0,91.0,Tagesspiegel,DE-RP,Kaiserslautern,99845.0,715.0
2020-05-12,7312,131.0,4.0,92.0,Tagesspiegel,DE-RP,Kaiserslautern,99845.0,715.0
2020-05-13,7312,132.0,4.0,92.0,Tagesspiegel,DE-RP,Kaiserslautern,99845.0,715.0
2020-05-15,7312,133.0,4.0,94.0,Tagesspiegel,DE-RP,Kaiserslautern,99845.0,715.0
2020-05-16,7312,134.0,4.0,95.0,Tagesspiegel,DE-RP,Kaiserslautern,99845.0,715.0
2020-05-18,7312,140.0,4.0,100.0,Tagesspiegel,DE-RP,Kaiserslautern,99845.0,715.0
2020-05-19,7312,145.0,4.0,101.0,Tagesspiegel,DE-RP,Kaiserslautern,99845.0,715.0
2020-05-20,7312,148.0,4.0,101.0,Tagesspiegel,DE-RP,Kaiserslautern,99845.0,715.0
2020-05-21,7312,151.0,4.0,103.0,Tagesspiegel,DE-RP,Kaiserslautern,99845.0,715.0
2020-05-22,7312,152.0,4.0,104.0,Tagesspiegel,DE-RP,Kaiserslautern,99845.0,715.0
2020-05-23,7312,153.0,4.0,110.0,Tagesspiegel,DE-RP,Kaiserslautern,99845.0,715.0
2020-05-25,7312,156.0,5.0,110.0,Tagesspiegel,DE-RP,Kaiserslautern,99845.0,715.0
2020-05-30,7312,157.0,5.0,124.0,Tagesspiegel,DE-RP,Kaiserslautern,99845.0,715.0
2020-06-01,7312,159.0,5.0,124.0,Tagesspiegel,DE-RP,Kaiserslautern,99845.0,715.0
2020-06-04,7312,160.0,5.0,128.0,Tagesspiegel,DE-RP,Kaiserslautern,99845.0,715.0
2020-06-05,7312,168.0,5.0,133.0,Tagesspiegel,DE-RP,Kaiserslautern,99845.0,715.0
2020-06-06,7312,174.0,5.0,133.0,Tagesspiegel,DE-RP,Kaiserslautern,99845.0,715.0
2020-06-08,7312,176.0,5.0,135.0,Tagesspiegel,DE-RP,Kaiserslautern,99845.0,715.0
2020-06-09,7312,176.0,5.0,133.0,Tagesspiegel,DE-RP,Kaiserslautern,99845.0,715.0
2020-06-12,7312,178.0,5.0,143.0,Tagesspiegel,DE-RP,Kaiserslautern,99845.0,715.0
2020-06-22,7312,179.0,5.0,156.0,Tagesspiegel,DE-RP,Kaiserslautern,99845.0,715.0
2020-06-25,7312,180.0,5.0,163.0,Tagesspiegel,DE-RP,Kaiserslautern,99845.0,715.0
2020-06-26,7312,180.0,5.0,165.0,Tagesspiegel,DE-RP,Kaiserslautern,99845.0,715.0
2020-07-03,7312,180.0,5.0,173.0,Tagesspiegel,DE-RP,Kaiserslautern,99845.0,715.0
2020-07-07,7312,181.0,5.0,173.0,Tagesspiegel,DE-RP,Kaiserslautern,99845.0,715.0
2020-07-09,7312,183.0,5.0,174.0,Tagesspiegel,DE-RP,Kaiserslautern,99845.0,715.0
2020-07-10,7312,183.0,5.0,174.0,Tagesspiegel,DE-RP,Kaiserslautern,99845.0,715.0
2020-07-13,7312,187.0,5.0,174.0,Tagesspiegel,DE-RP,Kaiserslautern,99845.0,715.0
2020-07-14,7312,187.0,5.0,174.0,Tagesspiegel,DE-RP,Kaiserslautern,99845.0,715.0
2020-03-18,7313,0.0,0.0,0.0,RKI,DE-RP,Landau in der Pfalz,46677.0,563.0
2020-03-19,7313,1.0,0.0,1.0,RKI,DE-RP,Landau in der Pfalz,46677.0,563.0
2020-03-20,7313,1.0,0.0,1.0,RKI,DE-RP,Landau in der Pfalz,46677.0,563.0
2020-03-23,7313,2.0,0.0,2.0,RKI,DE-RP,Landau in der Pfalz,46677.0,563.0
2020-03-24,7313,7.0,0.0,7.0,RKI,DE-RP,Landau in der Pfalz,46677.0,563.0
2020-03-26,7313,12.0,0.0,12.0,RKI,DE-RP,Landau in der Pfalz,46677.0,563.0
2020-03-27,7313,17.0,0.0,17.0,RKI,DE-RP,Landau in der Pfalz,46677.0,563.0
2020-03-28,7313,19.0,0.0,19.0,RKI,DE-RP,Landau in der Pfalz,46677.0,563.0
2020-03-29,7313,20.0,0.0,20.0,RKI,DE-RP,Landau in der Pfalz,46677.0,563.0
2020-03-30,7313,20.0,0.0,20.0,RKI,DE-RP,Landau in der Pfalz,46677.0,563.0
2020-03-31,7313,35.0,0.0,1.0,Tagesspiegel,DE-RP,Landau in der Pfalz,46677.0,563.0
2020-04-01,7313,38.0,0.0,2.0,Tagesspiegel,DE-RP,Landau in der Pfalz,46677.0,563.0
2020-04-02,7313,43.0,0.0,5.0,Tagesspiegel,DE-RP,Landau in der Pfalz,46677.0,563.0
2020-04-03,7313,46.0,0.0,7.0,Tagesspiegel,DE-RP,Landau in der Pfalz,46677.0,563.0
2020-04-05,7313,48.0,0.0,7.0,Tagesspiegel,DE-RP,Landau in der Pfalz,46677.0,563.0
2020-04-08,7313,51.0,0.0,12.0,Tagesspiegel,DE-RP,Landau in der Pfalz,46677.0,563.0
2020-04-13,7313,62.0,0.0,23.0,Tagesspiegel,DE-RP,Landau in der Pfalz,46677.0,563.0
2020-04-17,7313,67.0,0.0,35.0,Tagesspiegel,DE-RP,Landau in der Pfalz,46677.0,563.0
2020-04-18,7313,67.0,0.0,41.0,Tagesspiegel,DE-RP,Landau in der Pfalz,46677.0,563.0
2020-04-22,7313,69.0,0.0,55.0,Tagesspiegel,DE-RP,Landau in der Pfalz,46677.0,563.0
2020-04-27,7313,71.0,0.0,58.0,Tagesspiegel,DE-RP,Landau in der Pfalz,46677.0,563.0
2020-05-04,7313,72.0,0.0,65.0,Tagesspiegel,DE-RP,Landau in der Pfalz,46677.0,563.0
2020-07-06,7313,74.0,2.0,71.0,Tagesspiegel,DE-RP,Landau in der Pfalz,46677.0,563.0
2020-03-06,7315,0.0,0.0,0.0,RKI,DE-RP,Mainz,217118.0,2221.0
2020-03-10,7315,0.0,0.0,0.0,RKI,DE-RP,Mainz,217118.0,2221.0
2020-03-11,7315,0.0,0.0,0.0,RKI,DE-RP,Mainz,217118.0,2221.0
2020-03-12,7315,8.0,0.0,8.0,RKI,DE-RP,Mainz,217118.0,2221.0
2020-03-14,7315,11.0,0.0,11.0,RKI,DE-RP,Mainz,217118.0,2221.0
2020-03-15,7315,11.0,0.0,11.0,RKI,DE-RP,Mainz,217118.0,2221.0
2020-03-16,7315,17.0,0.0,17.0,RKI,DE-RP,Mainz,217118.0,2221.0
2020-03-17,7315,21.0,0.0,21.0,RKI,DE-RP,Mainz,217118.0,2221.0
2020-03-18,7315,35.0,0.0,35.0,RKI,DE-RP,Mainz,217118.0,2221.0
2020-03-19,7315,40.0,0.0,40.0,RKI,DE-RP,Mainz,217118.0,2221.0
2020-03-20,7315,50.0,0.0,50.0,RKI,DE-RP,Mainz,217118.0,2221.0
2020-03-21,7315,56.0,0.0,56.0,RKI,DE-RP,Mainz,217118.0,2221.0
2020-03-22,7315,69.0,1.0,68.0,RKI,DE-RP,Mainz,217118.0,2221.0
2020-03-23,7315,75.0,1.0,74.0,RKI,DE-RP,Mainz,217118.0,2221.0
2020-03-24,7315,82.0,1.0,81.0,RKI,DE-RP,Mainz,217118.0,2221.0
2020-03-25,7315,90.0,1.0,89.0,RKI,DE-RP,Mainz,217118.0,2221.0
2020-03-26,7315,102.0,2.0,100.0,RKI,DE-RP,Mainz,217118.0,2221.0
2020-03-27,7315,121.0,3.0,118.0,RKI,DE-RP,Mainz,217118.0,2221.0
2020-03-28,7315,135.0,4.0,131.0,RKI,DE-RP,Mainz,217118.0,2221.0
2020-03-29,7315,155.0,5.0,150.0,RKI,DE-RP,Mainz,217118.0,2221.0
2020-03-30,7315,159.0,5.0,154.0,RKI,DE-RP,Mainz,217118.0,2221.0
2020-03-31,7315,166.0,5.0,161.0,RKI,DE-RP,Mainz,217118.0,2221.0
2020-04-01,7315,187.0,0.0,125.0,Tagesspiegel,DE-RP,Mainz,217118.0,2221.0
2020-04-02,7315,196.0,0.0,139.0,Tagesspiegel,DE-RP,Mainz,217118.0,2221.0
2020-04-03,7315,212.0,0.0,158.0,Tagesspiegel,DE-RP,Mainz,217118.0,2221.0
2020-04-04,7315,222.0,0.0,180.0,Tagesspiegel,DE-RP,Mainz,217118.0,2221.0
2020-04-05,7315,238.0,1.0,198.0,Tagesspiegel,DE-RP,Mainz,217118.0,2221.0
2020-04-06,7315,249.0,1.0,0.0,Tagesspiegel,DE-RP,Mainz,217118.0,2221.0
2020-04-07,7315,266.0,1.0,0.0,Tagesspiegel,DE-RP,Mainz,217118.0,2221.0
2020-04-08,7315,278.0,4.0,142.0,Tagesspiegel,DE-RP,Mainz,217118.0,2221.0
2020-04-09,7315,301.0,5.0,142.0,Tagesspiegel,DE-RP,Mainz,217118.0,2221.0
2020-04-10,7315,319.0,5.0,142.0,Tagesspiegel,DE-RP,Mainz,217118.0,2221.0
2020-04-11,7315,347.0,5.0,181.0,Tagesspiegel,DE-RP,Mainz,217118.0,2221.0
2020-04-13,7315,359.0,5.0,183.0,Tagesspiegel,DE-RP,Mainz,217118.0,2221.0
2020-04-14,7315,359.0,7.0,183.0,Tagesspiegel,DE-RP,Mainz,217118.0,2221.0
2020-04-15,7315,360.0,7.0,210.0,Tagesspiegel,DE-RP,Mainz,217118.0,2221.0
2020-04-16,7315,362.0,8.0,210.0,Tagesspiegel,DE-RP,Mainz,217118.0,2221.0
2020-04-17,7315,380.0,9.0,225.0,Tagesspiegel,DE-RP,Mainz,217118.0,2221.0
2020-04-18,7315,393.0,9.0,258.0,Tagesspiegel,DE-RP,Mainz,217118.0,2221.0
2020-04-19,7315,410.0,10.0,265.0,Tagesspiegel,DE-RP,Mainz,217118.0,2221.0
2020-04-20,7315,435.0,11.0,265.0,Tagesspiegel,DE-RP,Mainz,217118.0,2221.0
2020-04-21,7315,437.0,13.0,296.0,Tagesspiegel,DE-RP,Mainz,217118.0,2221.0
2020-04-22,7315,439.0,14.0,292.0,Tagesspiegel,DE-RP,Mainz,217118.0,2221.0
2020-04-23,7315,447.0,15.0,289.0,Tagesspiegel,DE-RP,Mainz,217118.0,2221.0
2020-04-24,7315,431.0,24.0,407.0,RKI,DE-RP,Mainz,217118.0,2221.0
2020-04-25,7315,433.0,24.0,409.0,RKI,DE-RP,Mainz,217118.0,2221.0
2020-04-26,7315,434.0,24.0,410.0,RKI,DE-RP,Mainz,217118.0,2221.0
2020-04-27,7315,434.0,24.0,410.0,RKI,DE-RP,Mainz,217118.0,2221.0
2020-04-28,7315,440.0,24.0,416.0,RKI,DE-RP,Mainz,217118.0,2221.0
2020-04-29,7315,445.0,24.0,421.0,RKI,DE-RP,Mainz,217118.0,2221.0
2020-04-30,7315,448.0,24.0,424.0,RKI,DE-RP,Mainz,217118.0,2221.0
2020-05-01,7315,454.0,24.0,430.0,RKI,DE-RP,Mainz,217118.0,2221.0
2020-05-04,7315,458.0,24.0,434.0,RKI,DE-RP,Mainz,217118.0,2221.0
2020-05-05,7315,468.0,24.0,444.0,RKI,DE-RP,Mainz,217118.0,2221.0
2020-05-06,7315,470.0,24.0,446.0,RKI,DE-RP,Mainz,217118.0,2221.0
2020-05-07,7315,477.0,25.0,452.0,RKI,DE-RP,Mainz,217118.0,2221.0
2020-05-08,7315,480.0,25.0,455.0,RKI,DE-RP,Mainz,217118.0,2221.0
2020-05-09,7315,485.0,25.0,460.0,RKI,DE-RP,Mainz,217118.0,2221.0
2020-05-11,7315,485.0,25.0,460.0,RKI,DE-RP,Mainz,217118.0,2221.0
2020-05-12,7315,486.0,25.0,461.0,RKI,DE-RP,Mainz,217118.0,2221.0
2020-05-13,7315,490.0,25.0,465.0,RKI,DE-RP,Mainz,217118.0,2221.0
2020-05-14,7315,490.0,25.0,465.0,RKI,DE-RP,Mainz,217118.0,2221.0
2020-05-15,7315,500.0,25.0,475.0,RKI,DE-RP,Mainz,217118.0,2221.0
2020-05-16,7315,500.0,25.0,475.0,RKI,DE-RP,Mainz,217118.0,2221.0
2020-05-17,7315,500.0,25.0,475.0,RKI,DE-RP,Mainz,217118.0,2221.0
2020-05-20,7315,504.0,25.0,479.0,RKI,DE-RP,Mainz,217118.0,2221.0
2020-05-21,7315,505.0,25.0,480.0,RKI,DE-RP,Mainz,217118.0,2221.0
2020-05-22,7315,506.0,25.0,481.0,RKI,DE-RP,Mainz,217118.0,2221.0
2020-05-25,7315,506.0,25.0,481.0,RKI,DE-RP,Mainz,217118.0,2221.0
2020-05-26,7315,536.0,25.0,511.0,RKI,DE-RP,Mainz,217118.0,2221.0
2020-05-27,7315,537.0,25.0,512.0,RKI,DE-RP,Mainz,217118.0,2221.0
2020-05-28,7315,538.0,25.0,513.0,RKI,DE-RP,Mainz,217118.0,2221.0
2020-05-29,7315,542.0,25.0,517.0,RKI,DE-RP,Mainz,217118.0,2221.0
2020-05-30,7315,546.0,25.0,521.0,RKI,DE-RP,Mainz,217118.0,2221.0
2020-06-03,7315,636.0,27.0,540.0,Tagesspiegel,DE-RP,Mainz,217118.0,2221.0
2020-06-04,7315,636.0,27.0,541.0,Tagesspiegel,DE-RP,Mainz,217118.0,2221.0
2020-06-05,7315,638.0,27.0,544.0,Tagesspiegel,DE-RP,Mainz,217118.0,2221.0
2020-06-06,7315,651.0,27.0,544.0,Tagesspiegel,DE-RP,Mainz,217118.0,2221.0
2020-06-08,7315,651.0,27.0,545.0,Tagesspiegel,DE-RP,Mainz,217118.0,2221.0
2020-06-09,7315,654.0,27.0,545.0,Tagesspiegel,DE-RP,Mainz,217118.0,2221.0
2020-06-10,7315,659.0,27.0,598.0,Tagesspiegel,DE-RP,Mainz,217118.0,2221.0
2020-06-12,7315,667.0,27.0,598.0,Tagesspiegel,DE-RP,Mainz,217118.0,2221.0
2020-06-15,7315,668.0,27.0,609.0,Tagesspiegel,DE-RP,Mainz,217118.0,2221.0
2020-06-19,7315,674.0,27.0,627.0,Tagesspiegel,DE-RP,Mainz,217118.0,2221.0
2020-06-24,7315,675.0,27.0,639.0,Tagesspiegel,DE-RP,Mainz,217118.0,2221.0
2020-06-26,7315,676.0,27.0,641.0,Tagesspiegel,DE-RP,Mainz,217118.0,2221.0
2020-06-29,7315,676.0,27.0,641.0,Tagesspiegel,DE-RP,Mainz,217118.0,2221.0
2020-06-30,7315,677.0,27.0,646.0,Tagesspiegel,DE-RP,Mainz,217118.0,2221.0
2020-07-01,7315,678.0,27.0,646.0,Tagesspiegel,DE-RP,Mainz,217118.0,2221.0
2020-07-06,7315,680.0,27.0,651.0,Tagesspiegel,DE-RP,Mainz,217118.0,2221.0
2020-07-08,7315,681.0,28.0,651.0,Tagesspiegel,DE-RP,Mainz,217118.0,2221.0
2020-07-11,7315,682.0,28.0,650.0,Tagesspiegel,DE-RP,Mainz,217118.0,2221.0
2020-07-16,7315,684.0,28.0,652.0,Tagesspiegel,DE-RP,Mainz,217118.0,2221.0
2020-03-13,7316,1.0,0.0,1.0,RKI,DE-RP,Neustadt an der Weinstraße,53148.0,454.0
2020-03-17,7316,3.0,0.0,3.0,RKI,DE-RP,Neustadt an der Weinstraße,53148.0,454.0
2020-03-18,7316,6.0,1.0,5.0,RKI,DE-RP,Neustadt an der Weinstraße,53148.0,454.0
2020-03-19,7316,7.0,1.0,6.0,RKI,DE-RP,Neustadt an der Weinstraße,53148.0,454.0
2020-03-20,7316,12.0,1.0,11.0,RKI,DE-RP,Neustadt an der Weinstraße,53148.0,454.0
2020-03-21,7316,16.0,1.0,15.0,RKI,DE-RP,Neustadt an der Weinstraße,53148.0,454.0
2020-03-23,7316,26.0,1.0,25.0,RKI,DE-RP,Neustadt an der Weinstraße,53148.0,454.0
2020-03-24,7316,29.0,1.0,28.0,RKI,DE-RP,Neustadt an der Weinstraße,53148.0,454.0
2020-03-25,7316,31.0,1.0,30.0,RKI,DE-RP,Neustadt an der Weinstraße,53148.0,454.0
2020-03-26,7316,34.0,1.0,33.0,RKI,DE-RP,Neustadt an der Weinstraße,53148.0,454.0
2020-03-27,7316,39.0,1.0,38.0,RKI,DE-RP,Neustadt an der Weinstraße,53148.0,454.0
2020-03-28,7316,41.0,1.0,40.0,RKI,DE-RP,Neustadt an der Weinstraße,53148.0,454.0
2020-03-30,7316,45.0,1.0,44.0,RKI,DE-RP,Neustadt an der Weinstraße,53148.0,454.0
2020-03-31,7316,46.0,1.0,45.0,RKI,DE-RP,Neustadt an der Weinstraße,53148.0,454.0
2020-04-01,7316,50.0,1.0,49.0,RKI,DE-RP,Neustadt an der Weinstraße,53148.0,454.0
2020-04-02,7316,52.0,1.0,51.0,RKI,DE-RP,Neustadt an der Weinstraße,53148.0,454.0
2020-04-03,7316,56.0,1.0,55.0,RKI,DE-RP,Neustadt an der Weinstraße,53148.0,454.0
2020-04-04,7316,59.0,1.0,58.0,RKI,DE-RP,Neustadt an der Weinstraße,53148.0,454.0
2020-04-05,7316,60.0,1.0,59.0,RKI,DE-RP,Neustadt an der Weinstraße,53148.0,454.0
2020-04-06,7316,71.0,1.0,35.0,Tagesspiegel,DE-RP,Neustadt an der Weinstraße,53148.0,454.0
2020-04-07,7316,75.0,1.0,39.0,Tagesspiegel,DE-RP,Neustadt an der Weinstraße,53148.0,454.0
2020-04-08,7316,77.0,1.0,43.0,Tagesspiegel,DE-RP,Neustadt an der Weinstraße,53148.0,454.0
2020-04-10,7316,81.0,1.0,45.0,Tagesspiegel,DE-RP,Neustadt an der Weinstraße,53148.0,454.0
2020-04-14,7316,86.0,1.0,55.0,Tagesspiegel,DE-RP,Neustadt an der Weinstraße,53148.0,454.0
2020-04-15,7316,86.0,1.0,64.0,Tagesspiegel,DE-RP,Neustadt an der Weinstraße,53148.0,454.0
2020-04-17,7316,89.0,1.0,74.0,Tagesspiegel,DE-RP,Neustadt an der Weinstraße,53148.0,454.0
2020-04-22,7316,90.0,1.0,86.0,Tagesspiegel,DE-RP,Neustadt an der Weinstraße,53148.0,454.0
2020-04-30,7316,92.0,2.0,98.0,Tagesspiegel,DE-RP,Neustadt an der Weinstraße,53148.0,454.0
2020-05-13,7316,104.0,2.0,101.0,Tagesspiegel,DE-RP,Neustadt an der Weinstraße,53148.0,454.0
2020-06-01,7316,105.0,2.0,103.0,Tagesspiegel,DE-RP,Neustadt an der Weinstraße,53148.0,454.0
2020-06-23,7316,106.0,2.0,104.0,Tagesspiegel,DE-RP,Neustadt an der Weinstraße,53148.0,454.0
2020-06-26,7316,107.0,2.0,105.0,Tagesspiegel,DE-RP,Neustadt an der Weinstraße,53148.0,454.0
2020-07-02,7316,108.0,2.0,105.0,Tagesspiegel,DE-RP,Neustadt an der Weinstraße,53148.0,454.0
2020-07-08,7316,109.0,2.0,105.0,Tagesspiegel,DE-RP,Neustadt an der Weinstraße,53148.0,454.0
2020-07-09,7316,111.0,2.0,105.0,Tagesspiegel,DE-RP,Neustadt an der Weinstraße,53148.0,454.0
2020-03-21,7317,1.0,0.0,1.0,RKI,DE-RP,Pirmasens,40403.0,658.0
2020-03-22,7317,2.0,0.0,2.0,RKI,DE-RP,Pirmasens,40403.0,658.0
2020-03-23,7317,2.0,0.0,2.0,RKI,DE-RP,Pirmasens,40403.0,658.0
2020-03-25,7317,5.0,0.0,5.0,RKI,DE-RP,Pirmasens,40403.0,658.0
2020-03-26,7317,5.0,0.0,5.0,RKI,DE-RP,Pirmasens,40403.0,658.0
2020-03-29,7317,7.0,0.0,7.0,RKI,DE-RP,Pirmasens,40403.0,658.0
2020-04-01,7317,10.0,0.0,10.0,RKI,DE-RP,Pirmasens,40403.0,658.0
2020-04-02,7317,10.0,0.0,10.0,RKI,DE-RP,Pirmasens,40403.0,658.0
2020-04-04,7317,13.0,0.0,13.0,RKI,DE-RP,Pirmasens,40403.0,658.0
2020-04-09,7317,14.0,0.0,14.0,RKI,DE-RP,Pirmasens,40403.0,658.0
2020-04-13,7317,14.0,0.0,14.0,RKI,DE-RP,Pirmasens,40403.0,658.0
2020-04-15,7317,26.0,0.0,14.0,Tagesspiegel,DE-RP,Pirmasens,40403.0,658.0
2020-05-16,7317,30.0,0.0,30.0,Tagesspiegel,DE-RP,Pirmasens,40403.0,658.0
2020-07-15,7317,31.0,0.0,31.0,Tagesspiegel,DE-RP,Pirmasens,40403.0,658.0
2020-03-16,7318,1.0,0.0,1.0,RKI,DE-RP,Speyer,50378.0,1183.0
2020-03-17,7318,1.0,0.0,1.0,RKI,DE-RP,Speyer,50378.0,1183.0
2020-03-18,7318,4.0,0.0,4.0,RKI,DE-RP,Speyer,50378.0,1183.0
2020-03-23,7318,8.0,0.0,8.0,RKI,DE-RP,Speyer,50378.0,1183.0
2020-03-25,7318,9.0,0.0,9.0,RKI,DE-RP,Speyer,50378.0,1183.0
2020-03-27,7318,16.0,0.0,16.0,RKI,DE-RP,Speyer,50378.0,1183.0
2020-03-29,7318,16.0,0.0,16.0,RKI,DE-RP,Speyer,50378.0,1183.0
2020-03-30,7318,16.0,0.0,16.0,RKI,DE-RP,Speyer,50378.0,1183.0
2020-03-31,7318,20.0,0.0,20.0,RKI,DE-RP,Speyer,50378.0,1183.0
2020-04-01,7318,21.0,0.0,21.0,RKI,DE-RP,Speyer,50378.0,1183.0
2020-04-02,7318,23.0,0.0,23.0,RKI,DE-RP,Speyer,50378.0,1183.0
2020-04-03,7318,23.0,0.0,23.0,RKI,DE-RP,Speyer,50378.0,1183.0
2020-04-05,7318,24.0,0.0,24.0,RKI,DE-RP,Speyer,50378.0,1183.0
2020-04-07,7318,25.0,0.0,25.0,RKI,DE-RP,Speyer,50378.0,1183.0
2020-04-08,7318,26.0,0.0,26.0,RKI,DE-RP,Speyer,50378.0,1183.0
2020-04-09,7318,31.0,0.0,31.0,RKI,DE-RP,Speyer,50378.0,1183.0
2020-04-11,7318,31.0,0.0,31.0,RKI,DE-RP,Speyer,50378.0,1183.0
2020-04-13,7318,31.0,0.0,31.0,RKI,DE-RP,Speyer,50378.0,1183.0
2020-04-14,7318,32.0,0.0,32.0,RKI,DE-RP,Speyer,50378.0,1183.0
2020-04-15,7318,32.0,0.0,32.0,RKI,DE-RP,Speyer,50378.0,1183.0
2020-04-17,7318,32.0,0.0,32.0,RKI,DE-RP,Speyer,50378.0,1183.0
2020-04-18,7318,54.0,0.0,32.0,Tagesspiegel,DE-RP,Speyer,50378.0,1183.0
2020-04-20,7318,54.0,0.0,34.0,Tagesspiegel,DE-RP,Speyer,50378.0,1183.0
2020-04-21,7318,58.0,0.0,34.0,Tagesspiegel,DE-RP,Speyer,50378.0,1183.0
2020-04-22,7318,59.0,0.0,36.0,Tagesspiegel,DE-RP,Speyer,50378.0,1183.0
2020-04-23,7318,60.0,0.0,39.0,Tagesspiegel,DE-RP,Speyer,50378.0,1183.0
2020-04-24,7318,63.0,0.0,39.0,Tagesspiegel,DE-RP,Speyer,50378.0,1183.0
2020-04-26,7318,68.0,0.0,44.0,Tagesspiegel,DE-RP,Speyer,50378.0,1183.0
2020-04-27,7318,68.0,0.0,44.0,Tagesspiegel,DE-RP,Speyer,50378.0,1183.0
2020-04-28,7318,75.0,0.0,49.0,Tagesspiegel,DE-RP,Speyer,50378.0,1183.0
2020-04-29,7318,75.0,0.0,51.0,Tagesspiegel,DE-RP,Speyer,50378.0,1183.0
2020-05-06,7318,81.0,1.0,57.0,Tagesspiegel,DE-RP,Speyer,50378.0,1183.0
2020-05-10,7318,82.0,1.0,59.0,Tagesspiegel,DE-RP,Speyer,50378.0,1183.0
2020-05-13,7318,82.0,1.0,69.0,Tagesspiegel,DE-RP,Speyer,50378.0,1183.0
2020-05-14,7318,83.0,1.0,69.0,Tagesspiegel,DE-RP,Speyer,50378.0,1183.0
2020-05-28,7318,84.0,2.0,82.0,Tagesspiegel,DE-RP,Speyer,50378.0,1183.0
2020-06-03,7318,86.0,2.0,83.0,Tagesspiegel,DE-RP,Speyer,50378.0,1183.0
2020-06-06,7318,87.0,2.0,83.0,Tagesspiegel,DE-RP,Speyer,50378.0,1183.0
2020-06-09,7318,88.0,2.0,84.0,Tagesspiegel,DE-RP,Speyer,50378.0,1183.0
2020-06-10,7318,89.0,2.0,84.0,Tagesspiegel,DE-RP,Speyer,50378.0,1183.0
2020-06-12,7318,90.0,2.0,85.0,Tagesspiegel,DE-RP,Speyer,50378.0,1183.0
2020-06-13,7318,91.0,2.0,85.0,Tagesspiegel,DE-RP,Speyer,50378.0,1183.0
2020-06-15,7318,91.0,2.0,85.0,Tagesspiegel,DE-RP,Speyer,50378.0,1183.0
2020-06-16,7318,93.0,2.0,85.0,Tagesspiegel,DE-RP,Speyer,50378.0,1183.0
2020-06-17,7318,94.0,2.0,85.0,Tagesspiegel,DE-RP,Speyer,50378.0,1183.0
2020-06-24,7318,95.0,2.0,86.0,Tagesspiegel,DE-RP,Speyer,50378.0,1183.0
2020-06-25,7318,97.0,2.0,86.0,Tagesspiegel,DE-RP,Speyer,50378.0,1183.0
2020-06-26,7318,97.0,2.0,87.0,Tagesspiegel,DE-RP,Speyer,50378.0,1183.0
2020-06-30,7318,101.0,2.0,91.0,Tagesspiegel,DE-RP,Speyer,50378.0,1183.0
2020-07-01,7318,101.0,2.0,92.0,Tagesspiegel,DE-RP,Speyer,50378.0,1183.0
2020-07-03,7318,105.0,2.0,93.0,Tagesspiegel,DE-RP,Speyer,50378.0,1183.0
2020-07-08,7318,106.0,2.0,95.0,Tagesspiegel,DE-RP,Speyer,50378.0,1183.0
2020-07-09,7318,108.0,2.0,96.0,Tagesspiegel,DE-RP,Speyer,50378.0,1183.0
2020-07-11,7318,109.0,2.0,97.0,Tagesspiegel,DE-RP,Speyer,50378.0,1183.0
2020-07-13,7318,109.0,2.0,99.0,Tagesspiegel,DE-RP,Speyer,50378.0,1183.0
2020-03-17,7319,10.0,0.0,10.0,RKI,DE-RP,Worms,83330.0,766.0
2020-03-18,7319,13.0,0.0,13.0,RKI,DE-RP,Worms,83330.0,766.0
2020-03-19,7319,19.0,0.0,19.0,RKI,DE-RP,Worms,83330.0,766.0
2020-03-20,7319,25.0,0.0,25.0,RKI,DE-RP,Worms,83330.0,766.0
2020-03-21,7319,28.0,0.0,28.0,RKI,DE-RP,Worms,83330.0,766.0
2020-03-22,7319,33.0,0.0,33.0,RKI,DE-RP,Worms,83330.0,766.0
2020-03-23,7319,38.0,0.0,38.0,RKI,DE-RP,Worms,83330.0,766.0
2020-03-24,7319,41.0,0.0,41.0,RKI,DE-RP,Worms,83330.0,766.0
2020-03-25,7319,43.0,0.0,43.0,RKI,DE-RP,Worms,83330.0,766.0
2020-03-26,7319,46.0,0.0,46.0,RKI,DE-RP,Worms,83330.0,766.0
2020-03-27,7319,49.0,0.0,49.0,RKI,DE-RP,Worms,83330.0,766.0
2020-03-28,7319,55.0,0.0,55.0,RKI,DE-RP,Worms,83330.0,766.0
2020-03-30,7319,67.0,1.0,1.0,Tagesspiegel,DE-RP,Worms,83330.0,766.0
2020-03-31,7319,71.0,1.0,15.0,Tagesspiegel,DE-RP,Worms,83330.0,766.0
2020-04-01,7319,76.0,2.0,17.0,Tagesspiegel,DE-RP,Worms,83330.0,766.0
2020-04-02,7319,81.0,2.0,17.0,Tagesspiegel,DE-RP,Worms,83330.0,766.0
2020-04-03,7319,84.0,2.0,23.0,Tagesspiegel,DE-RP,Worms,83330.0,766.0
2020-04-04,7319,93.0,2.0,27.0,Tagesspiegel,DE-RP,Worms,83330.0,766.0
2020-04-05,7319,109.0,2.0,27.0,Tagesspiegel,DE-RP,Worms,83330.0,766.0
2020-04-07,7319,111.0,3.0,38.0,Tagesspiegel,DE-RP,Worms,83330.0,766.0
2020-04-08,7319,117.0,4.0,43.0,Tagesspiegel,DE-RP,Worms,83330.0,766.0
2020-04-10,7319,124.0,6.0,49.0,Tagesspiegel,DE-RP,Worms,83330.0,766.0
2020-04-11,7319,130.0,6.0,56.0,Tagesspiegel,DE-RP,Worms,83330.0,766.0
2020-04-12,7319,134.0,6.0,56.0,Tagesspiegel,DE-RP,Worms,83330.0,766.0
2020-04-13,7319,136.0,6.0,58.0,Tagesspiegel,DE-RP,Worms,83330.0,766.0
2020-04-14,7319,137.0,6.0,60.0,Tagesspiegel,DE-RP,Worms,83330.0,766.0
2020-04-15,7319,139.0,6.0,61.0,Tagesspiegel,DE-RP,Worms,83330.0,766.0
2020-04-16,7319,142.0,6.0,52.0,Tagesspiegel,DE-RP,Worms,83330.0,766.0
2020-04-17,7319,143.0,6.0,63.0,Tagesspiegel,DE-RP,Worms,83330.0,766.0
2020-04-18,7319,151.0,6.0,65.0,Tagesspiegel,DE-RP,Worms,83330.0,766.0
2020-04-19,7319,153.0,6.0,66.0,Tagesspiegel,DE-RP,Worms,83330.0,766.0
2020-04-21,7319,155.0,6.0,73.0,Tagesspiegel,DE-RP,Worms,83330.0,766.0
2020-04-22,7319,161.0,6.0,79.0,Tagesspiegel,DE-RP,Worms,83330.0,766.0
2020-04-23,7319,163.0,6.0,83.0,Tagesspiegel,DE-RP,Worms,83330.0,766.0
2020-04-24,7319,164.0,6.0,85.0,Tagesspiegel,DE-RP,Worms,83330.0,766.0
2020-04-26,7319,169.0,7.0,89.0,Tagesspiegel,DE-RP,Worms,83330.0,766.0
2020-04-27,7319,173.0,7.0,92.0,Tagesspiegel,DE-RP,Worms,83330.0,766.0
2020-04-28,7319,174.0,7.0,94.0,Tagesspiegel,DE-RP,Worms,83330.0,766.0
2020-04-29,7319,175.0,7.0,102.0,Tagesspiegel,DE-RP,Worms,83330.0,766.0
2020-04-30,7319,178.0,7.0,108.0,Tagesspiegel,DE-RP,Worms,83330.0,766.0
2020-05-01,7319,179.0,7.0,116.0,Tagesspiegel,DE-RP,Worms,83330.0,766.0
2020-05-06,7319,186.0,7.0,139.0,Tagesspiegel,DE-RP,Worms,83330.0,766.0
2020-05-07,7319,187.0,7.0,144.0,Tagesspiegel,DE-RP,Worms,83330.0,766.0
2020-05-09,7319,190.0,7.0,154.0,Tagesspiegel,DE-RP,Worms,83330.0,766.0
2020-05-11,7319,194.0,7.0,155.0,Tagesspiegel,DE-RP,Worms,83330.0,766.0
2020-05-12,7319,196.0,7.0,156.0,Tagesspiegel,DE-RP,Worms,83330.0,766.0
2020-05-15,7319,198.0,7.0,161.0,Tagesspiegel,DE-RP,Worms,83330.0,766.0
2020-05-17,7319,199.0,7.0,168.0,Tagesspiegel,DE-RP,Worms,83330.0,766.0
2020-05-18,7319,199.0,7.0,171.0,Tagesspiegel,DE-RP,Worms,83330.0,766.0
2020-05-19,7319,201.0,7.0,171.0,Tagesspiegel,DE-RP,Worms,83330.0,766.0
2020-05-20,7319,202.0,7.0,172.0,Tagesspiegel,DE-RP,Worms,83330.0,766.0
2020-05-22,7319,204.0,7.0,172.0,Tagesspiegel,DE-RP,Worms,83330.0,766.0
2020-05-23,7319,208.0,7.0,176.0,Tagesspiegel,DE-RP,Worms,83330.0,766.0
2020-05-26,7319,209.0,7.0,184.0,Tagesspiegel,DE-RP,Worms,83330.0,766.0
2020-05-27,7319,210.0,7.0,186.0,Tagesspiegel,DE-RP,Worms,83330.0,766.0
2020-05-29,7319,215.0,7.0,189.0,Tagesspiegel,DE-RP,Worms,83330.0,766.0
2020-06-10,7319,218.0,7.0,210.0,Tagesspiegel,DE-RP,Worms,83330.0,766.0
2020-06-14,7319,219.0,7.0,210.0,Tagesspiegel,DE-RP,Worms,83330.0,766.0
2020-06-16,7319,220.0,7.0,211.0,Tagesspiegel,DE-RP,Worms,83330.0,766.0
2020-06-22,7319,221.0,7.0,211.0,Tagesspiegel,DE-RP,Worms,83330.0,766.0
2020-07-09,7319,222.0,7.0,215.0,Tagesspiegel,DE-RP,Worms,83330.0,766.0
2020-07-11,7319,223.0,7.0,215.0,Tagesspiegel,DE-RP,Worms,83330.0,766.0
2020-03-21,7320,1.0,0.0,1.0,RKI,DE-RP,Zweibrücken,34209.0,484.0
2020-03-24,7320,1.0,0.0,1.0,RKI,DE-RP,Zweibrücken,34209.0,484.0
2020-03-26,7320,1.0,0.0,1.0,RKI,DE-RP,Zweibrücken,34209.0,484.0
2020-03-27,7320,4.0,0.0,4.0,RKI,DE-RP,Zweibrücken,34209.0,484.0
2020-03-30,7320,5.0,0.0,5.0,RKI,DE-RP,Zweibrücken,34209.0,484.0
2020-03-31,7320,5.0,0.0,5.0,RKI,DE-RP,Zweibrücken,34209.0,484.0
2020-04-01,7320,9.0,0.0,9.0,RKI,DE-RP,Zweibrücken,34209.0,484.0
2020-04-02,7320,10.0,0.0,10.0,RKI,DE-RP,Zweibrücken,34209.0,484.0
2020-04-03,7320,11.0,0.0,11.0,RKI,DE-RP,Zweibrücken,34209.0,484.0
2020-04-04,7320,14.0,0.0,14.0,RKI,DE-RP,Zweibrücken,34209.0,484.0
2020-04-07,7320,14.0,0.0,14.0,RKI,DE-RP,Zweibrücken,34209.0,484.0
2020-04-11,7320,17.0,0.0,17.0,RKI,DE-RP,Zweibrücken,34209.0,484.0
2020-04-13,7320,17.0,0.0,17.0,RKI,DE-RP,Zweibrücken,34209.0,484.0
2020-04-14,7320,17.0,0.0,17.0,RKI,DE-RP,Zweibrücken,34209.0,484.0
2020-04-16,7320,34.0,0.0,17.0,Tagesspiegel,DE-RP,Zweibrücken,34209.0,484.0
2020-04-17,7320,36.0,0.0,19.0,Tagesspiegel,DE-RP,Zweibrücken,34209.0,484.0
2020-05-11,7320,18.0,1.0,17.0,RKI,DE-RP,Zweibrücken,34209.0,484.0
2020-06-15,7320,38.0,0.0,38.0,Tagesspiegel,DE-RP,Zweibrücken,34209.0,484.0
2020-06-17,7320,39.0,0.0,39.0,Tagesspiegel,DE-RP,Zweibrücken,34209.0,484.0
2020-06-18,7320,39.0,0.0,40.0,Tagesspiegel,DE-RP,Zweibrücken,34209.0,484.0
2020-06-20,7320,42.0,0.0,38.0,Tagesspiegel,DE-RP,Zweibrücken,34209.0,484.0
2020-06-23,7320,43.0,1.0,37.0,Tagesspiegel,DE-RP,Zweibrücken,34209.0,484.0
2020-06-24,7320,45.0,1.0,37.0,Tagesspiegel,DE-RP,Zweibrücken,34209.0,484.0
2020-03-14,7331,5.0,0.0,5.0,RKI,DE-RP,Alzey-Worms,129244.0,220.0
2020-03-16,7331,8.0,0.0,8.0,RKI,DE-RP,Alzey-Worms,129244.0,220.0
2020-03-17,7331,20.0,0.0,20.0,RKI,DE-RP,Alzey-Worms,129244.0,220.0
2020-03-18,7331,20.0,0.0,20.0,RKI,DE-RP,Alzey-Worms,129244.0,220.0
2020-03-19,7331,28.0,0.0,28.0,RKI,DE-RP,Alzey-Worms,129244.0,220.0
2020-03-20,7331,36.0,0.0,36.0,RKI,DE-RP,Alzey-Worms,129244.0,220.0
2020-03-21,7331,36.0,0.0,36.0,RKI,DE-RP,Alzey-Worms,129244.0,220.0
2020-03-22,7331,42.0,0.0,42.0,RKI,DE-RP,Alzey-Worms,129244.0,220.0
2020-03-23,7331,47.0,0.0,47.0,RKI,DE-RP,Alzey-Worms,129244.0,220.0
2020-03-24,7331,48.0,0.0,48.0,RKI,DE-RP,Alzey-Worms,129244.0,220.0
2020-03-25,7331,51.0,0.0,51.0,RKI,DE-RP,Alzey-Worms,129244.0,220.0
2020-03-26,7331,57.0,0.0,57.0,RKI,DE-RP,Alzey-Worms,129244.0,220.0
2020-03-27,7331,61.0,0.0,61.0,RKI,DE-RP,Alzey-Worms,129244.0,220.0
2020-03-28,7331,65.0,0.0,65.0,RKI,DE-RP,Alzey-Worms,129244.0,220.0
2020-03-29,7331,67.0,1.0,66.0,RKI,DE-RP,Alzey-Worms,129244.0,220.0
2020-03-30,7331,84.0,0.0,22.0,Tagesspiegel,DE-RP,Alzey-Worms,129244.0,220.0
2020-03-31,7331,85.0,0.0,17.0,Tagesspiegel,DE-RP,Alzey-Worms,129244.0,220.0
2020-04-01,7331,88.0,0.0,21.0,Tagesspiegel,DE-RP,Alzey-Worms,129244.0,220.0
2020-04-02,7331,93.0,0.0,21.0,Tagesspiegel,DE-RP,Alzey-Worms,129244.0,220.0
2020-04-03,7331,96.0,0.0,30.0,Tagesspiegel,DE-RP,Alzey-Worms,129244.0,220.0
2020-04-04,7331,102.0,0.0,37.0,Tagesspiegel,DE-RP,Alzey-Worms,129244.0,220.0
2020-04-07,7331,107.0,1.0,46.0,Tagesspiegel,DE-RP,Alzey-Worms,129244.0,220.0
2020-04-08,7331,110.0,1.0,52.0,Tagesspiegel,DE-RP,Alzey-Worms,129244.0,220.0
2020-04-09,7331,120.0,1.0,60.0,Tagesspiegel,DE-RP,Alzey-Worms,129244.0,220.0
2020-04-10,7331,124.0,1.0,60.0,Tagesspiegel,DE-RP,Alzey-Worms,129244.0,220.0
2020-04-11,7331,134.0,1.0,62.0,Tagesspiegel,DE-RP,Alzey-Worms,129244.0,220.0
2020-04-13,7331,138.0,1.0,66.0,Tagesspiegel,DE-RP,Alzey-Worms,129244.0,220.0
2020-04-14,7331,141.0,2.0,71.0,Tagesspiegel,DE-RP,Alzey-Worms,129244.0,220.0
2020-04-15,7331,150.0,3.0,73.0,Tagesspiegel,DE-RP,Alzey-Worms,129244.0,220.0
2020-04-16,7331,152.0,3.0,74.0,Tagesspiegel,DE-RP,Alzey-Worms,129244.0,220.0
2020-04-17,7331,157.0,3.0,75.0,Tagesspiegel,DE-RP,Alzey-Worms,129244.0,220.0
2020-04-18,7331,163.0,3.0,76.0,Tagesspiegel,DE-RP,Alzey-Worms,129244.0,220.0
2020-04-19,7331,166.0,3.0,78.0,Tagesspiegel,DE-RP,Alzey-Worms,129244.0,220.0
2020-04-20,7331,168.0,3.0,78.0,Tagesspiegel,DE-RP,Alzey-Worms,129244.0,220.0
2020-04-21,7331,170.0,3.0,82.0,Tagesspiegel,DE-RP,Alzey-Worms,129244.0,220.0
2020-04-22,7331,173.0,3.0,85.0,Tagesspiegel,DE-RP,Alzey-Worms,129244.0,220.0
2020-04-23,7331,177.0,4.0,90.0,Tagesspiegel,DE-RP,Alzey-Worms,129244.0,220.0
2020-04-24,7331,180.0,4.0,91.0,Tagesspiegel,DE-RP,Alzey-Worms,129244.0,220.0
2020-04-25,7331,184.0,4.0,91.0,Tagesspiegel,DE-RP,Alzey-Worms,129244.0,220.0
2020-04-26,7331,189.0,4.0,91.0,Tagesspiegel,DE-RP,Alzey-Worms,129244.0,220.0
2020-04-27,7331,200.0,5.0,97.0,Tagesspiegel,DE-RP,Alzey-Worms,129244.0,220.0
2020-04-28,7331,213.0,5.0,100.0,Tagesspiegel,DE-RP,Alzey-Worms,129244.0,220.0
2020-04-29,7331,220.0,5.0,107.0,Tagesspiegel,DE-RP,Alzey-Worms,129244.0,220.0
2020-04-30,7331,226.0,5.0,108.0,Tagesspiegel,DE-RP,Alzey-Worms,129244.0,220.0
2020-05-01,7331,227.0,5.0,112.0,Tagesspiegel,DE-RP,Alzey-Worms,129244.0,220.0
2020-05-05,7331,233.0,5.0,115.0,Tagesspiegel,DE-RP,Alzey-Worms,129244.0,220.0
2020-05-06,7331,235.0,5.0,129.0,Tagesspiegel,DE-RP,Alzey-Worms,129244.0,220.0
2020-05-07,7331,241.0,5.0,136.0,Tagesspiegel,DE-RP,Alzey-Worms,129244.0,220.0
2020-05-08,7331,243.0,5.0,144.0,Tagesspiegel,DE-RP,Alzey-Worms,129244.0,220.0
2020-05-09,7331,245.0,5.0,146.0,Tagesspiegel,DE-RP,Alzey-Worms,129244.0,220.0
2020-05-12,7331,249.0,7.0,153.0,Tagesspiegel,DE-RP,Alzey-Worms,129244.0,220.0
2020-05-13,7331,251.0,7.0,153.0,Tagesspiegel,DE-RP,Alzey-Worms,129244.0,220.0
2020-05-14,7331,253.0,8.0,168.0,Tagesspiegel,DE-RP,Alzey-Worms,129244.0,220.0
2020-05-15,7331,260.0,8.0,168.0,Tagesspiegel,DE-RP,Alzey-Worms,129244.0,220.0
2020-05-19,7331,261.0,10.0,175.0,Tagesspiegel,DE-RP,Alzey-Worms,129244.0,220.0
2020-05-20,7331,262.0,11.0,180.0,Tagesspiegel,DE-RP,Alzey-Worms,129244.0,220.0
2020-05-22,7331,264.0,12.0,185.0,Tagesspiegel,DE-RP,Alzey-Worms,129244.0,220.0
2020-05-30,7331,266.0,12.0,242.0,Tagesspiegel,DE-RP,Alzey-Worms,129244.0,220.0
2020-06-05,7331,267.0,12.0,250.0,Tagesspiegel,DE-RP,Alzey-Worms,129244.0,220.0
2020-06-14,7331,269.0,12.0,252.0,Tagesspiegel,DE-RP,Alzey-Worms,129244.0,220.0
2020-06-16,7331,270.0,12.0,254.0,Tagesspiegel,DE-RP,Alzey-Worms,129244.0,220.0
2020-06-23,7331,271.0,12.0,256.0,Tagesspiegel,DE-RP,Alzey-Worms,129244.0,220.0
2020-03-07,7332,0.0,0.0,0.0,RKI,DE-RP,Bad Dürkheim,132660.0,223.0
2020-03-09,7332,2.0,0.0,2.0,RKI,DE-RP,Bad Dürkheim,132660.0,223.0
2020-03-11,7332,3.0,0.0,3.0,RKI,DE-RP,Bad Dürkheim,132660.0,223.0
2020-03-12,7332,3.0,0.0,3.0,RKI,DE-RP,Bad Dürkheim,132660.0,223.0
2020-03-13,7332,6.0,0.0,6.0,RKI,DE-RP,Bad Dürkheim,132660.0,223.0
2020-03-14,7332,7.0,0.0,7.0,RKI,DE-RP,Bad Dürkheim,132660.0,223.0
2020-03-15,7332,7.0,0.0,7.0,RKI,DE-RP,Bad Dürkheim,132660.0,223.0
2020-03-16,7332,12.0,0.0,12.0,RKI,DE-RP,Bad Dürkheim,132660.0,223.0
2020-03-17,7332,29.0,0.0,29.0,RKI,DE-RP,Bad Dürkheim,132660.0,223.0
2020-03-18,7332,37.0,0.0,37.0,RKI,DE-RP,Bad Dürkheim,132660.0,223.0
2020-03-19,7332,43.0,0.0,43.0,RKI,DE-RP,Bad Dürkheim,132660.0,223.0
2020-03-20,7332,55.0,0.0,55.0,RKI,DE-RP,Bad Dürkheim,132660.0,223.0
2020-03-21,7332,66.0,0.0,66.0,RKI,DE-RP,Bad Dürkheim,132660.0,223.0
2020-03-22,7332,70.0,2.0,68.0,RKI,DE-RP,Bad Dürkheim,132660.0,223.0
2020-03-23,7332,80.0,2.0,78.0,RKI,DE-RP,Bad Dürkheim,132660.0,223.0
2020-03-24,7332,91.0,2.0,89.0,RKI,DE-RP,Bad Dürkheim,132660.0,223.0
2020-03-25,7332,97.0,3.0,94.0,RKI,DE-RP,Bad Dürkheim,132660.0,223.0
2020-03-26,7332,111.0,4.0,107.0,RKI,DE-RP,Bad Dürkheim,132660.0,223.0
2020-03-27,7332,117.0,4.0,113.0,RKI,DE-RP,Bad Dürkheim,132660.0,223.0
2020-03-28,7332,134.0,5.0,129.0,RKI,DE-RP,Bad Dürkheim,132660.0,223.0
2020-03-29,7332,134.0,5.0,129.0,RKI,DE-RP,Bad Dürkheim,132660.0,223.0
2020-03-30,7332,140.0,5.0,135.0,RKI,DE-RP,Bad Dürkheim,132660.0,223.0
2020-03-31,7332,148.0,5.0,143.0,RKI,DE-RP,Bad Dürkheim,132660.0,223.0
2020-04-01,7332,157.0,5.0,152.0,RKI,DE-RP,Bad Dürkheim,132660.0,223.0
2020-04-02,7332,165.0,5.0,160.0,RKI,DE-RP,Bad Dürkheim,132660.0,223.0
2020-04-03,7332,189.0,3.0,54.0,Tagesspiegel,DE-RP,Bad Dürkheim,132660.0,223.0
2020-04-04,7332,200.0,3.0,54.0,Tagesspiegel,DE-RP,Bad Dürkheim,132660.0,223.0
2020-04-05,7332,207.0,3.0,54.0,Tagesspiegel,DE-RP,Bad Dürkheim,132660.0,223.0
2020-04-06,7332,220.0,4.0,94.0,Tagesspiegel,DE-RP,Bad Dürkheim,132660.0,223.0
2020-04-07,7332,222.0,4.0,103.0,Tagesspiegel,DE-RP,Bad Dürkheim,132660.0,223.0
2020-04-08,7332,230.0,4.0,109.0,Tagesspiegel,DE-RP,Bad Dürkheim,132660.0,223.0
2020-04-09,7332,234.0,4.0,117.0,Tagesspiegel,DE-RP,Bad Dürkheim,132660.0,223.0
2020-04-10,7332,244.0,4.0,117.0,Tagesspiegel,DE-RP,Bad Dürkheim,132660.0,223.0
2020-04-11,7332,254.0,4.0,132.0,Tagesspiegel,DE-RP,Bad Dürkheim,132660.0,223.0
2020-04-12,7332,254.0,4.0,132.0,Tagesspiegel,DE-RP,Bad Dürkheim,132660.0,223.0
2020-04-13,7332,268.0,4.0,132.0,Tagesspiegel,DE-RP,Bad Dürkheim,132660.0,223.0
2020-04-14,7332,271.0,5.0,132.0,Tagesspiegel,DE-RP,Bad Dürkheim,132660.0,223.0
2020-04-15,7332,273.0,5.0,148.0,Tagesspiegel,DE-RP,Bad Dürkheim,132660.0,223.0
2020-04-16,7332,275.0,5.0,163.0,Tagesspiegel,DE-RP,Bad Dürkheim,132660.0,223.0
2020-04-17,7332,279.0,6.0,178.0,Tagesspiegel,DE-RP,Bad Dürkheim,132660.0,223.0
2020-04-18,7332,288.0,6.0,189.0,Tagesspiegel,DE-RP,Bad Dürkheim,132660.0,223.0
2020-04-19,7332,288.0,6.0,196.0,Tagesspiegel,DE-RP,Bad Dürkheim,132660.0,223.0
2020-04-20,7332,301.0,6.0,184.0,Tagesspiegel,DE-RP,Bad Dürkheim,132660.0,223.0
2020-04-21,7332,304.0,7.0,190.0,Tagesspiegel,DE-RP,Bad Dürkheim,132660.0,223.0
2020-04-22,7332,305.0,7.0,199.0,Tagesspiegel,DE-RP,Bad Dürkheim,132660.0,223.0
2020-04-24,7332,309.0,9.0,212.0,Tagesspiegel,DE-RP,Bad Dürkheim,132660.0,223.0
2020-04-25,7332,309.0,9.0,212.0,Tagesspiegel,DE-RP,Bad Dürkheim,132660.0,223.0
2020-04-26,7332,309.0,9.0,238.0,Tagesspiegel,DE-RP,Bad Dürkheim,132660.0,223.0
2020-04-27,7332,316.0,9.0,244.0,Tagesspiegel,DE-RP,Bad Dürkheim,132660.0,223.0
2020-04-28,7332,316.0,9.0,227.0,Tagesspiegel,DE-RP,Bad Dürkheim,132660.0,223.0
2020-04-29,7332,318.0,9.0,236.0,Tagesspiegel,DE-RP,Bad Dürkheim,132660.0,223.0
2020-04-30,7332,321.0,11.0,245.0,Tagesspiegel,DE-RP,Bad Dürkheim,132660.0,223.0
2020-05-01,7332,314.0,11.0,245.0,Tagesspiegel,DE-RP,Bad Dürkheim,132660.0,223.0
2020-05-06,7332,317.0,12.0,273.0,Tagesspiegel,DE-RP,Bad Dürkheim,132660.0,223.0
2020-05-09,7332,318.0,12.0,282.0,Tagesspiegel,DE-RP,Bad Dürkheim,132660.0,223.0
2020-05-12,7332,318.0,12.0,285.0,Tagesspiegel,DE-RP,Bad Dürkheim,132660.0,223.0
2020-05-13,7332,318.0,12.0,288.0,Tagesspiegel,DE-RP,Bad Dürkheim,132660.0,223.0
2020-05-14,7332,318.0,12.0,290.0,Tagesspiegel,DE-RP,Bad Dürkheim,132660.0,223.0
2020-06-04,7332,325.0,12.0,312.0,Tagesspiegel,DE-RP,Bad Dürkheim,132660.0,223.0
2020-06-12,7332,326.0,12.0,314.0,Tagesspiegel,DE-RP,Bad Dürkheim,132660.0,223.0
2020-06-16,7332,328.0,12.0,314.0,Tagesspiegel,DE-RP,Bad Dürkheim,132660.0,223.0
2020-03-20,7333,0.0,0.0,0.0,RKI,DE-RP,Donnersbergkreis,75101.0,116.0
2020-03-22,7333,2.0,0.0,2.0,RKI,DE-RP,Donnersbergkreis,75101.0,116.0
2020-03-25,7333,2.0,0.0,2.0,RKI,DE-RP,Donnersbergkreis,75101.0,116.0
2020-03-26,7333,4.0,0.0,4.0,RKI,DE-RP,Donnersbergkreis,75101.0,116.0
2020-03-27,7333,5.0,0.0,5.0,RKI,DE-RP,Donnersbergkreis,75101.0,116.0
2020-03-29,7333,5.0,0.0,5.0,RKI,DE-RP,Donnersbergkreis,75101.0,116.0
2020-03-31,7333,58.0,1.0,8.0,Tagesspiegel,DE-RP,Donnersbergkreis,75101.0,116.0
2020-04-01,7333,62.0,1.0,13.0,Tagesspiegel,DE-RP,Donnersbergkreis,75101.0,116.0
2020-04-03,7333,67.0,1.0,23.0,Tagesspiegel,DE-RP,Donnersbergkreis,75101.0,116.0
2020-04-07,7333,73.0,1.0,36.0,Tagesspiegel,DE-RP,Donnersbergkreis,75101.0,116.0
2020-04-09,7333,78.0,1.0,39.0,Tagesspiegel,DE-RP,Donnersbergkreis,75101.0,116.0
2020-04-10,7333,83.0,1.0,40.0,Tagesspiegel,DE-RP,Donnersbergkreis,75101.0,116.0
2020-04-14,7333,97.0,1.0,49.0,Tagesspiegel,DE-RP,Donnersbergkreis,75101.0,116.0
2020-04-15,7333,98.0,2.0,49.0,Tagesspiegel,DE-RP,Donnersbergkreis,75101.0,116.0
2020-04-27,7333,114.0,3.0,85.0,Tagesspiegel,DE-RP,Donnersbergkreis,75101.0,116.0
2020-04-28,7333,114.0,3.0,91.0,Tagesspiegel,DE-RP,Donnersbergkreis,75101.0,116.0
2020-05-04,7333,119.0,4.0,96.0,Tagesspiegel,DE-RP,Donnersbergkreis,75101.0,116.0
2020-05-08,7333,119.0,5.0,105.0,Tagesspiegel,DE-RP,Donnersbergkreis,75101.0,116.0
2020-05-12,7333,126.0,5.0,107.0,Tagesspiegel,DE-RP,Donnersbergkreis,75101.0,116.0
2020-06-04,7333,136.0,6.0,125.0,Tagesspiegel,DE-RP,Donnersbergkreis,75101.0,116.0
2020-07-02,7333,137.0,6.0,131.0,Tagesspiegel,DE-RP,Donnersbergkreis,75101.0,116.0
2020-03-11,10041,6.0,0.0,6.0,RKI,DE-SL,Stadtverband Saarbrücken,329708.0,803.0
2020-03-12,10041,7.0,0.0,7.0,RKI,DE-SL,Stadtverband Saarbrücken,329708.0,803.0
2020-03-13,10041,9.0,0.0,9.0,RKI,DE-SL,Stadtverband Saarbrücken,329708.0,803.0
2020-03-14,10041,14.0,0.0,14.0,RKI,DE-SL,Stadtverband Saarbrücken,329708.0,803.0
2020-03-15,10041,18.0,0.0,18.0,RKI,DE-SL,Stadtverband Saarbrücken,329708.0,803.0
2020-03-16,10041,27.0,0.0,27.0,RKI,DE-SL,Stadtverband Saarbrücken,329708.0,803.0
2020-03-17,10041,27.0,0.0,27.0,RKI,DE-SL,Stadtverband Saarbrücken,329708.0,803.0
2020-03-18,10041,50.0,1.0,49.0,RKI,DE-SL,Stadtverband Saarbrücken,329708.0,803.0
2020-03-19,10041,75.0,1.0,74.0,RKI,DE-SL,Stadtverband Saarbrücken,329708.0,803.0
2020-03-20,10041,92.0,1.0,91.0,RKI,DE-SL,Stadtverband Saarbrücken,329708.0,803.0
2020-03-21,10041,101.0,2.0,99.0,RKI,DE-SL,Stadtverband Saarbrücken,329708.0,803.0
2020-03-22,10041,110.0,2.0,108.0,RKI,DE-SL,Stadtverband Saarbrücken,329708.0,803.0
2020-03-23,10041,136.0,5.0,131.0,RKI,DE-SL,Stadtverband Saarbrücken,329708.0,803.0
2020-03-24,10041,147.0,9.0,138.0,RKI,DE-SL,Stadtverband Saarbrücken,329708.0,803.0
2020-03-25,10041,164.0,12.0,152.0,RKI,DE-SL,Stadtverband Saarbrücken,329708.0,803.0
2020-03-26,10041,177.0,12.0,165.0,RKI,DE-SL,Stadtverband Saarbrücken,329708.0,803.0
2020-03-27,10041,200.0,13.0,187.0,RKI,DE-SL,Stadtverband Saarbrücken,329708.0,803.0
2020-03-28,10041,242.0,14.0,228.0,RKI,DE-SL,Stadtverband Saarbrücken,329708.0,803.0
2020-03-29,10041,268.0,18.0,250.0,RKI,DE-SL,Stadtverband Saarbrücken,329708.0,803.0
2020-03-30,10041,268.0,7.0,58.0,Tagesspiegel,DE-SL,Stadtverband Saarbrücken,329708.0,803.0
2020-03-31,10041,268.0,8.0,61.0,Tagesspiegel,DE-SL,Stadtverband Saarbrücken,329708.0,803.0
2020-04-01,10041,359.0,10.0,68.0,Tagesspiegel,DE-SL,Stadtverband Saarbrücken,329708.0,803.0
2020-04-02,10041,421.0,10.0,120.0,Tagesspiegel,DE-SL,Stadtverband Saarbrücken,329708.0,803.0
2020-04-03,10041,511.0,10.0,139.0,Tagesspiegel,DE-SL,Stadtverband Saarbrücken,329708.0,803.0
2020-04-04,10041,534.0,14.0,144.0,Tagesspiegel,DE-SL,Stadtverband Saarbrücken,329708.0,803.0
2020-04-05,10041,582.0,17.0,144.0,Tagesspiegel,DE-SL,Stadtverband Saarbrücken,329708.0,803.0
2020-04-06,10041,648.0,23.0,46.0,Tagesspiegel,DE-SL,Stadtverband Saarbrücken,329708.0,803.0
2020-04-07,10041,665.0,24.0,45.0,Tagesspiegel,DE-SL,Stadtverband Saarbrücken,329708.0,803.0
2020-04-08,10041,698.0,27.0,225.0,Tagesspiegel,DE-SL,Stadtverband Saarbrücken,329708.0,803.0
2020-04-09,10041,770.0,30.0,225.0,Tagesspiegel,DE-SL,Stadtverband Saarbrücken,329708.0,803.0
2020-04-10,10041,854.0,34.0,283.0,Tagesspiegel,DE-SL,Stadtverband Saarbrücken,329708.0,803.0
2020-04-11,10041,911.0,34.0,283.0,Tagesspiegel,DE-SL,Stadtverband Saarbrücken,329708.0,803.0
2020-04-12,10041,922.0,39.0,283.0,Tagesspiegel,DE-SL,Stadtverband Saarbrücken,329708.0,803.0
2020-04-13,10041,930.0,40.0,324.0,Tagesspiegel,DE-SL,Stadtverband Saarbrücken,329708.0,803.0
2020-04-14,10041,930.0,52.0,379.0,Tagesspiegel,DE-SL,Stadtverband Saarbrücken,329708.0,803.0
2020-04-15,10041,944.0,52.0,423.0,Tagesspiegel,DE-SL,Stadtverband Saarbrücken,329708.0,803.0
2020-04-16,10041,968.0,56.0,440.0,Tagesspiegel,DE-SL,Stadtverband Saarbrücken,329708.0,803.0
2020-04-17,10041,997.0,62.0,440.0,Tagesspiegel,DE-SL,Stadtverband Saarbrücken,329708.0,803.0
2020-04-18,10041,1010.0,67.0,444.0,Tagesspiegel,DE-SL,Stadtverband Saarbrücken,329708.0,803.0
2020-04-19,10041,1021.0,67.0,444.0,Tagesspiegel,DE-SL,Stadtverband Saarbrücken,329708.0,803.0
2020-04-20,10041,1026.0,68.0,444.0,Tagesspiegel,DE-SL,Stadtverband Saarbrücken,329708.0,803.0
2020-04-21,10041,1029.0,75.0,495.0,Tagesspiegel,DE-SL,Stadtverband Saarbrücken,329708.0,803.0
2020-04-22,10041,1054.0,82.0,536.0,Tagesspiegel,DE-SL,Stadtverband Saarbrücken,329708.0,803.0
2020-04-23,10041,1065.0,86.0,555.0,Tagesspiegel,DE-SL,Stadtverband Saarbrücken,329708.0,803.0
2020-04-24,10041,1086.0,88.0,576.0,Tagesspiegel,DE-SL,Stadtverband Saarbrücken,329708.0,803.0
2020-04-25,10041,1098.0,88.0,598.0,Tagesspiegel,DE-SL,Stadtverband Saarbrücken,329708.0,803.0
2020-04-26,10041,1105.0,90.0,598.0,Tagesspiegel,DE-SL,Stadtverband Saarbrücken,329708.0,803.0
2020-04-28,10041,1122.0,92.0,644.0,Tagesspiegel,DE-SL,Stadtverband Saarbrücken,329708.0,803.0
2020-04-29,10041,1125.0,94.0,674.0,Tagesspiegel,DE-SL,Stadtverband Saarbrücken,329708.0,803.0
2020-04-30,10041,1140.0,95.0,696.0,Tagesspiegel,DE-SL,Stadtverband Saarbrücken,329708.0,803.0
2020-05-01,10041,1147.0,97.0,891.0,Tagesspiegel,DE-SL,Stadtverband Saarbrücken,329708.0,803.0
2020-05-03,10041,1158.0,99.0,966.0,Tagesspiegel,DE-SL,Stadtverband Saarbrücken,329708.0,803.0
2020-05-05,10041,1160.0,100.0,971.0,Tagesspiegel,DE-SL,Stadtverband Saarbrücken,329708.0,803.0
2020-05-06,10041,1161.0,100.0,986.0,Tagesspiegel,DE-SL,Stadtverband Saarbrücken,329708.0,803.0
2020-05-07,10041,1162.0,100.0,994.0,Tagesspiegel,DE-SL,Stadtverband Saarbrücken,329708.0,803.0
2020-05-08,10041,1164.0,101.0,1000.0,Tagesspiegel,DE-SL,Stadtverband Saarbrücken,329708.0,803.0
2020-05-09,10041,1165.0,101.0,1007.0,Tagesspiegel,DE-SL,Stadtverband Saarbrücken,329708.0,803.0
2020-05-12,10041,1167.0,101.0,1025.0,Tagesspiegel,DE-SL,Stadtverband Saarbrücken,329708.0,803.0
2020-05-13,10041,1168.0,102.0,1025.0,Tagesspiegel,DE-SL,Stadtverband Saarbrücken,329708.0,803.0
2020-05-14,10041,1170.0,102.0,1041.0,Tagesspiegel,DE-SL,Stadtverband Saarbrücken,329708.0,803.0
2020-05-15,10041,1172.0,103.0,1046.0,Tagesspiegel,DE-SL,Stadtverband Saarbrücken,329708.0,803.0
2020-05-16,10041,1175.0,103.0,1050.0,Tagesspiegel,DE-SL,Stadtverband Saarbrücken,329708.0,803.0
2020-05-18,10041,1179.0,107.0,1050.0,Tagesspiegel,DE-SL,Stadtverband Saarbrücken,329708.0,803.0
2020-05-19,10041,1180.0,107.0,1050.0,Tagesspiegel,DE-SL,Stadtverband Saarbrücken,329708.0,803.0
2020-05-20,10041,1180.0,107.0,1050.0,Tagesspiegel,DE-SL,Stadtverband Saarbrücken,329708.0,803.0
2020-05-21,10041,1182.0,108.0,1052.0,Tagesspiegel,DE-SL,Stadtverband Saarbrücken,329708.0,803.0
2020-05-22,10041,1183.0,108.0,1053.0,Tagesspiegel,DE-SL,Stadtverband Saarbrücken,329708.0,803.0
2020-05-23,10041,1183.0,108.0,1058.0,Tagesspiegel,DE-SL,Stadtverband Saarbrücken,329708.0,803.0
2020-05-25,10041,1184.0,108.0,1058.0,Tagesspiegel,DE-SL,Stadtverband Saarbrücken,329708.0,803.0
2020-05-26,10041,1186.0,108.0,1062.0,Tagesspiegel,DE-SL,Stadtverband Saarbrücken,329708.0,803.0
2020-05-27,10041,1187.0,110.0,1062.0,Tagesspiegel,DE-SL,Stadtverband Saarbrücken,329708.0,803.0
2020-05-28,10041,1189.0,110.0,1065.0,Tagesspiegel,DE-SL,Stadtverband Saarbrücken,329708.0,803.0
2020-05-29,10041,1189.0,110.0,1065.0,Tagesspiegel,DE-SL,Stadtverband Saarbrücken,329708.0,803.0
2020-06-01,10041,1196.0,110.0,1067.0,Tagesspiegel,DE-SL,Stadtverband Saarbrücken,329708.0,803.0
2020-06-03,10041,1198.0,111.0,1071.0,Tagesspiegel,DE-SL,Stadtverband Saarbrücken,329708.0,803.0
2020-06-04,10041,1199.0,111.0,1072.0,Tagesspiegel,DE-SL,Stadtverband Saarbrücken,329708.0,803.0
2020-06-08,10041,1200.0,111.0,1078.0,Tagesspiegel,DE-SL,Stadtverband Saarbrücken,329708.0,803.0
2020-06-09,10041,1201.0,111.0,1078.0,Tagesspiegel,DE-SL,Stadtverband Saarbrücken,329708.0,803.0
2020-06-16,10041,1204.0,112.0,1086.0,Tagesspiegel,DE-SL,Stadtverband Saarbrücken,329708.0,803.0
2020-06-28,10041,1204.0,113.0,1089.0,Tagesspiegel,DE-SL,Stadtverband Saarbrücken,329708.0,803.0
2020-07-04,10041,1205.0,114.0,1090.0,Tagesspiegel,DE-SL,Stadtverband Saarbrücken,329708.0,803.0
2020-07-07,10041,1206.0,114.0,1090.0,Tagesspiegel,DE-SL,Stadtverband Saarbrücken,329708.0,803.0
2020-07-13,10041,1207.0,114.0,1091.0,Tagesspiegel,DE-SL,Stadtverband Saarbrücken,329708.0,803.0
2020-07-14,10041,1207.0,114.0,1091.0,Tagesspiegel,DE-SL,Stadtverband Saarbrücken,329708.0,803.0
2020-03-12,10042,0.0,0.0,0.0,RKI,DE-SL,Merzig-Wadern,103366.0,186.0
2020-03-16,10042,0.0,0.0,0.0,RKI,DE-SL,Merzig-Wadern,103366.0,186.0
2020-03-17,10042,0.0,0.0,0.0,RKI,DE-SL,Merzig-Wadern,103366.0,186.0
2020-03-20,10042,0.0,0.0,0.0,RKI,DE-SL,Merzig-Wadern,103366.0,186.0
2020-03-21,10042,0.0,0.0,0.0,RKI,DE-SL,Merzig-Wadern,103366.0,186.0
2020-03-22,10042,11.0,0.0,11.0,RKI,DE-SL,Merzig-Wadern,103366.0,186.0
2020-03-23,10042,14.0,0.0,14.0,RKI,DE-SL,Merzig-Wadern,103366.0,186.0
2020-03-24,10042,15.0,0.0,15.0,RKI,DE-SL,Merzig-Wadern,103366.0,186.0
2020-03-25,10042,18.0,0.0,18.0,RKI,DE-SL,Merzig-Wadern,103366.0,186.0
2020-03-26,10042,25.0,0.0,25.0,RKI,DE-SL,Merzig-Wadern,103366.0,186.0
2020-03-27,10042,27.0,0.0,27.0,RKI,DE-SL,Merzig-Wadern,103366.0,186.0
2020-03-28,10042,30.0,0.0,30.0,RKI,DE-SL,Merzig-Wadern,103366.0,186.0
2020-03-29,10042,35.0,0.0,35.0,RKI,DE-SL,Merzig-Wadern,103366.0,186.0
2020-03-30,10042,39.0,0.0,39.0,RKI,DE-SL,Merzig-Wadern,103366.0,186.0
2020-03-31,10042,45.0,0.0,45.0,RKI,DE-SL,Merzig-Wadern,103366.0,186.0
2020-04-01,10042,46.0,0.0,46.0,RKI,DE-SL,Merzig-Wadern,103366.0,186.0
2020-04-02,10042,52.0,1.0,51.0,RKI,DE-SL,Merzig-Wadern,103366.0,186.0
2020-04-03,10042,74.0,1.0,14.0,Tagesspiegel,DE-SL,Merzig-Wadern,103366.0,186.0
2020-04-04,10042,84.0,1.0,14.0,Tagesspiegel,DE-SL,Merzig-Wadern,103366.0,186.0
2020-04-05,10042,84.0,1.0,14.0,Tagesspiegel,DE-SL,Merzig-Wadern,103366.0,186.0
2020-04-06,10042,121.0,1.0,33.0,Tagesspiegel,DE-SL,Merzig-Wadern,103366.0,186.0
2020-04-07,10042,127.0,1.0,33.0,Tagesspiegel,DE-SL,Merzig-Wadern,103366.0,186.0
2020-04-08,10042,137.0,1.0,39.0,Tagesspiegel,DE-SL,Merzig-Wadern,103366.0,186.0
2020-04-09,10042,150.0,1.0,45.0,Tagesspiegel,DE-SL,Merzig-Wadern,103366.0,186.0
2020-04-10,10042,157.0,1.0,47.0,Tagesspiegel,DE-SL,Merzig-Wadern,103366.0,186.0
2020-04-11,10042,163.0,1.0,47.0,Tagesspiegel,DE-SL,Merzig-Wadern,103366.0,186.0
2020-04-12,10042,165.0,1.0,51.0,Tagesspiegel,DE-SL,Merzig-Wadern,103366.0,186.0
2020-04-13,10042,168.0,1.0,60.0,Tagesspiegel,DE-SL,Merzig-Wadern,103366.0,186.0
2020-04-14,10042,169.0,1.0,64.0,Tagesspiegel,DE-SL,Merzig-Wadern,103366.0,186.0
2020-04-15,10042,170.0,1.0,64.0,Tagesspiegel,DE-SL,Merzig-Wadern,103366.0,186.0
2020-04-17,10042,175.0,1.0,79.0,Tagesspiegel,DE-SL,Merzig-Wadern,103366.0,186.0
2020-04-18,10042,179.0,1.0,79.0,Tagesspiegel,DE-SL,Merzig-Wadern,103366.0,186.0
2020-04-19,10042,181.0,1.0,79.0,Tagesspiegel,DE-SL,Merzig-Wadern,103366.0,186.0
2020-04-20,10042,182.0,1.0,83.0,Tagesspiegel,DE-SL,Merzig-Wadern,103366.0,186.0
2020-04-22,10042,183.0,2.0,91.0,Tagesspiegel,DE-SL,Merzig-Wadern,103366.0,186.0
2020-04-23,10042,187.0,2.0,95.0,Tagesspiegel,DE-SL,Merzig-Wadern,103366.0,186.0
2020-04-24,10042,188.0,2.0,143.0,Tagesspiegel,DE-SL,Merzig-Wadern,103366.0,186.0
2020-04-25,10042,189.0,2.0,143.0,Tagesspiegel,DE-SL,Merzig-Wadern,103366.0,186.0
2020-04-29,10042,190.0,2.0,166.0,Tagesspiegel,DE-SL,Merzig-Wadern,103366.0,186.0
2020-05-02,10042,194.0,2.0,166.0,Tagesspiegel,DE-SL,Merzig-Wadern,103366.0,186.0
2020-05-07,10042,195.0,2.0,182.0,Tagesspiegel,DE-SL,Merzig-Wadern,103366.0,186.0
2020-05-09,10042,198.0,2.0,192.0,Tagesspiegel,DE-SL,Merzig-Wadern,103366.0,186.0
2020-05-14,10042,199.0,2.0,192.0,Tagesspiegel,DE-SL,Merzig-Wadern,103366.0,186.0
2020-05-16,10042,201.0,2.0,193.0,Tagesspiegel,DE-SL,Merzig-Wadern,103366.0,186.0
2020-05-19,10042,202.0,2.0,193.0,Tagesspiegel,DE-SL,Merzig-Wadern,103366.0,186.0
2020-05-22,10042,203.0,2.0,195.0,Tagesspiegel,DE-SL,Merzig-Wadern,103366.0,186.0
2020-05-29,10042,204.0,2.0,199.0,Tagesspiegel,DE-SL,Merzig-Wadern,103366.0,186.0
2020-06-01,10042,205.0,2.0,199.0,Tagesspiegel,DE-SL,Merzig-Wadern,103366.0,186.0
2020-06-02,10042,207.0,2.0,201.0,Tagesspiegel,DE-SL,Merzig-Wadern,103366.0,186.0
2020-06-06,10042,208.0,2.0,202.0,Tagesspiegel,DE-SL,Merzig-Wadern,103366.0,186.0
2020-06-08,10042,209.0,2.0,202.0,Tagesspiegel,DE-SL,Merzig-Wadern,103366.0,186.0
2020-06-09,10042,212.0,2.0,202.0,Tagesspiegel,DE-SL,Merzig-Wadern,103366.0,186.0
2020-06-10,10042,213.0,2.0,202.0,Tagesspiegel,DE-SL,Merzig-Wadern,103366.0,186.0
2020-06-17,10042,215.0,2.0,206.0,Tagesspiegel,DE-SL,Merzig-Wadern,103366.0,186.0
2020-06-24,10042,216.0,2.0,213.0,Tagesspiegel,DE-SL,Merzig-Wadern,103366.0,186.0
2020-06-25,10042,217.0,2.0,213.0,Tagesspiegel,DE-SL,Merzig-Wadern,103366.0,186.0
2020-07-09,10042,218.0,2.0,216.0,Tagesspiegel,DE-SL,Merzig-Wadern,103366.0,186.0
2020-03-10,10043,0.0,0.0,0.0,RKI,DE-SL,Neunkirchen,132206.0,530.0
2020-03-12,10043,1.0,0.0,1.0,RKI,DE-SL,Neunkirchen,132206.0,530.0
2020-03-13,10043,5.0,0.0,5.0,RKI,DE-SL,Neunkirchen,132206.0,530.0
2020-03-16,10043,10.0,0.0,10.0,RKI,DE-SL,Neunkirchen,132206.0,530.0
2020-03-17,10043,19.0,0.0,19.0,RKI,DE-SL,Neunkirchen,132206.0,530.0
2020-03-18,10043,21.0,0.0,21.0,RKI,DE-SL,Neunkirchen,132206.0,530.0
2020-03-19,10043,23.0,0.0,23.0,RKI,DE-SL,Neunkirchen,132206.0,530.0
2020-03-20,10043,25.0,0.0,25.0,RKI,DE-SL,Neunkirchen,132206.0,530.0
2020-03-21,10043,28.0,0.0,28.0,RKI,DE-SL,Neunkirchen,132206.0,530.0
2020-03-23,10043,36.0,1.0,35.0,RKI,DE-SL,Neunkirchen,132206.0,530.0
2020-03-25,10043,36.0,1.0,35.0,RKI,DE-SL,Neunkirchen,132206.0,530.0
2020-03-26,10043,53.0,1.0,52.0,RKI,DE-SL,Neunkirchen,132206.0,530.0
2020-03-27,10043,63.0,1.0,62.0,RKI,DE-SL,Neunkirchen,132206.0,530.0
2020-03-28,10043,65.0,1.0,64.0,RKI,DE-SL,Neunkirchen,132206.0,530.0
2020-03-29,10043,78.0,1.0,77.0,RKI,DE-SL,Neunkirchen,132206.0,530.0
2020-03-30,10043,80.0,1.0,79.0,RKI,DE-SL,Neunkirchen,132206.0,530.0
2020-03-31,10043,87.0,2.0,85.0,RKI,DE-SL,Neunkirchen,132206.0,530.0
2020-04-01,10043,98.0,2.0,96.0,RKI,DE-SL,Neunkirchen,132206.0,530.0
2020-04-02,10043,107.0,3.0,104.0,RKI,DE-SL,Neunkirchen,132206.0,530.0
2020-04-03,10043,118.0,4.0,114.0,RKI,DE-SL,Neunkirchen,132206.0,530.0
2020-04-04,10043,127.0,4.0,123.0,RKI,DE-SL,Neunkirchen,132206.0,530.0
2020-04-05,10043,128.0,4.0,124.0,RKI,DE-SL,Neunkirchen,132206.0,530.0
2020-04-06,10043,131.0,5.0,126.0,RKI,DE-SL,Neunkirchen,132206.0,530.0
2020-04-07,10043,136.0,6.0,130.0,RKI,DE-SL,Neunkirchen,132206.0,530.0
2020-04-08,10043,138.0,6.0,132.0,RKI,DE-SL,Neunkirchen,132206.0,530.0
2020-04-09,10043,154.0,6.0,148.0,RKI,DE-SL,Neunkirchen,132206.0,530.0
2020-04-10,10043,156.0,7.0,149.0,RKI,DE-SL,Neunkirchen,132206.0,530.0
2020-04-11,10043,156.0,7.0,149.0,RKI,DE-SL,Neunkirchen,132206.0,530.0
2020-04-12,10043,159.0,7.0,152.0,RKI,DE-SL,Neunkirchen,132206.0,530.0
2020-04-13,10043,167.0,8.0,159.0,RKI,DE-SL,Neunkirchen,132206.0,530.0
2020-04-14,10043,168.0,8.0,160.0,RKI,DE-SL,Neunkirchen,132206.0,530.0
2020-04-15,10043,174.0,9.0,165.0,RKI,DE-SL,Neunkirchen,132206.0,530.0
2020-04-16,10043,209.0,10.0,108.0,Tagesspiegel,DE-SL,Neunkirchen,132206.0,530.0
2020-04-17,10043,213.0,10.0,108.0,Tagesspiegel,DE-SL,Neunkirchen,132206.0,530.0
2020-04-18,10043,216.0,10.0,108.0,Tagesspiegel,DE-SL,Neunkirchen,132206.0,530.0
2020-04-21,10043,220.0,10.0,108.0,Tagesspiegel,DE-SL,Neunkirchen,132206.0,530.0
2020-04-22,10043,221.0,10.0,108.0,Tagesspiegel,DE-SL,Neunkirchen,132206.0,530.0
2020-04-23,10043,225.0,10.0,108.0,Tagesspiegel,DE-SL,Neunkirchen,132206.0,530.0
2020-04-26,10043,226.0,10.0,108.0,Tagesspiegel,DE-SL,Neunkirchen,132206.0,530.0
2020-04-27,10043,227.0,10.0,108.0,Tagesspiegel,DE-SL,Neunkirchen,132206.0,530.0
2020-04-28,10043,229.0,10.0,108.0,Tagesspiegel,DE-SL,Neunkirchen,132206.0,530.0
2020-04-29,10043,232.0,10.0,108.0,Tagesspiegel,DE-SL,Neunkirchen,132206.0,530.0
2020-04-30,10043,235.0,10.0,108.0,Tagesspiegel,DE-SL,Neunkirchen,132206.0,530.0
2020-05-01,10043,240.0,10.0,108.0,Tagesspiegel,DE-SL,Neunkirchen,132206.0,530.0
2020-05-04,10043,241.0,10.0,108.0,Tagesspiegel,DE-SL,Neunkirchen,132206.0,530.0
2020-05-06,10043,242.0,10.0,108.0,Tagesspiegel,DE-SL,Neunkirchen,132206.0,530.0
2020-05-07,10043,244.0,10.0,108.0,Tagesspiegel,DE-SL,Neunkirchen,132206.0,530.0
2020-05-08,10043,246.0,10.0,108.0,Tagesspiegel,DE-SL,Neunkirchen,132206.0,530.0
2020-05-12,10043,247.0,10.0,108.0,Tagesspiegel,DE-SL,Neunkirchen,132206.0,530.0
2020-05-13,10043,249.0,10.0,108.0,Tagesspiegel,DE-SL,Neunkirchen,132206.0,530.0
2020-05-14,10043,252.0,10.0,108.0,Tagesspiegel,DE-SL,Neunkirchen,132206.0,530.0
2020-05-15,10043,256.0,10.0,108.0,Tagesspiegel,DE-SL,Neunkirchen,132206.0,530.0
2020-05-26,10043,257.0,10.0,108.0,Tagesspiegel,DE-SL,Neunkirchen,132206.0,530.0
2020-05-27,10043,257.0,10.0,108.0,Tagesspiegel,DE-SL,Neunkirchen,132206.0,530.0
2020-06-01,10043,258.0,10.0,108.0,Tagesspiegel,DE-SL,Neunkirchen,132206.0,530.0
2020-06-05,10043,260.0,10.0,246.0,Tagesspiegel,DE-SL,Neunkirchen,132206.0,530.0
2020-06-06,10043,261.0,10.0,246.0,Tagesspiegel,DE-SL,Neunkirchen,132206.0,530.0
2020-06-08,10043,264.0,10.0,246.0,Tagesspiegel,DE-SL,Neunkirchen,132206.0,530.0
2020-06-09,10043,266.0,11.0,246.0,Tagesspiegel,DE-SL,Neunkirchen,132206.0,530.0
2020-06-13,10043,269.0,11.0,246.0,Tagesspiegel,DE-SL,Neunkirchen,132206.0,530.0
2020-06-20,10043,270.0,11.0,251.0,Tagesspiegel,DE-SL,Neunkirchen,132206.0,530.0
2020-07-09,10043,271.0,11.0,251.0,Tagesspiegel,DE-SL,Neunkirchen,132206.0,530.0
2020-07-11,10043,271.0,11.0,251.0,Tagesspiegel,DE-SL,Neunkirchen,132206.0,530.0
2020-03-10,10044,0.0,0.0,0.0,RKI,DE-SL,Saarlouis,195201.0,425.0
2020-03-11,10044,1.0,0.0,1.0,RKI,DE-SL,Saarlouis,195201.0,425.0
2020-03-13,10044,5.0,0.0,5.0,RKI,DE-SL,Saarlouis,195201.0,425.0
2020-03-14,10044,5.0,0.0,5.0,RKI,DE-SL,Saarlouis,195201.0,425.0
2020-03-15,10044,9.0,0.0,9.0,RKI,DE-SL,Saarlouis,195201.0,425.0
2020-03-16,10044,10.0,0.0,10.0,RKI,DE-SL,Saarlouis,195201.0,425.0
2020-03-17,10044,16.0,0.0,16.0,RKI,DE-SL,Saarlouis,195201.0,425.0
2020-03-18,10044,27.0,0.0,27.0,RKI,DE-SL,Saarlouis,195201.0,425.0
2020-03-19,10044,27.0,0.0,27.0,RKI,DE-SL,Saarlouis,195201.0,425.0
2020-03-20,10044,29.0,0.0,29.0,RKI,DE-SL,Saarlouis,195201.0,425.0
2020-03-21,10044,35.0,0.0,35.0,RKI,DE-SL,Saarlouis,195201.0,425.0
2020-03-22,10044,35.0,0.0,35.0,RKI,DE-SL,Saarlouis,195201.0,425.0
2020-03-23,10044,43.0,0.0,43.0,RKI,DE-SL,Saarlouis,195201.0,425.0
2020-03-24,10044,44.0,0.0,44.0,RKI,DE-SL,Saarlouis,195201.0,425.0
2020-03-25,10044,55.0,0.0,55.0,RKI,DE-SL,Saarlouis,195201.0,425.0
2020-03-26,10044,65.0,2.0,63.0,RKI,DE-SL,Saarlouis,195201.0,425.0
2020-03-27,10044,77.0,3.0,74.0,RKI,DE-SL,Saarlouis,195201.0,425.0
2020-03-28,10044,87.0,3.0,84.0,RKI,DE-SL,Saarlouis,195201.0,425.0
2020-03-29,10044,105.0,3.0,102.0,RKI,DE-SL,Saarlouis,195201.0,425.0
2020-03-30,10044,119.0,5.0,114.0,RKI,DE-SL,Saarlouis,195201.0,425.0
2020-03-31,10044,149.0,7.0,142.0,RKI,DE-SL,Saarlouis,195201.0,425.0
2020-04-01,10044,168.0,9.0,159.0,RKI,DE-SL,Saarlouis,195201.0,425.0
2020-04-02,10044,196.0,9.0,187.0,RKI,DE-SL,Saarlouis,195201.0,425.0
2020-04-03,10044,208.0,9.0,199.0,RKI,DE-SL,Saarlouis,195201.0,425.0
2020-04-04,10044,230.0,3.0,40.0,Tagesspiegel,DE-SL,Saarlouis,195201.0,425.0
2020-04-05,10044,252.0,3.0,40.0,Tagesspiegel,DE-SL,Saarlouis,195201.0,425.0
2020-04-06,10044,278.0,3.0,58.0,Tagesspiegel,DE-SL,Saarlouis,195201.0,425.0
2020-04-07,10044,296.0,4.0,59.0,Tagesspiegel,DE-SL,Saarlouis,195201.0,425.0
2020-04-08,10044,318.0,4.0,59.0,Tagesspiegel,DE-SL,Saarlouis,195201.0,425.0
2020-04-09,10044,353.0,4.0,73.0,Tagesspiegel,DE-SL,Saarlouis,195201.0,425.0
2020-04-10,10044,377.0,4.0,73.0,Tagesspiegel,DE-SL,Saarlouis,195201.0,425.0
2020-04-11,10044,390.0,4.0,73.0,Tagesspiegel,DE-SL,Saarlouis,195201.0,425.0
2020-04-12,10044,398.0,5.0,99.0,Tagesspiegel,DE-SL,Saarlouis,195201.0,425.0
2020-04-13,10044,402.0,6.0,107.0,Tagesspiegel,DE-SL,Saarlouis,195201.0,425.0
2020-04-14,10044,408.0,8.0,123.0,Tagesspiegel,DE-SL,Saarlouis,195201.0,425.0
2020-04-15,10044,413.0,9.0,125.0,Tagesspiegel,DE-SL,Saarlouis,195201.0,425.0
2020-04-16,10044,426.0,10.0,151.0,Tagesspiegel,DE-SL,Saarlouis,195201.0,425.0
2020-04-17,10044,440.0,10.0,151.0,Tagesspiegel,DE-SL,Saarlouis,195201.0,425.0
2020-04-18,10044,449.0,10.0,151.0,Tagesspiegel,DE-SL,Saarlouis,195201.0,425.0
2020-04-20,10044,453.0,16.0,215.0,Tagesspiegel,DE-SL,Saarlouis,195201.0,425.0
2020-04-21,10044,458.0,16.0,233.0,Tagesspiegel,DE-SL,Saarlouis,195201.0,425.0
2020-04-22,10044,462.0,16.0,246.0,Tagesspiegel,DE-SL,Saarlouis,195201.0,425.0
2020-04-23,10044,474.0,16.0,267.0,Tagesspiegel,DE-SL,Saarlouis,195201.0,425.0
2020-04-24,10044,489.0,16.0,276.0,Tagesspiegel,DE-SL,Saarlouis,195201.0,425.0
2020-04-25,10044,495.0,16.0,276.0,Tagesspiegel,DE-SL,Saarlouis,195201.0,425.0
2020-04-26,10044,502.0,16.0,276.0,Tagesspiegel,DE-SL,Saarlouis,195201.0,425.0
2020-04-27,10044,503.0,16.0,276.0,Tagesspiegel,DE-SL,Saarlouis,195201.0,425.0
2020-04-28,10044,503.0,16.0,276.0,Tagesspiegel,DE-SL,Saarlouis,195201.0,425.0
2020-04-29,10044,503.0,16.0,276.0,Tagesspiegel,DE-SL,Saarlouis,195201.0,425.0
2020-04-30,10044,508.0,16.0,276.0,Tagesspiegel,DE-SL,Saarlouis,195201.0,425.0
2020-05-01,10044,514.0,16.0,276.0,Tagesspiegel,DE-SL,Saarlouis,195201.0,425.0
2020-05-03,10044,516.0,16.0,276.0,Tagesspiegel,DE-SL,Saarlouis,195201.0,425.0
2020-05-05,10044,518.0,19.0,345.0,Tagesspiegel,DE-SL,Saarlouis,195201.0,425.0
2020-05-06,10044,518.0,19.0,365.0,Tagesspiegel,DE-SL,Saarlouis,195201.0,425.0
2020-05-07,10044,521.0,19.0,405.0,Tagesspiegel,DE-SL,Saarlouis,195201.0,425.0
2020-05-08,10044,523.0,19.0,409.0,Tagesspiegel,DE-SL,Saarlouis,195201.0,425.0
2020-05-09,10044,524.0,19.0,409.0,Tagesspiegel,DE-SL,Saarlouis,195201.0,425.0
2020-05-12,10044,525.0,19.0,435.0,Tagesspiegel,DE-SL,Saarlouis,195201.0,425.0
2020-05-13,10044,528.0,19.0,435.0,Tagesspiegel,DE-SL,Saarlouis,195201.0,425.0
2020-05-19,10044,530.0,21.0,489.0,Tagesspiegel,DE-SL,Saarlouis,195201.0,425.0
2020-05-20,10044,531.0,21.0,493.0,Tagesspiegel,DE-SL,Saarlouis,195201.0,425.0
2020-05-21,10044,532.0,23.0,493.0,Tagesspiegel,DE-SL,Saarlouis,195201.0,425.0
2020-05-22,10044,533.0,23.0,495.0,Tagesspiegel,DE-SL,Saarlouis,195201.0,425.0
2020-05-23,10044,534.0,23.0,496.0,Tagesspiegel,DE-SL,Saarlouis,195201.0,425.0
2020-05-24,10044,535.0,23.0,496.0,Tagesspiegel,DE-SL,Saarlouis,195201.0,425.0
2020-05-25,10044,538.0,23.0,496.0,Tagesspiegel,DE-SL,Saarlouis,195201.0,425.0
2020-05-27,10044,541.0,23.0,498.0,Tagesspiegel,DE-SL,Saarlouis,195201.0,425.0
2020-06-03,10044,542.0,23.0,507.0,Tagesspiegel,DE-SL,Saarlouis,195201.0,425.0
2020-06-05,10044,544.0,23.0,509.0,Tagesspiegel,DE-SL,Saarlouis,195201.0,425.0
2020-06-07,10044,547.0,23.0,514.0,Tagesspiegel,DE-SL,Saarlouis,195201.0,425.0
2020-06-10,10044,548.0,23.0,517.0,Tagesspiegel,DE-SL,Saarlouis,195201.0,425.0
2020-06-12,10044,551.0,23.0,517.0,Tagesspiegel,DE-SL,Saarlouis,195201.0,425.0
2020-06-18,10044,553.0,23.0,522.0,Tagesspiegel,DE-SL,Saarlouis,195201.0,425.0
2020-06-19,10044,553.0,23.0,522.0,Tagesspiegel,DE-SL,Saarlouis,195201.0,425.0
2020-06-22,10044,555.0,23.0,524.0,Tagesspiegel,DE-SL,Saarlouis,195201.0,425.0
2020-06-26,10044,556.0,23.0,528.0,Tagesspiegel,DE-SL,Saarlouis,195201.0,425.0
2020-06-27,10044,557.0,23.0,528.0,Tagesspiegel,DE-SL,Saarlouis,195201.0,425.0
2020-07-02,10044,559.0,24.0,532.0,Tagesspiegel,DE-SL,Saarlouis,195201.0,425.0
2020-07-07,10044,560.0,24.0,534.0,Tagesspiegel,DE-SL,Saarlouis,195201.0,425.0
2020-07-15,10044,561.0,24.0,535.0,Tagesspiegel,DE-SL,Saarlouis,195201.0,425.0
2020-07-16,10044,562.0,24.0,536.0,Tagesspiegel,DE-SL,Saarlouis,195201.0,425.0
2020-03-11,10045,1.0,0.0,1.0,RKI,DE-SL,Saar-Pfalz-Kreis,142631.0,341.0
2020-03-13,10045,2.0,0.0,2.0,RKI,DE-SL,Saar-Pfalz-Kreis,142631.0,341.0
2020-03-15,10045,8.0,0.0,8.0,RKI,DE-SL,Saar-Pfalz-Kreis,142631.0,341.0
2020-03-16,10045,10.0,1.0,9.0,RKI,DE-SL,Saar-Pfalz-Kreis,142631.0,341.0
2020-03-17,10045,11.0,1.0,10.0,RKI,DE-SL,Saar-Pfalz-Kreis,142631.0,341.0
2020-03-18,10045,12.0,1.0,11.0,RKI,DE-SL,Saar-Pfalz-Kreis,142631.0,341.0
2020-03-19,10045,19.0,1.0,18.0,RKI,DE-SL,Saar-Pfalz-Kreis,142631.0,341.0
2020-03-20,10045,23.0,1.0,22.0,RKI,DE-SL,Saar-Pfalz-Kreis,142631.0,341.0
2020-03-21,10045,36.0,1.0,35.0,RKI,DE-SL,Saar-Pfalz-Kreis,142631.0,341.0
2020-03-22,10045,50.0,2.0,48.0,RKI,DE-SL,Saar-Pfalz-Kreis,142631.0,341.0
2020-03-23,10045,56.0,2.0,54.0,RKI,DE-SL,Saar-Pfalz-Kreis,142631.0,341.0
2020-03-24,10045,67.0,2.0,65.0,RKI,DE-SL,Saar-Pfalz-Kreis,142631.0,341.0
2020-03-25,10045,71.0,2.0,69.0,RKI,DE-SL,Saar-Pfalz-Kreis,142631.0,341.0
2020-03-26,10045,82.0,2.0,80.0,RKI,DE-SL,Saar-Pfalz-Kreis,142631.0,341.0
2020-03-27,10045,91.0,3.0,88.0,RKI,DE-SL,Saar-Pfalz-Kreis,142631.0,341.0
2020-03-28,10045,91.0,3.0,88.0,RKI,DE-SL,Saar-Pfalz-Kreis,142631.0,341.0
2020-03-29,10045,101.0,4.0,97.0,RKI,DE-SL,Saar-Pfalz-Kreis,142631.0,341.0
2020-03-30,10045,112.0,4.0,108.0,RKI,DE-SL,Saar-Pfalz-Kreis,142631.0,341.0
2020-03-31,10045,123.0,4.0,119.0,RKI,DE-SL,Saar-Pfalz-Kreis,142631.0,341.0
2020-04-01,10045,140.0,4.0,136.0,RKI,DE-SL,Saar-Pfalz-Kreis,142631.0,341.0
2020-04-02,10045,189.0,2.0,27.0,Tagesspiegel,DE-SL,Saar-Pfalz-Kreis,142631.0,341.0
2020-04-03,10045,213.0,2.0,31.0,Tagesspiegel,DE-SL,Saar-Pfalz-Kreis,142631.0,341.0
2020-04-04,10045,222.0,2.0,31.0,Tagesspiegel,DE-SL,Saar-Pfalz-Kreis,142631.0,341.0
2020-04-05,10045,222.0,2.0,31.0,Tagesspiegel,DE-SL,Saar-Pfalz-Kreis,142631.0,341.0
2020-04-06,10045,222.0,2.0,36.0,Tagesspiegel,DE-SL,Saar-Pfalz-Kreis,142631.0,341.0
2020-04-07,10045,242.0,2.0,36.0,Tagesspiegel,DE-SL,Saar-Pfalz-Kreis,142631.0,341.0
2020-04-08,10045,255.0,2.0,44.0,Tagesspiegel,DE-SL,Saar-Pfalz-Kreis,142631.0,341.0
2020-04-09,10045,262.0,2.0,44.0,Tagesspiegel,DE-SL,Saar-Pfalz-Kreis,142631.0,341.0
2020-04-10,10045,270.0,2.0,44.0,Tagesspiegel,DE-SL,Saar-Pfalz-Kreis,142631.0,341.0
2020-04-11,10045,277.0,2.0,44.0,Tagesspiegel,DE-SL,Saar-Pfalz-Kreis,142631.0,341.0
2020-04-12,10045,280.0,2.0,44.0,Tagesspiegel,DE-SL,Saar-Pfalz-Kreis,142631.0,341.0
2020-04-13,10045,281.0,2.0,44.0,Tagesspiegel,DE-SL,Saar-Pfalz-Kreis,142631.0,341.0
2020-04-14,10045,282.0,2.0,76.0,Tagesspiegel,DE-SL,Saar-Pfalz-Kreis,142631.0,341.0
2020-04-15,10045,286.0,2.0,115.0,Tagesspiegel,DE-SL,Saar-Pfalz-Kreis,142631.0,341.0
2020-04-16,10045,292.0,2.0,123.0,Tagesspiegel,DE-SL,Saar-Pfalz-Kreis,142631.0,341.0
2020-04-17,10045,294.0,2.0,141.0,Tagesspiegel,DE-SL,Saar-Pfalz-Kreis,142631.0,341.0
2020-04-20,10045,303.0,2.0,163.0,Tagesspiegel,DE-SL,Saar-Pfalz-Kreis,142631.0,341.0
2020-04-21,10045,303.0,2.0,173.0,Tagesspiegel,DE-SL,Saar-Pfalz-Kreis,142631.0,341.0
2020-04-22,10045,304.0,2.0,196.0,Tagesspiegel,DE-SL,Saar-Pfalz-Kreis,142631.0,341.0
2020-04-24,10045,305.0,2.0,231.0,Tagesspiegel,DE-SL,Saar-Pfalz-Kreis,142631.0,341.0
2020-04-26,10045,314.0,2.0,231.0,Tagesspiegel,DE-SL,Saar-Pfalz-Kreis,142631.0,341.0
2020-04-28,10045,314.0,2.0,246.0,Tagesspiegel,DE-SL,Saar-Pfalz-Kreis,142631.0,341.0
2020-04-29,10045,316.0,2.0,261.0,Tagesspiegel,DE-SL,Saar-Pfalz-Kreis,142631.0,341.0
2020-04-30,10045,317.0,2.0,268.0,Tagesspiegel,DE-SL,Saar-Pfalz-Kreis,142631.0,341.0
2020-05-02,10045,324.0,2.0,268.0,Tagesspiegel,DE-SL,Saar-Pfalz-Kreis,142631.0,341.0
2020-05-03,10045,324.0,2.0,272.0,Tagesspiegel,DE-SL,Saar-Pfalz-Kreis,142631.0,341.0
2020-05-04,10045,324.0,2.0,276.0,Tagesspiegel,DE-SL,Saar-Pfalz-Kreis,142631.0,341.0
2020-05-05,10045,325.0,2.0,276.0,Tagesspiegel,DE-SL,Saar-Pfalz-Kreis,142631.0,341.0
2020-05-06,10045,326.0,2.0,280.0,Tagesspiegel,DE-SL,Saar-Pfalz-Kreis,142631.0,341.0
2020-05-08,10045,327.0,2.0,283.0,Tagesspiegel,DE-SL,Saar-Pfalz-Kreis,142631.0,341.0
2020-05-11,10045,332.0,2.0,284.0,Tagesspiegel,DE-SL,Saar-Pfalz-Kreis,142631.0,341.0
2020-05-14,10045,332.0,2.0,292.0,Tagesspiegel,DE-SL,Saar-Pfalz-Kreis,142631.0,341.0
2020-05-19,10045,334.0,2.0,301.0,Tagesspiegel,DE-SL,Saar-Pfalz-Kreis,142631.0,341.0
2020-05-26,10045,335.0,2.0,312.0,Tagesspiegel,DE-SL,Saar-Pfalz-Kreis,142631.0,341.0
2020-05-29,10045,336.0,2.0,314.0,Tagesspiegel,DE-SL,Saar-Pfalz-Kreis,142631.0,341.0
2020-05-30,10045,338.0,2.0,314.0,Tagesspiegel,DE-SL,Saar-Pfalz-Kreis,142631.0,341.0
2020-05-31,10045,339.0,2.0,314.0,Tagesspiegel,DE-SL,Saar-Pfalz-Kreis,142631.0,341.0
2020-06-01,10045,339.0,2.0,314.0,Tagesspiegel,DE-SL,Saar-Pfalz-Kreis,142631.0,341.0
2020-06-09,10045,344.0,17.0,318.0,Tagesspiegel,DE-SL,Saar-Pfalz-Kreis,142631.0,341.0
2020-07-08,10045,344.0,18.0,324.0,Tagesspiegel,DE-SL,Saar-Pfalz-Kreis,142631.0,341.0
2020-07-09,10045,345.0,18.0,324.0,Tagesspiegel,DE-SL,Saar-Pfalz-Kreis,142631.0,341.0
2020-07-10,10045,348.0,18.0,324.0,Tagesspiegel,DE-SL,Saar-Pfalz-Kreis,142631.0,341.0
2020-07-11,10045,350.0,18.0,324.0,Tagesspiegel,DE-SL,Saar-Pfalz-Kreis,142631.0,341.0
2020-07-12,10045,351.0,18.0,324.0,Tagesspiegel,DE-SL,Saar-Pfalz-Kreis,142631.0,341.0
2020-07-14,10045,352.0,18.0,324.0,Tagesspiegel,DE-SL,Saar-Pfalz-Kreis,142631.0,341.0
2020-03-13,10046,8.0,0.0,8.0,RKI,DE-SL,Sankt Wendel,87397.0,184.0
2020-03-14,10046,11.0,0.0,11.0,RKI,DE-SL,Sankt Wendel,87397.0,184.0
2020-03-15,10046,11.0,0.0,11.0,RKI,DE-SL,Sankt Wendel,87397.0,184.0
2020-03-16,10046,12.0,1.0,11.0,RKI,DE-SL,Sankt Wendel,87397.0,184.0
2020-03-17,10046,13.0,1.0,12.0,RKI,DE-SL,Sankt Wendel,87397.0,184.0
2020-03-18,10046,15.0,1.0,14.0,RKI,DE-SL,Sankt Wendel,87397.0,184.0
2020-03-19,10046,21.0,1.0,20.0,RKI,DE-SL,Sankt Wendel,87397.0,184.0
2020-03-20,10046,27.0,1.0,26.0,RKI,DE-SL,Sankt Wendel,87397.0,184.0
2020-03-21,10046,29.0,1.0,28.0,RKI,DE-SL,Sankt Wendel,87397.0,184.0
2020-03-22,10046,35.0,1.0,34.0,RKI,DE-SL,Sankt Wendel,87397.0,184.0
2020-03-23,10046,37.0,1.0,36.0,RKI,DE-SL,Sankt Wendel,87397.0,184.0
2020-03-24,10046,41.0,1.0,40.0,RKI,DE-SL,Sankt Wendel,87397.0,184.0
2020-03-25,10046,48.0,1.0,47.0,RKI,DE-SL,Sankt Wendel,87397.0,184.0
2020-03-26,10046,54.0,1.0,53.0,RKI,DE-SL,Sankt Wendel,87397.0,184.0
2020-03-27,10046,57.0,1.0,56.0,RKI,DE-SL,Sankt Wendel,87397.0,184.0
2020-03-28,10046,64.0,2.0,62.0,RKI,DE-SL,Sankt Wendel,87397.0,184.0
2020-03-30,10046,67.0,2.0,65.0,RKI,DE-SL,Sankt Wendel,87397.0,184.0
2020-03-31,10046,69.0,2.0,67.0,RKI,DE-SL,Sankt Wendel,87397.0,184.0
2020-04-01,10046,77.0,2.0,75.0,RKI,DE-SL,Sankt Wendel,87397.0,184.0
2020-04-02,10046,99.0,1.0,32.0,Tagesspiegel,DE-SL,Sankt Wendel,87397.0,184.0
2020-04-03,10046,104.0,1.0,32.0,Tagesspiegel,DE-SL,Sankt Wendel,87397.0,184.0
2020-04-04,10046,104.0,1.0,32.0,Tagesspiegel,DE-SL,Sankt Wendel,87397.0,184.0
2020-04-06,10046,121.0,1.0,32.0,Tagesspiegel,DE-SL,Sankt Wendel,87397.0,184.0
2020-04-07,10046,122.0,1.0,32.0,Tagesspiegel,DE-SL,Sankt Wendel,87397.0,184.0
2020-04-08,10046,127.0,1.0,65.0,Tagesspiegel,DE-SL,Sankt Wendel,87397.0,184.0
2020-04-09,10046,138.0,1.0,70.0,Tagesspiegel,DE-SL,Sankt Wendel,87397.0,184.0
2020-04-11,10046,145.0,1.0,70.0,Tagesspiegel,DE-SL,Sankt Wendel,87397.0,184.0
2020-04-12,10046,149.0,1.0,72.0,Tagesspiegel,DE-SL,Sankt Wendel,87397.0,184.0
2020-04-14,10046,150.0,1.0,72.0,Tagesspiegel,DE-SL,Sankt Wendel,87397.0,184.0
2020-04-15,10046,152.0,4.0,72.0,Tagesspiegel,DE-SL,Sankt Wendel,87397.0,184.0
2020-04-21,10046,155.0,4.0,72.0,Tagesspiegel,DE-SL,Sankt Wendel,87397.0,184.0
2020-04-23,10046,157.0,4.0,72.0,Tagesspiegel,DE-SL,Sankt Wendel,87397.0,184.0
2020-04-27,10046,159.0,4.0,72.0,Tagesspiegel,DE-SL,Sankt Wendel,87397.0,184.0
2020-04-30,10046,160.0,4.0,140.0,Tagesspiegel,DE-SL,Sankt Wendel,87397.0,184.0
2020-05-01,10046,160.0,4.0,140.0,Tagesspiegel,DE-SL,Sankt Wendel,87397.0,184.0
2020-05-04,10046,161.0,4.0,140.0,Tagesspiegel,DE-SL,Sankt Wendel,87397.0,184.0
2020-05-05,10046,161.0,4.0,140.0,Tagesspiegel,DE-SL,Sankt Wendel,87397.0,184.0
2020-05-06,10046,161.0,4.0,140.0,Tagesspiegel,DE-SL,Sankt Wendel,87397.0,184.0
2020-05-07,10046,161.0,4.0,140.0,Tagesspiegel,DE-SL,Sankt Wendel,87397.0,184.0
2020-05-11,10046,162.0,4.0,140.0,Tagesspiegel,DE-SL,Sankt Wendel,87397.0,184.0
2020-05-13,10046,163.0,4.0,140.0,Tagesspiegel,DE-SL,Sankt Wendel,87397.0,184.0
2020-05-18,10046,165.0,4.0,140.0,Tagesspiegel,DE-SL,Sankt Wendel,87397.0,184.0
2020-05-29,10046,165.0,4.0,140.0,Tagesspiegel,DE-SL,Sankt Wendel,87397.0,184.0
2020-06-02,10046,167.0,5.0,159.0,Tagesspiegel,DE-SL,Sankt Wendel,87397.0,184.0
2020-06-08,10046,168.0,5.0,159.0,Tagesspiegel,DE-SL,Sankt Wendel,87397.0,184.0
2020-06-17,10046,169.0,5.0,161.0,Tagesspiegel,DE-SL,Sankt Wendel,87397.0,184.0
2020-07-01,10046,170.0,5.0,165.0,Tagesspiegel,DE-SL,Sankt Wendel,87397.0,184.0
2020-03-13,14511,4.0,0.0,4.0,RKI,DE-SN,Chemnitz,247237.0,1118.0
2020-03-15,14511,7.0,0.0,7.0,RKI,DE-SN,Chemnitz,247237.0,1118.0
2020-03-16,14511,10.0,0.0,10.0,RKI,DE-SN,Chemnitz,247237.0,1118.0
2020-03-17,14511,12.0,0.0,12.0,RKI,DE-SN,Chemnitz,247237.0,1118.0
2020-03-18,14511,17.0,0.0,17.0,RKI,DE-SN,Chemnitz,247237.0,1118.0
2020-03-19,14511,25.0,0.0,25.0,RKI,DE-SN,Chemnitz,247237.0,1118.0
2020-03-20,14511,37.0,0.0,37.0,RKI,DE-SN,Chemnitz,247237.0,1118.0
2020-03-21,14511,42.0,0.0,42.0,RKI,DE-SN,Chemnitz,247237.0,1118.0
2020-03-22,14511,44.0,1.0,43.0,RKI,DE-SN,Chemnitz,247237.0,1118.0
2020-03-23,14511,47.0,1.0,46.0,RKI,DE-SN,Chemnitz,247237.0,1118.0
2020-03-24,14511,48.0,1.0,47.0,RKI,DE-SN,Chemnitz,247237.0,1118.0
2020-03-25,14511,49.0,1.0,48.0,RKI,DE-SN,Chemnitz,247237.0,1118.0
2020-03-26,14511,57.0,1.0,56.0,RKI,DE-SN,Chemnitz,247237.0,1118.0
2020-03-27,14511,71.0,2.0,69.0,RKI,DE-SN,Chemnitz,247237.0,1118.0
2020-03-28,14511,72.0,2.0,70.0,RKI,DE-SN,Chemnitz,247237.0,1118.0
2020-03-29,14511,83.0,2.0,81.0,RKI,DE-SN,Chemnitz,247237.0,1118.0
2020-03-30,14511,87.0,2.0,85.0,RKI,DE-SN,Chemnitz,247237.0,1118.0
2020-03-31,14511,95.0,3.0,92.0,RKI,DE-SN,Chemnitz,247237.0,1118.0
2020-04-01,14511,106.0,4.0,102.0,RKI,DE-SN,Chemnitz,247237.0,1118.0
2020-04-02,14511,112.0,4.0,108.0,RKI,DE-SN,Chemnitz,247237.0,1118.0
2020-04-03,14511,120.0,5.0,115.0,RKI,DE-SN,Chemnitz,247237.0,1118.0
2020-04-04,14511,122.0,5.0,117.0,RKI,DE-SN,Chemnitz,247237.0,1118.0
2020-04-05,14511,122.0,5.0,117.0,RKI,DE-SN,Chemnitz,247237.0,1118.0
2020-04-06,14511,123.0,5.0,118.0,RKI,DE-SN,Chemnitz,247237.0,1118.0
2020-04-07,14511,148.0,3.0,0.0,Tagesspiegel,DE-SN,Chemnitz,247237.0,1118.0
2020-04-08,14511,133.0,5.0,128.0,RKI,DE-SN,Chemnitz,247237.0,1118.0
2020-04-09,14511,138.0,5.0,133.0,RKI,DE-SN,Chemnitz,247237.0,1118.0
2020-04-10,14511,138.0,5.0,133.0,RKI,DE-SN,Chemnitz,247237.0,1118.0
2020-04-11,14511,140.0,5.0,135.0,RKI,DE-SN,Chemnitz,247237.0,1118.0
2020-04-12,14511,144.0,5.0,139.0,RKI,DE-SN,Chemnitz,247237.0,1118.0
2020-04-13,14511,148.0,5.0,143.0,RKI,DE-SN,Chemnitz,247237.0,1118.0
2020-04-15,14511,151.0,5.0,146.0,RKI,DE-SN,Chemnitz,247237.0,1118.0
2020-04-16,14511,153.0,5.0,148.0,RKI,DE-SN,Chemnitz,247237.0,1118.0
2020-04-18,14511,154.0,5.0,149.0,RKI,DE-SN,Chemnitz,247237.0,1118.0
2020-04-19,14511,154.0,5.0,149.0,RKI,DE-SN,Chemnitz,247237.0,1118.0
2020-04-20,14511,154.0,5.0,149.0,RKI,DE-SN,Chemnitz,247237.0,1118.0
2020-04-21,14511,154.0,5.0,149.0,RKI,DE-SN,Chemnitz,247237.0,1118.0
2020-04-24,14511,154.0,5.0,149.0,RKI,DE-SN,Chemnitz,247237.0,1118.0
2020-04-25,14511,154.0,5.0,149.0,RKI,DE-SN,Chemnitz,247237.0,1118.0
2020-04-30,14511,155.0,5.0,150.0,RKI,DE-SN,Chemnitz,247237.0,1118.0
2020-05-07,14511,155.0,5.0,150.0,RKI,DE-SN,Chemnitz,247237.0,1118.0
2020-05-11,14511,155.0,5.0,150.0,RKI,DE-SN,Chemnitz,247237.0,1118.0
2020-05-14,14511,155.0,5.0,150.0,RKI,DE-SN,Chemnitz,247237.0,1118.0
2020-05-17,14511,155.0,5.0,150.0,RKI,DE-SN,Chemnitz,247237.0,1118.0
2020-05-22,14511,155.0,5.0,150.0,RKI,DE-SN,Chemnitz,247237.0,1118.0
2020-05-26,14511,155.0,5.0,150.0,RKI,DE-SN,Chemnitz,247237.0,1118.0
2020-06-05,14511,204.0,6.0,196.0,Tagesspiegel,DE-SN,Chemnitz,247237.0,1118.0
2020-06-08,14511,206.0,6.0,196.0,Tagesspiegel,DE-SN,Chemnitz,247237.0,1118.0
2020-06-16,14511,207.0,6.0,199.0,Tagesspiegel,DE-SN,Chemnitz,247237.0,1118.0
2020-06-23,14511,210.0,6.0,200.0,Tagesspiegel,DE-SN,Chemnitz,247237.0,1118.0
2020-07-15,14511,211.0,6.0,205.0,Tagesspiegel,DE-SN,Chemnitz,247237.0,1118.0
2020-03-15,14521,5.0,0.0,5.0,RKI,DE-SN,Erzgebirgskreis,337696.0,185.0
2020-03-16,14521,6.0,0.0,6.0,RKI,DE-SN,Erzgebirgskreis,337696.0,185.0
2020-03-17,14521,9.0,0.0,9.0,RKI,DE-SN,Erzgebirgskreis,337696.0,185.0
2020-03-18,14521,17.0,0.0,17.0,RKI,DE-SN,Erzgebirgskreis,337696.0,185.0
2020-03-19,14521,26.0,0.0,26.0,RKI,DE-SN,Erzgebirgskreis,337696.0,185.0
2020-03-20,14521,30.0,0.0,30.0,RKI,DE-SN,Erzgebirgskreis,337696.0,185.0
2020-03-21,14521,41.0,1.0,40.0,RKI,DE-SN,Erzgebirgskreis,337696.0,185.0
2020-03-22,14521,44.0,1.0,43.0,RKI,DE-SN,Erzgebirgskreis,337696.0,185.0
2020-03-23,14521,48.0,1.0,47.0,RKI,DE-SN,Erzgebirgskreis,337696.0,185.0
2020-03-24,14521,50.0,3.0,47.0,RKI,DE-SN,Erzgebirgskreis,337696.0,185.0
2020-03-25,14521,58.0,4.0,54.0,RKI,DE-SN,Erzgebirgskreis,337696.0,185.0
2020-03-26,14521,69.0,5.0,64.0,RKI,DE-SN,Erzgebirgskreis,337696.0,185.0
2020-03-27,14521,83.0,6.0,77.0,RKI,DE-SN,Erzgebirgskreis,337696.0,185.0
2020-03-28,14521,87.0,7.0,80.0,RKI,DE-SN,Erzgebirgskreis,337696.0,185.0
2020-03-29,14521,91.0,7.0,84.0,RKI,DE-SN,Erzgebirgskreis,337696.0,185.0
2020-03-30,14521,104.0,11.0,93.0,RKI,DE-SN,Erzgebirgskreis,337696.0,185.0
2020-03-31,14521,142.0,15.0,127.0,RKI,DE-SN,Erzgebirgskreis,337696.0,185.0
2020-04-01,14521,165.0,15.0,150.0,RKI,DE-SN,Erzgebirgskreis,337696.0,185.0
2020-04-02,14521,247.0,24.0,223.0,RKI,DE-SN,Erzgebirgskreis,337696.0,185.0
2020-04-03,14521,257.0,25.0,232.0,RKI,DE-SN,Erzgebirgskreis,337696.0,185.0
2020-04-04,14521,269.0,26.0,243.0,RKI,DE-SN,Erzgebirgskreis,337696.0,185.0
2020-04-05,14521,280.0,28.0,252.0,RKI,DE-SN,Erzgebirgskreis,337696.0,185.0
2020-04-06,14521,299.0,31.0,268.0,RKI,DE-SN,Erzgebirgskreis,337696.0,185.0
2020-04-07,14521,303.0,10.0,0.0,Tagesspiegel,DE-SN,Erzgebirgskreis,337696.0,185.0
2020-04-08,14521,330.0,32.0,298.0,RKI,DE-SN,Erzgebirgskreis,337696.0,185.0
2020-04-09,14521,338.0,33.0,305.0,RKI,DE-SN,Erzgebirgskreis,337696.0,185.0
2020-04-10,14521,373.0,37.0,336.0,RKI,DE-SN,Erzgebirgskreis,337696.0,185.0
2020-04-11,14521,382.0,39.0,343.0,RKI,DE-SN,Erzgebirgskreis,337696.0,185.0
2020-04-12,14521,390.0,39.0,351.0,RKI,DE-SN,Erzgebirgskreis,337696.0,185.0
2020-04-13,14521,395.0,40.0,355.0,RKI,DE-SN,Erzgebirgskreis,337696.0,185.0
2020-04-14,14521,400.0,41.0,359.0,RKI,DE-SN,Erzgebirgskreis,337696.0,185.0
2020-04-15,14521,405.0,41.0,364.0,RKI,DE-SN,Erzgebirgskreis,337696.0,185.0
2020-04-16,14521,416.0,43.0,373.0,RKI,DE-SN,Erzgebirgskreis,337696.0,185.0
2020-04-17,14521,416.0,43.0,373.0,RKI,DE-SN,Erzgebirgskreis,337696.0,185.0
2020-04-18,14521,430.0,43.0,387.0,RKI,DE-SN,Erzgebirgskreis,337696.0,185.0
2020-04-19,14521,432.0,43.0,389.0,RKI,DE-SN,Erzgebirgskreis,337696.0,185.0
2020-04-20,14521,433.0,43.0,390.0,RKI,DE-SN,Erzgebirgskreis,337696.0,185.0
2020-04-21,14521,436.0,43.0,393.0,RKI,DE-SN,Erzgebirgskreis,337696.0,185.0
2020-04-22,14521,443.0,43.0,400.0,RKI,DE-SN,Erzgebirgskreis,337696.0,185.0
2020-04-23,14521,449.0,43.0,406.0,RKI,DE-SN,Erzgebirgskreis,337696.0,185.0
2020-04-24,14521,457.0,43.0,414.0,RKI,DE-SN,Erzgebirgskreis,337696.0,185.0
2020-04-25,14521,458.0,43.0,415.0,RKI,DE-SN,Erzgebirgskreis,337696.0,185.0
2020-04-26,14521,466.0,43.0,423.0,RKI,DE-SN,Erzgebirgskreis,337696.0,185.0
2020-04-27,14521,466.0,43.0,423.0,RKI,DE-SN,Erzgebirgskreis,337696.0,185.0
2020-04-29,14521,469.0,43.0,426.0,RKI,DE-SN,Erzgebirgskreis,337696.0,185.0
2020-04-30,14521,471.0,43.0,428.0,RKI,DE-SN,Erzgebirgskreis,337696.0,185.0
2020-05-01,14521,471.0,43.0,428.0,RKI,DE-SN,Erzgebirgskreis,337696.0,185.0
2020-05-02,14521,475.0,43.0,432.0,RKI,DE-SN,Erzgebirgskreis,337696.0,185.0
2020-05-03,14521,475.0,43.0,432.0,RKI,DE-SN,Erzgebirgskreis,337696.0,185.0
2020-05-05,14521,480.0,43.0,437.0,RKI,DE-SN,Erzgebirgskreis,337696.0,185.0
2020-05-06,14521,484.0,43.0,441.0,RKI,DE-SN,Erzgebirgskreis,337696.0,185.0
2020-05-07,14521,484.0,43.0,441.0,RKI,DE-SN,Erzgebirgskreis,337696.0,185.0
2020-05-08,14521,485.0,43.0,442.0,RKI,DE-SN,Erzgebirgskreis,337696.0,185.0
2020-05-09,14521,485.0,43.0,442.0,RKI,DE-SN,Erzgebirgskreis,337696.0,185.0
2020-05-11,14521,485.0,43.0,442.0,RKI,DE-SN,Erzgebirgskreis,337696.0,185.0
2020-05-12,14521,486.0,43.0,443.0,RKI,DE-SN,Erzgebirgskreis,337696.0,185.0
2020-05-13,14521,486.0,43.0,443.0,RKI,DE-SN,Erzgebirgskreis,337696.0,185.0
2020-05-14,14521,486.0,43.0,443.0,RKI,DE-SN,Erzgebirgskreis,337696.0,185.0
2020-05-15,14521,487.0,43.0,444.0,RKI,DE-SN,Erzgebirgskreis,337696.0,185.0
2020-05-22,14521,487.0,43.0,444.0,RKI,DE-SN,Erzgebirgskreis,337696.0,185.0
2020-05-24,14521,488.0,43.0,445.0,RKI,DE-SN,Erzgebirgskreis,337696.0,185.0
2020-05-26,14521,488.0,43.0,445.0,RKI,DE-SN,Erzgebirgskreis,337696.0,185.0
2020-06-04,14521,553.0,43.0,505.0,Tagesspiegel,DE-SN,Erzgebirgskreis,337696.0,185.0
2020-06-08,14521,554.0,43.0,505.0,Tagesspiegel,DE-SN,Erzgebirgskreis,337696.0,185.0
2020-06-17,14521,555.0,43.0,505.0,Tagesspiegel,DE-SN,Erzgebirgskreis,337696.0,185.0
2020-07-08,14521,558.0,43.0,505.0,Tagesspiegel,DE-SN,Erzgebirgskreis,337696.0,185.0
2020-07-11,14521,560.0,43.0,505.0,Tagesspiegel,DE-SN,Erzgebirgskreis,337696.0,185.0
2020-03-14,14522,3.0,0.0,3.0,RKI,DE-SN,Mittelsachsen,306185.0,145.0
2020-03-16,14522,6.0,0.0,6.0,RKI,DE-SN,Mittelsachsen,306185.0,145.0
2020-03-17,14522,8.0,0.0,8.0,RKI,DE-SN,Mittelsachsen,306185.0,145.0
2020-03-18,14522,12.0,0.0,12.0,RKI,DE-SN,Mittelsachsen,306185.0,145.0
2020-03-19,14522,19.0,0.0,19.0,RKI,DE-SN,Mittelsachsen,306185.0,145.0
2020-03-20,14522,26.0,0.0,26.0,RKI,DE-SN,Mittelsachsen,306185.0,145.0
2020-03-21,14522,29.0,0.0,29.0,RKI,DE-SN,Mittelsachsen,306185.0,145.0
2020-03-22,14522,29.0,0.0,29.0,RKI,DE-SN,Mittelsachsen,306185.0,145.0
2020-03-23,14522,31.0,0.0,31.0,RKI,DE-SN,Mittelsachsen,306185.0,145.0
2020-03-24,14522,41.0,0.0,41.0,RKI,DE-SN,Mittelsachsen,306185.0,145.0
2020-03-25,14522,47.0,0.0,47.0,RKI,DE-SN,Mittelsachsen,306185.0,145.0
2020-03-26,14522,58.0,0.0,58.0,RKI,DE-SN,Mittelsachsen,306185.0,145.0
2020-03-27,14522,68.0,1.0,67.0,RKI,DE-SN,Mittelsachsen,306185.0,145.0
2020-03-28,14522,82.0,1.0,81.0,RKI,DE-SN,Mittelsachsen,306185.0,145.0
2020-03-29,14522,86.0,1.0,85.0,RKI,DE-SN,Mittelsachsen,306185.0,145.0
2020-03-30,14522,91.0,2.0,89.0,RKI,DE-SN,Mittelsachsen,306185.0,145.0
2020-03-31,14522,102.0,3.0,99.0,RKI,DE-SN,Mittelsachsen,306185.0,145.0
2020-04-01,14522,114.0,4.0,110.0,RKI,DE-SN,Mittelsachsen,306185.0,145.0
2020-04-02,14522,109.0,1.0,76.0,Tagesspiegel,DE-SN,Mittelsachsen,306185.0,145.0
2020-04-03,14522,127.0,1.0,59.0,Tagesspiegel,DE-SN,Mittelsachsen,306185.0,145.0
2020-04-04,14522,141.0,1.0,59.0,Tagesspiegel,DE-SN,Mittelsachsen,306185.0,145.0
2020-04-05,14522,159.0,1.0,59.0,Tagesspiegel,DE-SN,Mittelsachsen,306185.0,145.0
2020-04-06,14522,161.0,1.0,59.0,Tagesspiegel,DE-SN,Mittelsachsen,306185.0,145.0
2020-04-07,14522,164.0,1.0,59.0,Tagesspiegel,DE-SN,Mittelsachsen,306185.0,145.0
2020-04-08,14522,171.0,1.0,59.0,Tagesspiegel,DE-SN,Mittelsachsen,306185.0,145.0
2020-04-09,14522,182.0,1.0,59.0,Tagesspiegel,DE-SN,Mittelsachsen,306185.0,145.0
2020-04-10,14522,202.0,1.0,59.0,Tagesspiegel,DE-SN,Mittelsachsen,306185.0,145.0
2020-04-11,14522,206.0,1.0,59.0,Tagesspiegel,DE-SN,Mittelsachsen,306185.0,145.0
2020-04-12,14522,217.0,1.0,59.0,Tagesspiegel,DE-SN,Mittelsachsen,306185.0,145.0
2020-04-14,14522,222.0,1.0,59.0,Tagesspiegel,DE-SN,Mittelsachsen,306185.0,145.0
2020-04-15,14522,204.0,9.0,195.0,RKI,DE-SN,Mittelsachsen,306185.0,145.0
2020-04-16,14522,210.0,9.0,201.0,RKI,DE-SN,Mittelsachsen,306185.0,145.0
2020-04-18,14522,237.0,3.0,140.0,Tagesspiegel,DE-SN,Mittelsachsen,306185.0,145.0
2020-04-25,14522,241.0,4.0,180.0,Tagesspiegel,DE-SN,Mittelsachsen,306185.0,145.0
2020-04-27,14522,243.0,4.0,180.0,Tagesspiegel,DE-SN,Mittelsachsen,306185.0,145.0
2020-04-29,14522,247.0,4.0,180.0,Tagesspiegel,DE-SN,Mittelsachsen,306185.0,145.0
2020-04-30,14522,247.0,6.0,180.0,Tagesspiegel,DE-SN,Mittelsachsen,306185.0,145.0
2020-05-10,14522,251.0,7.0,240.0,Tagesspiegel,DE-SN,Mittelsachsen,306185.0,145.0
2020-05-14,14522,252.0,7.0,240.0,Tagesspiegel,DE-SN,Mittelsachsen,306185.0,145.0
2020-05-20,14522,255.0,7.0,240.0,Tagesspiegel,DE-SN,Mittelsachsen,306185.0,145.0
2020-05-27,14522,256.0,7.0,240.0,Tagesspiegel,DE-SN,Mittelsachsen,306185.0,145.0
2020-06-03,14522,256.0,9.0,240.0,Tagesspiegel,DE-SN,Mittelsachsen,306185.0,145.0
2020-06-05,14522,259.0,9.0,240.0,Tagesspiegel,DE-SN,Mittelsachsen,306185.0,145.0
2020-06-14,14522,260.0,9.0,247.0,Tagesspiegel,DE-SN,Mittelsachsen,306185.0,145.0
2020-06-16,14522,261.0,9.0,247.0,Tagesspiegel,DE-SN,Mittelsachsen,306185.0,145.0
2020-06-17,14522,261.0,9.0,250.0,Tagesspiegel,DE-SN,Mittelsachsen,306185.0,145.0
2020-06-18,14522,262.0,9.0,250.0,Tagesspiegel,DE-SN,Mittelsachsen,306185.0,145.0
2020-06-19,14522,283.0,9.0,250.0,Tagesspiegel,DE-SN,Mittelsachsen,306185.0,145.0
2020-06-20,14522,283.0,9.0,250.0,Tagesspiegel,DE-SN,Mittelsachsen,306185.0,145.0
2020-06-21,14522,292.0,9.0,250.0,Tagesspiegel,DE-SN,Mittelsachsen,306185.0,145.0
2020-06-25,14522,298.0,9.0,250.0,Tagesspiegel,DE-SN,Mittelsachsen,306185.0,145.0
2020-06-30,14522,302.0,9.0,250.0,Tagesspiegel,DE-SN,Mittelsachsen,306185.0,145.0
2020-07-02,14522,302.0,9.0,267.0,Tagesspiegel,DE-SN,Mittelsachsen,306185.0,145.0
2020-03-17,14523,1.0,0.0,1.0,RKI,DE-SN,Vogtlandkreis,227796.0,161.0
2020-03-18,14523,5.0,0.0,5.0,RKI,DE-SN,Vogtlandkreis,227796.0,161.0
2020-03-19,14523,11.0,0.0,11.0,RKI,DE-SN,Vogtlandkreis,227796.0,161.0
2020-03-20,14523,19.0,0.0,19.0,RKI,DE-SN,Vogtlandkreis,227796.0,161.0
2020-03-21,14523,26.0,0.0,26.0,RKI,DE-SN,Vogtlandkreis,227796.0,161.0
2020-03-23,14523,37.0,0.0,37.0,RKI,DE-SN,Vogtlandkreis,227796.0,161.0
2020-03-24,14523,54.0,0.0,54.0,RKI,DE-SN,Vogtlandkreis,227796.0,161.0
2020-03-25,14523,73.0,1.0,72.0,RKI,DE-SN,Vogtlandkreis,227796.0,161.0
2020-03-26,14523,77.0,2.0,75.0,RKI,DE-SN,Vogtlandkreis,227796.0,161.0
2020-03-27,14523,82.0,2.0,80.0,RKI,DE-SN,Vogtlandkreis,227796.0,161.0
2020-03-28,14523,94.0,2.0,92.0,RKI,DE-SN,Vogtlandkreis,227796.0,161.0
2020-03-29,14523,94.0,2.0,92.0,RKI,DE-SN,Vogtlandkreis,227796.0,161.0
2020-03-30,14523,100.0,2.0,98.0,RKI,DE-SN,Vogtlandkreis,227796.0,161.0
2020-03-31,14523,104.0,2.0,102.0,RKI,DE-SN,Vogtlandkreis,227796.0,161.0
2020-04-01,14523,112.0,2.0,110.0,RKI,DE-SN,Vogtlandkreis,227796.0,161.0
2020-04-02,14523,117.0,1.0,35.0,Tagesspiegel,DE-SN,Vogtlandkreis,227796.0,161.0
2020-04-03,14523,125.0,1.0,39.0,Tagesspiegel,DE-SN,Vogtlandkreis,227796.0,161.0
2020-04-04,14523,131.0,1.0,39.0,Tagesspiegel,DE-SN,Vogtlandkreis,227796.0,161.0
2020-04-05,14523,134.0,1.0,39.0,Tagesspiegel,DE-SN,Vogtlandkreis,227796.0,161.0
2020-04-06,14523,151.0,1.0,39.0,Tagesspiegel,DE-SN,Vogtlandkreis,227796.0,161.0
2020-04-07,14523,161.0,1.0,91.0,Tagesspiegel,DE-SN,Vogtlandkreis,227796.0,161.0
2020-04-08,14523,171.0,1.0,84.0,Tagesspiegel,DE-SN,Vogtlandkreis,227796.0,161.0
2020-04-09,14523,187.0,1.0,84.0,Tagesspiegel,DE-SN,Vogtlandkreis,227796.0,161.0
2020-04-10,14523,195.0,1.0,84.0,Tagesspiegel,DE-SN,Vogtlandkreis,227796.0,161.0
2020-04-11,14523,204.0,1.0,88.0,Tagesspiegel,DE-SN,Vogtlandkreis,227796.0,161.0
2020-04-12,14523,214.0,1.0,96.0,Tagesspiegel,DE-SN,Vogtlandkreis,227796.0,161.0
2020-04-13,14523,217.0,1.0,100.0,Tagesspiegel,DE-SN,Vogtlandkreis,227796.0,161.0
2020-04-14,14523,256.0,1.0,120.0,Tagesspiegel,DE-SN,Vogtlandkreis,227796.0,161.0
2020-04-15,14523,258.0,2.0,124.0,Tagesspiegel,DE-SN,Vogtlandkreis,227796.0,161.0
2020-04-16,14523,268.0,3.0,124.0,Tagesspiegel,DE-SN,Vogtlandkreis,227796.0,161.0
2020-04-17,14523,270.0,4.0,124.0,Tagesspiegel,DE-SN,Vogtlandkreis,227796.0,161.0
2020-04-18,14523,275.0,4.0,127.0,Tagesspiegel,DE-SN,Vogtlandkreis,227796.0,161.0
2020-04-19,14523,277.0,4.0,127.0,Tagesspiegel,DE-SN,Vogtlandkreis,227796.0,161.0
2020-04-20,14523,279.0,4.0,128.0,Tagesspiegel,DE-SN,Vogtlandkreis,227796.0,161.0
2020-04-21,14523,280.0,4.0,129.0,Tagesspiegel,DE-SN,Vogtlandkreis,227796.0,161.0
2020-04-22,14523,285.0,4.0,135.0,Tagesspiegel,DE-SN,Vogtlandkreis,227796.0,161.0
2020-04-23,14523,288.0,5.0,149.0,Tagesspiegel,DE-SN,Vogtlandkreis,227796.0,161.0
2020-04-24,14523,298.0,5.0,149.0,Tagesspiegel,DE-SN,Vogtlandkreis,227796.0,161.0
2020-04-25,14523,300.0,5.0,152.0,Tagesspiegel,DE-SN,Vogtlandkreis,227796.0,161.0
2020-04-26,14523,305.0,5.0,155.0,Tagesspiegel,DE-SN,Vogtlandkreis,227796.0,161.0
2020-04-28,14523,312.0,6.0,162.0,Tagesspiegel,DE-SN,Vogtlandkreis,227796.0,161.0
2020-04-29,14523,312.0,6.0,167.0,Tagesspiegel,DE-SN,Vogtlandkreis,227796.0,161.0
2020-04-30,14523,317.0,7.0,169.0,Tagesspiegel,DE-SN,Vogtlandkreis,227796.0,161.0
2020-05-01,14523,323.0,7.0,169.0,Tagesspiegel,DE-SN,Vogtlandkreis,227796.0,161.0
2020-05-02,14523,337.0,8.0,169.0,Tagesspiegel,DE-SN,Vogtlandkreis,227796.0,161.0
2020-05-03,14523,347.0,8.0,169.0,Tagesspiegel,DE-SN,Vogtlandkreis,227796.0,161.0
2020-05-04,14523,358.0,9.0,169.0,Tagesspiegel,DE-SN,Vogtlandkreis,227796.0,161.0
2020-05-05,14523,361.0,9.0,169.0,Tagesspiegel,DE-SN,Vogtlandkreis,227796.0,161.0
2020-05-06,14523,365.0,10.0,186.0,Tagesspiegel,DE-SN,Vogtlandkreis,227796.0,161.0
2020-05-07,14523,370.0,10.0,189.0,Tagesspiegel,DE-SN,Vogtlandkreis,227796.0,161.0
2020-05-08,14523,377.0,10.0,194.0,Tagesspiegel,DE-SN,Vogtlandkreis,227796.0,161.0
2020-05-09,14523,383.0,10.0,195.0,Tagesspiegel,DE-SN,Vogtlandkreis,227796.0,161.0
2020-05-10,14523,389.0,10.0,195.0,Tagesspiegel,DE-SN,Vogtlandkreis,227796.0,161.0
2020-05-11,14523,398.0,10.0,195.0,Tagesspiegel,DE-SN,Vogtlandkreis,227796.0,161.0
2020-05-12,14523,401.0,13.0,195.0,Tagesspiegel,DE-SN,Vogtlandkreis,227796.0,161.0
2020-05-13,14523,402.0,13.0,195.0,Tagesspiegel,DE-SN,Vogtlandkreis,227796.0,161.0
2020-05-14,14523,405.0,13.0,216.0,Tagesspiegel,DE-SN,Vogtlandkreis,227796.0,161.0
2020-05-15,14523,414.0,13.0,216.0,Tagesspiegel,DE-SN,Vogtlandkreis,227796.0,161.0
2020-05-16,14523,419.0,13.0,222.0,Tagesspiegel,DE-SN,Vogtlandkreis,227796.0,161.0
2020-05-18,14523,424.0,14.0,239.0,Tagesspiegel,DE-SN,Vogtlandkreis,227796.0,161.0
2020-05-19,14523,424.0,14.0,249.0,Tagesspiegel,DE-SN,Vogtlandkreis,227796.0,161.0
2020-05-20,14523,425.0,14.0,249.0,Tagesspiegel,DE-SN,Vogtlandkreis,227796.0,161.0
2020-05-21,14523,429.0,14.0,276.0,Tagesspiegel,DE-SN,Vogtlandkreis,227796.0,161.0
2020-05-22,14523,441.0,15.0,286.0,Tagesspiegel,DE-SN,Vogtlandkreis,227796.0,161.0
2020-05-23,14523,445.0,15.0,286.0,Tagesspiegel,DE-SN,Vogtlandkreis,227796.0,161.0
2020-05-24,14523,449.0,15.0,286.0,Tagesspiegel,DE-SN,Vogtlandkreis,227796.0,161.0
2020-05-25,14523,452.0,15.0,286.0,Tagesspiegel,DE-SN,Vogtlandkreis,227796.0,161.0
2020-05-26,14523,453.0,15.0,288.0,Tagesspiegel,DE-SN,Vogtlandkreis,227796.0,161.0
2020-05-27,14523,456.0,16.0,289.0,Tagesspiegel,DE-SN,Vogtlandkreis,227796.0,161.0
2020-05-28,14523,460.0,16.0,290.0,Tagesspiegel,DE-SN,Vogtlandkreis,227796.0,161.0
2020-05-29,14523,471.0,16.0,290.0,Tagesspiegel,DE-SN,Vogtlandkreis,227796.0,161.0
2020-05-30,14523,472.0,16.0,290.0,Tagesspiegel,DE-SN,Vogtlandkreis,227796.0,161.0
2020-06-03,14523,477.0,16.0,310.0,Tagesspiegel,DE-SN,Vogtlandkreis,227796.0,161.0
2020-06-04,14523,477.0,16.0,312.0,Tagesspiegel,DE-SN,Vogtlandkreis,227796.0,161.0
2020-06-05,14523,481.0,18.0,312.0,Tagesspiegel,DE-SN,Vogtlandkreis,227796.0,161.0
2020-06-06,14523,485.0,18.0,312.0,Tagesspiegel,DE-SN,Vogtlandkreis,227796.0,161.0
2020-06-09,14523,486.0,21.0,317.0,Tagesspiegel,DE-SN,Vogtlandkreis,227796.0,161.0
2020-06-10,14523,486.0,21.0,317.0,Tagesspiegel,DE-SN,Vogtlandkreis,227796.0,161.0
2020-06-15,14523,488.0,21.0,351.0,Tagesspiegel,DE-SN,Vogtlandkreis,227796.0,161.0
2020-06-16,14523,488.0,21.0,351.0,Tagesspiegel,DE-SN,Vogtlandkreis,227796.0,161.0
2020-06-17,14523,489.0,21.0,384.0,Tagesspiegel,DE-SN,Vogtlandkreis,227796.0,161.0
2020-06-18,14523,492.0,21.0,419.0,Tagesspiegel,DE-SN,Vogtlandkreis,227796.0,161.0
2020-06-19,14523,501.0,21.0,419.0,Tagesspiegel,DE-SN,Vogtlandkreis,227796.0,161.0
2020-06-21,14523,503.0,21.0,419.0,Tagesspiegel,DE-SN,Vogtlandkreis,227796.0,161.0
2020-06-23,14523,506.0,22.0,420.0,Tagesspiegel,DE-SN,Vogtlandkreis,227796.0,161.0
2020-06-24,14523,506.0,22.0,420.0,Tagesspiegel,DE-SN,Vogtlandkreis,227796.0,161.0
2020-06-28,14523,508.0,22.0,432.0,Tagesspiegel,DE-SN,Vogtlandkreis,227796.0,161.0
2020-07-13,14523,509.0,22.0,483.0,Tagesspiegel,DE-SN,Vogtlandkreis,227796.0,161.0
2020-03-13,14524,2.0,0.0,2.0,RKI,DE-SN,Zwickau,317531.0,334.0
2020-03-14,14524,7.0,1.0,6.0,RKI,DE-SN,Zwickau,317531.0,334.0
2020-03-15,14524,10.0,1.0,9.0,RKI,DE-SN,Zwickau,317531.0,334.0
2020-03-16,14524,13.0,1.0,12.0,RKI,DE-SN,Zwickau,317531.0,334.0
2020-03-17,14524,29.0,1.0,28.0,RKI,DE-SN,Zwickau,317531.0,334.0
2020-03-18,14524,60.0,1.0,59.0,RKI,DE-SN,Zwickau,317531.0,334.0
2020-03-19,14524,101.0,1.0,100.0,RKI,DE-SN,Zwickau,317531.0,334.0
2020-03-20,14524,126.0,1.0,125.0,RKI,DE-SN,Zwickau,317531.0,334.0
2020-03-21,14524,145.0,1.0,144.0,RKI,DE-SN,Zwickau,317531.0,334.0
2020-03-22,14524,151.0,1.0,150.0,RKI,DE-SN,Zwickau,317531.0,334.0
2020-03-23,14524,170.0,3.0,167.0,RKI,DE-SN,Zwickau,317531.0,334.0
2020-03-24,14524,200.0,4.0,196.0,RKI,DE-SN,Zwickau,317531.0,334.0
2020-03-25,14524,228.0,6.0,222.0,RKI,DE-SN,Zwickau,317531.0,334.0
2020-03-26,14524,249.0,7.0,242.0,RKI,DE-SN,Zwickau,317531.0,334.0
2020-03-27,14524,274.0,8.0,266.0,RKI,DE-SN,Zwickau,317531.0,334.0
2020-03-28,14524,308.0,10.0,298.0,RKI,DE-SN,Zwickau,317531.0,334.0
2020-03-29,14524,321.0,11.0,310.0,RKI,DE-SN,Zwickau,317531.0,334.0
2020-03-30,14524,334.0,11.0,323.0,RKI,DE-SN,Zwickau,317531.0,334.0
2020-03-31,14524,358.0,17.0,341.0,RKI,DE-SN,Zwickau,317531.0,334.0
2020-04-01,14524,377.0,17.0,360.0,RKI,DE-SN,Zwickau,317531.0,334.0
2020-04-02,14524,418.0,21.0,397.0,RKI,DE-SN,Zwickau,317531.0,334.0
2020-04-03,14524,457.0,22.0,435.0,RKI,DE-SN,Zwickau,317531.0,334.0
2020-04-04,14524,480.0,26.0,454.0,RKI,DE-SN,Zwickau,317531.0,334.0
2020-04-05,14524,481.0,27.0,454.0,RKI,DE-SN,Zwickau,317531.0,334.0
2020-04-06,14524,484.0,28.0,456.0,RKI,DE-SN,Zwickau,317531.0,334.0
2020-04-07,14524,510.0,13.0,0.0,Tagesspiegel,DE-SN,Zwickau,317531.0,334.0
2020-04-08,14524,544.0,33.0,511.0,RKI,DE-SN,Zwickau,317531.0,334.0
2020-04-09,14524,549.0,34.0,515.0,RKI,DE-SN,Zwickau,317531.0,334.0
2020-04-10,14524,566.0,35.0,531.0,RKI,DE-SN,Zwickau,317531.0,334.0
2020-04-11,14524,579.0,36.0,543.0,RKI,DE-SN,Zwickau,317531.0,334.0
2020-04-12,14524,586.0,36.0,550.0,RKI,DE-SN,Zwickau,317531.0,334.0
2020-04-13,14524,601.0,41.0,560.0,RKI,DE-SN,Zwickau,317531.0,334.0
2020-04-14,14524,620.0,43.0,577.0,RKI,DE-SN,Zwickau,317531.0,334.0
2020-04-15,14524,628.0,43.0,585.0,RKI,DE-SN,Zwickau,317531.0,334.0
2020-04-16,14524,646.0,43.0,603.0,RKI,DE-SN,Zwickau,317531.0,334.0
2020-04-17,14524,648.0,43.0,605.0,RKI,DE-SN,Zwickau,317531.0,334.0
2020-04-18,14524,656.0,43.0,613.0,RKI,DE-SN,Zwickau,317531.0,334.0
2020-04-19,14524,663.0,43.0,620.0,RKI,DE-SN,Zwickau,317531.0,334.0
2020-04-21,14524,671.0,43.0,628.0,RKI,DE-SN,Zwickau,317531.0,334.0
2020-04-22,14524,678.0,43.0,635.0,RKI,DE-SN,Zwickau,317531.0,334.0
2020-04-23,14524,717.0,29.0,352.0,Tagesspiegel,DE-SN,Zwickau,317531.0,334.0
2020-04-24,14524,724.0,31.0,352.0,Tagesspiegel,DE-SN,Zwickau,317531.0,334.0
2020-04-25,14524,730.0,31.0,352.0,Tagesspiegel,DE-SN,Zwickau,317531.0,334.0
2020-04-27,14524,738.0,33.0,352.0,Tagesspiegel,DE-SN,Zwickau,317531.0,334.0
2020-04-28,14524,741.0,34.0,352.0,Tagesspiegel,DE-SN,Zwickau,317531.0,334.0
2020-04-29,14524,745.0,34.0,352.0,Tagesspiegel,DE-SN,Zwickau,317531.0,334.0
2020-04-30,14524,752.0,37.0,352.0,Tagesspiegel,DE-SN,Zwickau,317531.0,334.0
2020-05-01,14524,763.0,37.0,352.0,Tagesspiegel,DE-SN,Zwickau,317531.0,334.0
2020-05-02,14524,764.0,37.0,352.0,Tagesspiegel,DE-SN,Zwickau,317531.0,334.0
2020-05-03,14524,769.0,37.0,352.0,Tagesspiegel,DE-SN,Zwickau,317531.0,334.0
2020-05-05,14524,773.0,39.0,352.0,Tagesspiegel,DE-SN,Zwickau,317531.0,334.0
2020-05-06,14524,777.0,39.0,352.0,Tagesspiegel,DE-SN,Zwickau,317531.0,334.0
2020-05-07,14524,794.0,42.0,352.0,Tagesspiegel,DE-SN,Zwickau,317531.0,334.0
2020-05-08,14524,798.0,43.0,352.0,Tagesspiegel,DE-SN,Zwickau,317531.0,334.0
2020-05-09,14524,804.0,43.0,352.0,Tagesspiegel,DE-SN,Zwickau,317531.0,334.0
2020-05-10,14524,810.0,43.0,352.0,Tagesspiegel,DE-SN,Zwickau,317531.0,334.0
2020-05-11,14524,810.0,43.0,352.0,Tagesspiegel,DE-SN,Zwickau,317531.0,334.0
2020-05-12,14524,814.0,44.0,496.0,Tagesspiegel,DE-SN,Zwickau,317531.0,334.0
2020-05-13,14524,818.0,45.0,496.0,Tagesspiegel,DE-SN,Zwickau,317531.0,334.0
2020-05-14,14524,771.0,52.0,719.0,RKI,DE-SN,Zwickau,317531.0,334.0
2020-05-15,14524,773.0,52.0,721.0,RKI,DE-SN,Zwickau,317531.0,334.0
2020-05-16,14524,777.0,52.0,725.0,RKI,DE-SN,Zwickau,317531.0,334.0
2020-05-17,14524,777.0,52.0,725.0,RKI,DE-SN,Zwickau,317531.0,334.0
2020-05-19,14524,780.0,52.0,728.0,RKI,DE-SN,Zwickau,317531.0,334.0
2020-05-20,14524,784.0,52.0,732.0,RKI,DE-SN,Zwickau,317531.0,334.0
2020-05-21,14524,785.0,52.0,733.0,RKI,DE-SN,Zwickau,317531.0,334.0
2020-05-23,14524,785.0,52.0,733.0,RKI,DE-SN,Zwickau,317531.0,334.0
2020-05-25,14524,785.0,52.0,733.0,RKI,DE-SN,Zwickau,317531.0,334.0
2020-05-26,14524,788.0,52.0,736.0,RKI,DE-SN,Zwickau,317531.0,334.0
2020-05-28,14524,792.0,52.0,740.0,RKI,DE-SN,Zwickau,317531.0,334.0
2020-05-29,14524,793.0,52.0,741.0,RKI,DE-SN,Zwickau,317531.0,334.0
2020-05-30,14524,794.0,52.0,742.0,RKI,DE-SN,Zwickau,317531.0,334.0
2020-06-03,14524,871.0,50.0,787.0,Tagesspiegel,DE-SN,Zwickau,317531.0,334.0
2020-06-04,14524,871.0,50.0,787.0,Tagesspiegel,DE-SN,Zwickau,317531.0,334.0
2020-06-09,14524,876.0,50.0,803.0,Tagesspiegel,DE-SN,Zwickau,317531.0,334.0
2020-06-10,14524,876.0,51.0,807.0,Tagesspiegel,DE-SN,Zwickau,317531.0,334.0
2020-06-16,14524,879.0,51.0,819.0,Tagesspiegel,DE-SN,Zwickau,317531.0,334.0
2020-06-17,14524,879.0,51.0,821.0,Tagesspiegel,DE-SN,Zwickau,317531.0,334.0
2020-06-19,14524,882.0,51.0,823.0,Tagesspiegel,DE-SN,Zwickau,317531.0,334.0
2020-06-27,14524,884.0,51.0,824.0,Tagesspiegel,DE-SN,Zwickau,317531.0,334.0
2020-06-28,14524,884.0,51.0,828.0,Tagesspiegel,DE-SN,Zwickau,317531.0,334.0
2020-07-14,14524,886.0,52.0,834.0,Tagesspiegel,DE-SN,Zwickau,317531.0,334.0
2020-03-09,14612,1.0,0.0,1.0,RKI,DE-SN,Dresden,554649.0,1689.0
2020-03-10,14612,2.0,0.0,2.0,RKI,DE-SN,Dresden,554649.0,1689.0
2020-03-11,14612,5.0,0.0,5.0,RKI,DE-SN,Dresden,554649.0,1689.0
2020-03-12,14612,11.0,0.0,11.0,RKI,DE-SN,Dresden,554649.0,1689.0
2020-03-13,14612,17.0,0.0,17.0,RKI,DE-SN,Dresden,554649.0,1689.0
2020-03-14,14612,26.0,0.0,26.0,RKI,DE-SN,Dresden,554649.0,1689.0
2020-03-15,14612,29.0,0.0,29.0,RKI,DE-SN,Dresden,554649.0,1689.0
2020-03-16,14612,33.0,0.0,33.0,RKI,DE-SN,Dresden,554649.0,1689.0
2020-03-17,14612,49.0,0.0,49.0,RKI,DE-SN,Dresden,554649.0,1689.0
2020-03-18,14612,63.0,0.0,63.0,RKI,DE-SN,Dresden,554649.0,1689.0
2020-03-19,14612,90.0,1.0,89.0,RKI,DE-SN,Dresden,554649.0,1689.0
2020-03-20,14612,110.0,3.0,107.0,RKI,DE-SN,Dresden,554649.0,1689.0
2020-03-21,14612,144.0,3.0,141.0,RKI,DE-SN,Dresden,554649.0,1689.0
2020-03-23,14612,159.0,3.0,156.0,RKI,DE-SN,Dresden,554649.0,1689.0
2020-03-24,14612,199.0,4.0,195.0,RKI,DE-SN,Dresden,554649.0,1689.0
2020-03-25,14612,211.0,4.0,207.0,RKI,DE-SN,Dresden,554649.0,1689.0
2020-03-26,14612,244.0,4.0,240.0,RKI,DE-SN,Dresden,554649.0,1689.0
2020-03-27,14612,279.0,5.0,274.0,RKI,DE-SN,Dresden,554649.0,1689.0
2020-03-28,14612,302.0,5.0,297.0,RKI,DE-SN,Dresden,554649.0,1689.0
2020-03-29,14612,310.0,5.0,305.0,RKI,DE-SN,Dresden,554649.0,1689.0
2020-03-30,14612,327.0,6.0,321.0,RKI,DE-SN,Dresden,554649.0,1689.0
2020-03-31,14612,345.0,6.0,339.0,RKI,DE-SN,Dresden,554649.0,1689.0
2020-04-01,14612,365.0,6.0,359.0,RKI,DE-SN,Dresden,554649.0,1689.0
2020-04-02,14612,374.0,6.0,368.0,RKI,DE-SN,Dresden,554649.0,1689.0
2020-04-03,14612,399.0,6.0,393.0,RKI,DE-SN,Dresden,554649.0,1689.0
2020-04-04,14612,417.0,6.0,411.0,RKI,DE-SN,Dresden,554649.0,1689.0
2020-04-05,14612,420.0,6.0,414.0,RKI,DE-SN,Dresden,554649.0,1689.0
2020-04-06,14612,448.0,4.0,642.0,Tagesspiegel,DE-SN,Dresden,554649.0,1689.0
2020-04-07,14612,455.0,4.0,0.0,Tagesspiegel,DE-SN,Dresden,554649.0,1689.0
2020-04-08,14612,439.0,6.0,433.0,RKI,DE-SN,Dresden,554649.0,1689.0
2020-04-09,14612,445.0,6.0,439.0,RKI,DE-SN,Dresden,554649.0,1689.0
2020-04-11,14612,448.0,6.0,442.0,RKI,DE-SN,Dresden,554649.0,1689.0
2020-04-12,14612,451.0,6.0,445.0,RKI,DE-SN,Dresden,554649.0,1689.0
2020-04-13,14612,451.0,6.0,445.0,RKI,DE-SN,Dresden,554649.0,1689.0
2020-04-14,14612,455.0,6.0,449.0,RKI,DE-SN,Dresden,554649.0,1689.0
2020-04-15,14612,462.0,7.0,455.0,RKI,DE-SN,Dresden,554649.0,1689.0
2020-04-16,14612,463.0,7.0,456.0,RKI,DE-SN,Dresden,554649.0,1689.0
2020-04-17,14612,479.0,10.0,469.0,RKI,DE-SN,Dresden,554649.0,1689.0
2020-04-19,14612,479.0,10.0,469.0,RKI,DE-SN,Dresden,554649.0,1689.0
2020-04-20,14612,481.0,10.0,471.0,RKI,DE-SN,Dresden,554649.0,1689.0
2020-04-21,14612,488.0,10.0,478.0,RKI,DE-SN,Dresden,554649.0,1689.0
2020-04-22,14612,491.0,10.0,481.0,RKI,DE-SN,Dresden,554649.0,1689.0
2020-04-23,14612,533.0,6.0,434.0,Tagesspiegel,DE-SN,Dresden,554649.0,1689.0
2020-04-24,14612,538.0,6.0,448.0,Tagesspiegel,DE-SN,Dresden,554649.0,1689.0
2020-04-25,14612,541.0,6.0,449.0,Tagesspiegel,DE-SN,Dresden,554649.0,1689.0
2020-04-26,14612,546.0,6.0,460.0,Tagesspiegel,DE-SN,Dresden,554649.0,1689.0
2020-04-28,14612,554.0,6.0,472.0,Tagesspiegel,DE-SN,Dresden,554649.0,1689.0
2020-04-29,14612,555.0,6.0,472.0,Tagesspiegel,DE-SN,Dresden,554649.0,1689.0
2020-04-30,14612,559.0,7.0,481.0,Tagesspiegel,DE-SN,Dresden,554649.0,1689.0
2020-05-01,14612,561.0,7.0,500.0,Tagesspiegel,DE-SN,Dresden,554649.0,1689.0
2020-05-02,14612,569.0,7.0,503.0,Tagesspiegel,DE-SN,Dresden,554649.0,1689.0
2020-05-03,14612,568.0,7.0,504.0,Tagesspiegel,DE-SN,Dresden,554649.0,1689.0
2020-05-05,14612,571.0,7.0,508.0,Tagesspiegel,DE-SN,Dresden,554649.0,1689.0
2020-05-06,14612,576.0,8.0,523.0,Tagesspiegel,DE-SN,Dresden,554649.0,1689.0
2020-05-07,14612,579.0,9.0,525.0,Tagesspiegel,DE-SN,Dresden,554649.0,1689.0
2020-05-08,14612,584.0,9.0,531.0,Tagesspiegel,DE-SN,Dresden,554649.0,1689.0
2020-05-09,14612,586.0,9.0,534.0,Tagesspiegel,DE-SN,Dresden,554649.0,1689.0
2020-05-11,14612,594.0,9.0,539.0,Tagesspiegel,DE-SN,Dresden,554649.0,1689.0
2020-05-13,14612,594.0,9.0,547.0,Tagesspiegel,DE-SN,Dresden,554649.0,1689.0
2020-05-14,14612,595.0,9.0,547.0,Tagesspiegel,DE-SN,Dresden,554649.0,1689.0
2020-05-15,14612,596.0,9.0,552.0,Tagesspiegel,DE-SN,Dresden,554649.0,1689.0
2020-05-18,14612,605.0,9.0,555.0,Tagesspiegel,DE-SN,Dresden,554649.0,1689.0
2020-05-19,14612,606.0,9.0,563.0,Tagesspiegel,DE-SN,Dresden,554649.0,1689.0
2020-05-20,14612,609.0,9.0,567.0,Tagesspiegel,DE-SN,Dresden,554649.0,1689.0
2020-05-21,14612,613.0,9.0,567.0,Tagesspiegel,DE-SN,Dresden,554649.0,1689.0
2020-05-26,14612,618.0,10.0,579.0,Tagesspiegel,DE-SN,Dresden,554649.0,1689.0
2020-05-27,14612,619.0,10.0,581.0,Tagesspiegel,DE-SN,Dresden,554649.0,1689.0
2020-05-28,14612,620.0,10.0,586.0,Tagesspiegel,DE-SN,Dresden,554649.0,1689.0
2020-06-06,14612,623.0,10.0,603.0,Tagesspiegel,DE-SN,Dresden,554649.0,1689.0
2020-06-12,14612,624.0,10.0,611.0,Tagesspiegel,DE-SN,Dresden,554649.0,1689.0
2020-06-23,14612,625.0,10.0,614.0,Tagesspiegel,DE-SN,Dresden,554649.0,1689.0
2020-07-08,14612,627.0,10.0,615.0,Tagesspiegel,DE-SN,Dresden,554649.0,1689.0
2020-07-13,14612,628.0,10.0,615.0,Tagesspiegel,DE-SN,Dresden,554649.0,1689.0
2020-07-16,14612,629.0,10.0,615.0,Tagesspiegel,DE-SN,Dresden,554649.0,1689.0
2020-03-08,14625,2.0,0.0,2.0,RKI,DE-SN,Bautzen,300880.0,126.0
2020-03-10,14625,6.0,0.0,6.0,RKI,DE-SN,Bautzen,300880.0,126.0
2020-03-11,14625,7.0,0.0,7.0,RKI,DE-SN,Bautzen,300880.0,126.0
2020-03-12,14625,7.0,0.0,7.0,RKI,DE-SN,Bautzen,300880.0,126.0
2020-03-13,14625,9.0,1.0,8.0,RKI,DE-SN,Bautzen,300880.0,126.0
2020-03-14,14625,9.0,1.0,8.0,RKI,DE-SN,Bautzen,300880.0,126.0
2020-03-15,14625,9.0,1.0,8.0,RKI,DE-SN,Bautzen,300880.0,126.0
2020-03-16,14625,10.0,1.0,9.0,RKI,DE-SN,Bautzen,300880.0,126.0
2020-03-17,14625,19.0,1.0,18.0,RKI,DE-SN,Bautzen,300880.0,126.0
2020-03-18,14625,30.0,1.0,29.0,RKI,DE-SN,Bautzen,300880.0,126.0
2020-03-19,14625,35.0,1.0,34.0,RKI,DE-SN,Bautzen,300880.0,126.0
2020-03-20,14625,51.0,1.0,50.0,RKI,DE-SN,Bautzen,300880.0,126.0
2020-03-21,14625,62.0,1.0,61.0,RKI,DE-SN,Bautzen,300880.0,126.0
2020-03-22,14625,71.0,1.0,70.0,RKI,DE-SN,Bautzen,300880.0,126.0
2020-03-23,14625,76.0,1.0,75.0,RKI,DE-SN,Bautzen,300880.0,126.0
2020-03-24,14625,88.0,1.0,87.0,RKI,DE-SN,Bautzen,300880.0,126.0
2020-03-25,14625,98.0,1.0,97.0,RKI,DE-SN,Bautzen,300880.0,126.0
2020-03-26,14625,118.0,1.0,117.0,RKI,DE-SN,Bautzen,300880.0,126.0
2020-03-27,14625,130.0,1.0,129.0,RKI,DE-SN,Bautzen,300880.0,126.0
2020-03-28,14625,145.0,1.0,144.0,RKI,DE-SN,Bautzen,300880.0,126.0
2020-03-29,14625,145.0,1.0,144.0,RKI,DE-SN,Bautzen,300880.0,126.0
2020-03-30,14625,168.0,1.0,13.0,Tagesspiegel,DE-SN,Bautzen,300880.0,126.0
2020-03-31,14625,171.0,1.0,17.0,Tagesspiegel,DE-SN,Bautzen,300880.0,126.0
2020-04-01,14625,180.0,2.0,22.0,Tagesspiegel,DE-SN,Bautzen,300880.0,126.0
2020-04-02,14625,189.0,2.0,24.0,Tagesspiegel,DE-SN,Bautzen,300880.0,126.0
2020-04-03,14625,193.0,2.0,31.0,Tagesspiegel,DE-SN,Bautzen,300880.0,126.0
2020-04-04,14625,202.0,2.0,39.0,Tagesspiegel,DE-SN,Bautzen,300880.0,126.0
2020-04-05,14625,206.0,2.0,43.0,Tagesspiegel,DE-SN,Bautzen,300880.0,126.0
2020-04-07,14625,215.0,3.0,61.0,Tagesspiegel,DE-SN,Bautzen,300880.0,126.0
2020-04-08,14625,222.0,3.0,79.0,Tagesspiegel,DE-SN,Bautzen,300880.0,126.0
2020-04-09,14625,231.0,3.0,100.0,Tagesspiegel,DE-SN,Bautzen,300880.0,126.0
2020-04-10,14625,242.0,3.0,104.0,Tagesspiegel,DE-SN,Bautzen,300880.0,126.0
2020-04-11,14625,269.0,4.0,110.0,Tagesspiegel,DE-SN,Bautzen,300880.0,126.0
2020-04-12,14625,284.0,4.0,110.0,Tagesspiegel,DE-SN,Bautzen,300880.0,126.0
2020-04-13,14625,289.0,4.0,121.0,Tagesspiegel,DE-SN,Bautzen,300880.0,126.0
2020-04-14,14625,294.0,5.0,144.0,Tagesspiegel,DE-SN,Bautzen,300880.0,126.0
2020-04-15,14625,297.0,5.0,150.0,Tagesspiegel,DE-SN,Bautzen,300880.0,126.0
2020-04-16,14625,304.0,5.0,158.0,Tagesspiegel,DE-SN,Bautzen,300880.0,126.0
2020-04-17,14625,308.0,5.0,180.0,Tagesspiegel,DE-SN,Bautzen,300880.0,126.0
2020-04-18,14625,318.0,7.0,182.0,Tagesspiegel,DE-SN,Bautzen,300880.0,126.0
2020-04-19,14625,322.0,7.0,187.0,Tagesspiegel,DE-SN,Bautzen,300880.0,126.0
2020-04-20,14625,326.0,7.0,190.0,Tagesspiegel,DE-SN,Bautzen,300880.0,126.0
2020-04-21,14625,326.0,10.0,192.0,Tagesspiegel,DE-SN,Bautzen,300880.0,126.0
2020-04-22,14625,329.0,10.0,206.0,Tagesspiegel,DE-SN,Bautzen,300880.0,126.0
2020-04-23,14625,340.0,10.0,206.0,Tagesspiegel,DE-SN,Bautzen,300880.0,126.0
2020-04-24,14625,341.0,12.0,218.0,Tagesspiegel,DE-SN,Bautzen,300880.0,126.0
2020-04-25,14625,345.0,12.0,231.0,Tagesspiegel,DE-SN,Bautzen,300880.0,126.0
2020-04-28,14625,347.0,12.0,243.0,Tagesspiegel,DE-SN,Bautzen,300880.0,126.0
2020-04-29,14625,348.0,12.0,248.0,Tagesspiegel,DE-SN,Bautzen,300880.0,126.0
2020-04-30,14625,351.0,12.0,255.0,Tagesspiegel,DE-SN,Bautzen,300880.0,126.0
2020-05-02,14625,358.0,13.0,261.0,Tagesspiegel,DE-SN,Bautzen,300880.0,126.0
2020-05-04,14625,358.0,13.0,261.0,Tagesspiegel,DE-SN,Bautzen,300880.0,126.0
2020-05-05,14625,358.0,13.0,261.0,Tagesspiegel,DE-SN,Bautzen,300880.0,126.0
2020-05-06,14625,361.0,13.0,286.0,Tagesspiegel,DE-SN,Bautzen,300880.0,126.0
2020-05-07,14625,374.0,13.0,292.0,Tagesspiegel,DE-SN,Bautzen,300880.0,126.0
2020-05-08,14625,383.0,13.0,296.0,Tagesspiegel,DE-SN,Bautzen,300880.0,126.0
2020-05-09,14625,407.0,13.0,297.0,Tagesspiegel,DE-SN,Bautzen,300880.0,126.0
2020-05-11,14625,417.0,13.0,297.0,Tagesspiegel,DE-SN,Bautzen,300880.0,126.0
2020-05-12,14625,418.0,13.0,309.0,Tagesspiegel,DE-SN,Bautzen,300880.0,126.0
2020-05-13,14625,427.0,13.0,309.0,Tagesspiegel,DE-SN,Bautzen,300880.0,126.0
2020-05-14,14625,439.0,13.0,320.0,Tagesspiegel,DE-SN,Bautzen,300880.0,126.0
2020-05-15,14625,448.0,13.0,320.0,Tagesspiegel,DE-SN,Bautzen,300880.0,126.0
2020-05-16,14625,453.0,14.0,322.0,Tagesspiegel,DE-SN,Bautzen,300880.0,126.0
2020-05-18,14625,458.0,15.0,329.0,Tagesspiegel,DE-SN,Bautzen,300880.0,126.0
2020-05-19,14625,458.0,15.0,334.0,Tagesspiegel,DE-SN,Bautzen,300880.0,126.0
2020-05-20,14625,469.0,16.0,347.0,Tagesspiegel,DE-SN,Bautzen,300880.0,126.0
2020-05-21,14625,475.0,16.0,347.0,Tagesspiegel,DE-SN,Bautzen,300880.0,126.0
2020-05-23,14625,480.0,16.0,356.0,Tagesspiegel,DE-SN,Bautzen,300880.0,126.0
2020-05-24,14625,481.0,16.0,356.0,Tagesspiegel,DE-SN,Bautzen,300880.0,126.0
2020-05-25,14625,481.0,16.0,356.0,Tagesspiegel,DE-SN,Bautzen,300880.0,126.0
2020-05-26,14625,482.0,19.0,364.0,Tagesspiegel,DE-SN,Bautzen,300880.0,126.0
2020-05-27,14625,485.0,19.0,367.0,Tagesspiegel,DE-SN,Bautzen,300880.0,126.0
2020-05-28,14625,486.0,19.0,409.0,Tagesspiegel,DE-SN,Bautzen,300880.0,126.0
2020-05-29,14625,493.0,19.0,422.0,Tagesspiegel,DE-SN,Bautzen,300880.0,126.0
2020-06-04,14625,496.0,19.0,449.0,Tagesspiegel,DE-SN,Bautzen,300880.0,126.0
2020-06-05,14625,496.0,19.0,449.0,Tagesspiegel,DE-SN,Bautzen,300880.0,126.0
2020-06-06,14625,497.0,19.0,449.0,Tagesspiegel,DE-SN,Bautzen,300880.0,126.0
2020-06-12,14625,499.0,19.0,469.0,Tagesspiegel,DE-SN,Bautzen,300880.0,126.0
2020-06-17,14625,500.0,19.0,477.0,Tagesspiegel,DE-SN,Bautzen,300880.0,126.0
2020-07-07,14625,501.0,20.0,481.0,Tagesspiegel,DE-SN,Bautzen,300880.0,126.0
2020-07-11,14625,502.0,20.0,481.0,Tagesspiegel,DE-SN,Bautzen,300880.0,126.0
2020-03-10,14626,4.0,0.0,4.0,RKI,DE-SN,Görlitz,254894.0,121.0
2020-03-12,14626,4.0,0.0,4.0,RKI,DE-SN,Görlitz,254894.0,121.0
2020-03-16,14626,5.0,0.0,5.0,RKI,DE-SN,Görlitz,254894.0,121.0
2020-03-17,14626,6.0,0.0,6.0,RKI,DE-SN,Görlitz,254894.0,121.0
2020-03-18,14626,8.0,0.0,8.0,RKI,DE-SN,Görlitz,254894.0,121.0
2020-03-19,14626,15.0,0.0,15.0,RKI,DE-SN,Görlitz,254894.0,121.0
2020-03-20,14626,17.0,0.0,17.0,RKI,DE-SN,Görlitz,254894.0,121.0
2020-03-21,14626,18.0,0.0,18.0,RKI,DE-SN,Görlitz,254894.0,121.0
2020-03-23,14626,20.0,1.0,19.0,RKI,DE-SN,Görlitz,254894.0,121.0
2020-03-24,14626,21.0,1.0,20.0,RKI,DE-SN,Görlitz,254894.0,121.0
2020-03-25,14626,42.0,1.0,41.0,RKI,DE-SN,Görlitz,254894.0,121.0
2020-03-26,14626,45.0,1.0,44.0,RKI,DE-SN,Görlitz,254894.0,121.0
2020-03-27,14626,47.0,1.0,46.0,RKI,DE-SN,Görlitz,254894.0,121.0
2020-03-28,14626,52.0,1.0,51.0,RKI,DE-SN,Görlitz,254894.0,121.0
2020-03-29,14626,52.0,1.0,51.0,RKI,DE-SN,Görlitz,254894.0,121.0
2020-03-30,14626,69.0,1.0,6.0,Tagesspiegel,DE-SN,Görlitz,254894.0,121.0
2020-03-31,14626,69.0,1.0,10.0,Tagesspiegel,DE-SN,Görlitz,254894.0,121.0
2020-04-01,14626,75.0,1.0,10.0,Tagesspiegel,DE-SN,Görlitz,254894.0,121.0
2020-04-02,14626,82.0,2.0,13.0,Tagesspiegel,DE-SN,Görlitz,254894.0,121.0
2020-04-03,14626,88.0,2.0,18.0,Tagesspiegel,DE-SN,Görlitz,254894.0,121.0
2020-04-04,14626,96.0,3.0,18.0,Tagesspiegel,DE-SN,Görlitz,254894.0,121.0
2020-04-05,14626,161.0,4.0,18.0,Tagesspiegel,DE-SN,Görlitz,254894.0,121.0
2020-04-06,14626,167.0,4.0,18.0,Tagesspiegel,DE-SN,Görlitz,254894.0,121.0
2020-04-07,14626,181.0,5.0,18.0,Tagesspiegel,DE-SN,Görlitz,254894.0,121.0
2020-04-08,14626,182.0,7.0,18.0,Tagesspiegel,DE-SN,Görlitz,254894.0,121.0
2020-04-09,14626,199.0,9.0,18.0,Tagesspiegel,DE-SN,Görlitz,254894.0,121.0
2020-04-10,14626,205.0,10.0,34.0,Tagesspiegel,DE-SN,Görlitz,254894.0,121.0
2020-04-11,14626,216.0,10.0,34.0,Tagesspiegel,DE-SN,Görlitz,254894.0,121.0
2020-04-12,14626,219.0,11.0,34.0,Tagesspiegel,DE-SN,Görlitz,254894.0,121.0
2020-04-13,14626,223.0,11.0,34.0,Tagesspiegel,DE-SN,Görlitz,254894.0,121.0
2020-04-14,14626,224.0,11.0,34.0,Tagesspiegel,DE-SN,Görlitz,254894.0,121.0
2020-04-15,14626,224.0,11.0,36.0,Tagesspiegel,DE-SN,Görlitz,254894.0,121.0
2020-04-16,14626,226.0,13.0,44.0,Tagesspiegel,DE-SN,Görlitz,254894.0,121.0
2020-04-17,14626,232.0,13.0,48.0,Tagesspiegel,DE-SN,Görlitz,254894.0,121.0
2020-04-18,14626,238.0,14.0,48.0,Tagesspiegel,DE-SN,Görlitz,254894.0,121.0
2020-04-20,14626,243.0,14.0,48.0,Tagesspiegel,DE-SN,Görlitz,254894.0,121.0
2020-04-22,14626,243.0,14.0,65.0,Tagesspiegel,DE-SN,Görlitz,254894.0,121.0
2020-04-23,14626,250.0,17.0,73.0,Tagesspiegel,DE-SN,Görlitz,254894.0,121.0
2020-04-26,14626,252.0,20.0,107.0,Tagesspiegel,DE-SN,Görlitz,254894.0,121.0
2020-04-27,14626,255.0,20.0,108.0,Tagesspiegel,DE-SN,Görlitz,254894.0,121.0
2020-04-28,14626,255.0,20.0,111.0,Tagesspiegel,DE-SN,Görlitz,254894.0,121.0
2020-04-29,14626,256.0,20.0,153.0,Tagesspiegel,DE-SN,Görlitz,254894.0,121.0
2020-05-01,14626,260.0,20.0,153.0,Tagesspiegel,DE-SN,Görlitz,254894.0,121.0
2020-05-05,14626,266.0,20.0,153.0,Tagesspiegel,DE-SN,Görlitz,254894.0,121.0
2020-05-27,14626,268.0,22.0,246.0,Tagesspiegel,DE-SN,Görlitz,254894.0,121.0
2020-07-02,14626,269.0,23.0,245.0,Tagesspiegel,DE-SN,Görlitz,254894.0,121.0
2020-07-14,14626,270.0,24.0,245.0,Tagesspiegel,DE-SN,Görlitz,254894.0,121.0
2020-03-11,14627,2.0,0.0,2.0,RKI,DE-SN,Meißen,242165.0,166.0
2020-03-12,14627,2.0,0.0,2.0,RKI,DE-SN,Meißen,242165.0,166.0
2020-03-13,14627,5.0,0.0,5.0,RKI,DE-SN,Meißen,242165.0,166.0
2020-03-14,14627,5.0,0.0,5.0,RKI,DE-SN,Meißen,242165.0,166.0
2020-03-16,14627,6.0,0.0,6.0,RKI,DE-SN,Meißen,242165.0,166.0
2020-03-17,14627,7.0,0.0,7.0,RKI,DE-SN,Meißen,242165.0,166.0
2020-03-18,14627,10.0,0.0,10.0,RKI,DE-SN,Meißen,242165.0,166.0
2020-03-19,14627,10.0,0.0,10.0,RKI,DE-SN,Meißen,242165.0,166.0
2020-03-20,14627,13.0,0.0,13.0,RKI,DE-SN,Meißen,242165.0,166.0
2020-03-21,14627,17.0,0.0,17.0,RKI,DE-SN,Meißen,242165.0,166.0
2020-03-23,14627,20.0,0.0,20.0,RKI,DE-SN,Meißen,242165.0,166.0
2020-03-24,14627,26.0,3.0,23.0,RKI,DE-SN,Meißen,242165.0,166.0
2020-03-25,14627,30.0,4.0,26.0,RKI,DE-SN,Meißen,242165.0,166.0
2020-03-26,14627,40.0,4.0,36.0,RKI,DE-SN,Meißen,242165.0,166.0
2020-03-27,14627,48.0,5.0,43.0,RKI,DE-SN,Meißen,242165.0,166.0
2020-03-28,14627,53.0,5.0,48.0,RKI,DE-SN,Meißen,242165.0,166.0
2020-03-29,14627,55.0,5.0,50.0,RKI,DE-SN,Meißen,242165.0,166.0
2020-03-30,14627,66.0,5.0,61.0,RKI,DE-SN,Meißen,242165.0,166.0
2020-03-31,14627,69.0,1.0,12.0,Tagesspiegel,DE-SN,Meißen,242165.0,166.0
2020-04-01,14627,77.0,1.0,14.0,Tagesspiegel,DE-SN,Meißen,242165.0,166.0
2020-04-02,14627,87.0,2.0,18.0,Tagesspiegel,DE-SN,Meißen,242165.0,166.0
2020-04-03,14627,96.0,3.0,19.0,Tagesspiegel,DE-SN,Meißen,242165.0,166.0
2020-04-04,14627,106.0,3.0,23.0,Tagesspiegel,DE-SN,Meißen,242165.0,166.0
2020-04-05,14627,115.0,3.0,28.0,Tagesspiegel,DE-SN,Meißen,242165.0,166.0
2020-04-06,14627,121.0,3.0,28.0,Tagesspiegel,DE-SN,Meißen,242165.0,166.0
2020-04-07,14627,122.0,5.0,28.0,Tagesspiegel,DE-SN,Meißen,242165.0,166.0
2020-04-08,14627,130.0,5.0,36.0,Tagesspiegel,DE-SN,Meißen,242165.0,166.0
2020-04-09,14627,138.0,5.0,41.0,Tagesspiegel,DE-SN,Meißen,242165.0,166.0
2020-04-10,14627,145.0,5.0,52.0,Tagesspiegel,DE-SN,Meißen,242165.0,166.0
2020-04-11,14627,158.0,5.0,52.0,Tagesspiegel,DE-SN,Meißen,242165.0,166.0
2020-04-12,14627,167.0,7.0,65.0,Tagesspiegel,DE-SN,Meißen,242165.0,166.0
2020-04-15,14627,175.0,10.0,93.0,Tagesspiegel,DE-SN,Meißen,242165.0,166.0
2020-04-16,14627,175.0,10.0,105.0,Tagesspiegel,DE-SN,Meißen,242165.0,166.0
2020-04-17,14627,178.0,10.0,113.0,Tagesspiegel,DE-SN,Meißen,242165.0,166.0
2020-04-18,14627,188.0,10.0,118.0,Tagesspiegel,DE-SN,Meißen,242165.0,166.0
2020-04-20,14627,193.0,11.0,125.0,Tagesspiegel,DE-SN,Meißen,242165.0,166.0
2020-04-21,14627,193.0,11.0,135.0,Tagesspiegel,DE-SN,Meißen,242165.0,166.0
2020-04-23,14627,204.0,12.0,152.0,Tagesspiegel,DE-SN,Meißen,242165.0,166.0
2020-04-24,14627,207.0,13.0,157.0,Tagesspiegel,DE-SN,Meißen,242165.0,166.0
2020-04-25,14627,210.0,14.0,161.0,Tagesspiegel,DE-SN,Meißen,242165.0,166.0
2020-04-27,14627,212.0,14.0,163.0,Tagesspiegel,DE-SN,Meißen,242165.0,166.0
2020-04-30,14627,219.0,16.0,165.0,Tagesspiegel,DE-SN,Meißen,242165.0,166.0
2020-05-05,14627,221.0,17.0,178.0,Tagesspiegel,DE-SN,Meißen,242165.0,166.0
2020-05-09,14627,224.0,19.0,195.0,Tagesspiegel,DE-SN,Meißen,242165.0,166.0
2020-05-11,14627,225.0,19.0,196.0,Tagesspiegel,DE-SN,Meißen,242165.0,166.0
2020-05-13,14627,225.0,19.0,201.0,Tagesspiegel,DE-SN,Meißen,242165.0,166.0
2020-05-14,14627,226.0,19.0,201.0,Tagesspiegel,DE-SN,Meißen,242165.0,166.0
2020-05-15,14627,227.0,19.0,201.0,Tagesspiegel,DE-SN,Meißen,242165.0,166.0
2020-05-19,14627,230.0,19.0,205.0,Tagesspiegel,DE-SN,Meißen,242165.0,166.0
2020-06-02,14627,232.0,19.0,208.0,Tagesspiegel,DE-SN,Meißen,242165.0,166.0
2020-06-06,14627,233.0,19.0,213.0,Tagesspiegel,DE-SN,Meißen,242165.0,166.0
2020-06-08,14627,235.0,19.0,213.0,Tagesspiegel,DE-SN,Meißen,242165.0,166.0
2020-06-09,14627,235.0,19.0,213.0,Tagesspiegel,DE-SN,Meißen,242165.0,166.0
2020-06-11,14627,239.0,20.0,213.0,Tagesspiegel,DE-SN,Meißen,242165.0,166.0
2020-07-10,14627,240.0,20.0,220.0,Tagesspiegel,DE-SN,Meißen,242165.0,166.0
2020-07-14,14627,240.0,20.0,220.0,Tagesspiegel,DE-SN,Meißen,242165.0,166.0
2020-03-10,14628,0.0,0.0,0.0,RKI,DE-SN,Sächsische Schweiz-Osterzgebirge,245611.0,148.0
2020-03-11,14628,1.0,0.0,1.0,RKI,DE-SN,Sächsische Schweiz-Osterzgebirge,245611.0,148.0
2020-03-12,14628,3.0,0.0,3.0,RKI,DE-SN,Sächsische Schweiz-Osterzgebirge,245611.0,148.0
2020-03-13,14628,6.0,0.0,6.0,RKI,DE-SN,Sächsische Schweiz-Osterzgebirge,245611.0,148.0
2020-03-14,14628,6.0,0.0,6.0,RKI,DE-SN,Sächsische Schweiz-Osterzgebirge,245611.0,148.0
2020-03-17,14628,6.0,0.0,6.0,RKI,DE-SN,Sächsische Schweiz-Osterzgebirge,245611.0,148.0
2020-03-18,14628,17.0,0.0,17.0,RKI,DE-SN,Sächsische Schweiz-Osterzgebirge,245611.0,148.0
2020-03-19,14628,25.0,0.0,25.0,RKI,DE-SN,Sächsische Schweiz-Osterzgebirge,245611.0,148.0
2020-03-20,14628,34.0,0.0,34.0,RKI,DE-SN,Sächsische Schweiz-Osterzgebirge,245611.0,148.0
2020-03-21,14628,40.0,0.0,40.0,RKI,DE-SN,Sächsische Schweiz-Osterzgebirge,245611.0,148.0
2020-03-22,14628,47.0,0.0,47.0,RKI,DE-SN,Sächsische Schweiz-Osterzgebirge,245611.0,148.0
2020-03-23,14628,63.0,0.0,63.0,RKI,DE-SN,Sächsische Schweiz-Osterzgebirge,245611.0,148.0
2020-03-24,14628,74.0,0.0,74.0,RKI,DE-SN,Sächsische Schweiz-Osterzgebirge,245611.0,148.0
2020-03-25,14628,89.0,0.0,89.0,RKI,DE-SN,Sächsische Schweiz-Osterzgebirge,245611.0,148.0
2020-03-26,14628,98.0,0.0,98.0,RKI,DE-SN,Sächsische Schweiz-Osterzgebirge,245611.0,148.0
2020-03-27,14628,112.0,0.0,112.0,RKI,DE-SN,Sächsische Schweiz-Osterzgebirge,245611.0,148.0
2020-03-28,14628,122.0,0.0,122.0,RKI,DE-SN,Sächsische Schweiz-Osterzgebirge,245611.0,148.0
2020-03-29,14628,128.0,0.0,128.0,RKI,DE-SN,Sächsische Schweiz-Osterzgebirge,245611.0,148.0
2020-03-30,14628,151.0,0.0,14.0,Tagesspiegel,DE-SN,Sächsische Schweiz-Osterzgebirge,245611.0,148.0
2020-03-31,14628,175.0,0.0,14.0,Tagesspiegel,DE-SN,Sächsische Schweiz-Osterzgebirge,245611.0,148.0
2020-04-01,14628,179.0,0.0,15.0,Tagesspiegel,DE-SN,Sächsische Schweiz-Osterzgebirge,245611.0,148.0
2020-04-02,14628,199.0,0.0,29.0,Tagesspiegel,DE-SN,Sächsische Schweiz-Osterzgebirge,245611.0,148.0
2020-04-03,14628,213.0,1.0,30.0,Tagesspiegel,DE-SN,Sächsische Schweiz-Osterzgebirge,245611.0,148.0
2020-04-04,14628,222.0,1.0,30.0,Tagesspiegel,DE-SN,Sächsische Schweiz-Osterzgebirge,245611.0,148.0
2020-04-05,14628,226.0,1.0,43.0,Tagesspiegel,DE-SN,Sächsische Schweiz-Osterzgebirge,245611.0,148.0
2020-04-06,14628,255.0,1.0,43.0,Tagesspiegel,DE-SN,Sächsische Schweiz-Osterzgebirge,245611.0,148.0
2020-04-07,14628,258.0,1.0,78.0,Tagesspiegel,DE-SN,Sächsische Schweiz-Osterzgebirge,245611.0,148.0
2020-04-08,14628,269.0,1.0,91.0,Tagesspiegel,DE-SN,Sächsische Schweiz-Osterzgebirge,245611.0,148.0
2020-04-09,14628,279.0,1.0,116.0,Tagesspiegel,DE-SN,Sächsische Schweiz-Osterzgebirge,245611.0,148.0
2020-04-10,14628,285.0,1.0,122.0,Tagesspiegel,DE-SN,Sächsische Schweiz-Osterzgebirge,245611.0,148.0
2020-04-11,14628,288.0,1.0,122.0,Tagesspiegel,DE-SN,Sächsische Schweiz-Osterzgebirge,245611.0,148.0
2020-04-12,14628,292.0,2.0,126.0,Tagesspiegel,DE-SN,Sächsische Schweiz-Osterzgebirge,245611.0,148.0
2020-04-13,14628,295.0,2.0,148.0,Tagesspiegel,DE-SN,Sächsische Schweiz-Osterzgebirge,245611.0,148.0
2020-04-14,14628,298.0,2.0,164.0,Tagesspiegel,DE-SN,Sächsische Schweiz-Osterzgebirge,245611.0,148.0
2020-04-15,14628,301.0,2.0,177.0,Tagesspiegel,DE-SN,Sächsische Schweiz-Osterzgebirge,245611.0,148.0
2020-04-16,14628,304.0,2.0,178.0,Tagesspiegel,DE-SN,Sächsische Schweiz-Osterzgebirge,245611.0,148.0
2020-04-18,14628,316.0,2.0,196.0,Tagesspiegel,DE-SN,Sächsische Schweiz-Osterzgebirge,245611.0,148.0
2020-04-19,14628,316.0,2.0,196.0,Tagesspiegel,DE-SN,Sächsische Schweiz-Osterzgebirge,245611.0,148.0
2020-04-20,14628,317.0,3.0,211.0,Tagesspiegel,DE-SN,Sächsische Schweiz-Osterzgebirge,245611.0,148.0
2020-04-21,14628,319.0,3.0,224.0,Tagesspiegel,DE-SN,Sächsische Schweiz-Osterzgebirge,245611.0,148.0
2020-04-22,14628,321.0,3.0,226.0,Tagesspiegel,DE-SN,Sächsische Schweiz-Osterzgebirge,245611.0,148.0
2020-04-23,14628,325.0,3.0,238.0,Tagesspiegel,DE-SN,Sächsische Schweiz-Osterzgebirge,245611.0,148.0
2020-04-24,14628,328.0,3.0,245.0,Tagesspiegel,DE-SN,Sächsische Schweiz-Osterzgebirge,245611.0,148.0
2020-04-28,14628,333.0,3.0,254.0,Tagesspiegel,DE-SN,Sächsische Schweiz-Osterzgebirge,245611.0,148.0
2020-05-02,14628,335.0,3.0,298.0,Tagesspiegel,DE-SN,Sächsische Schweiz-Osterzgebirge,245611.0,148.0
2020-05-05,14628,336.0,3.0,299.0,Tagesspiegel,DE-SN,Sächsische Schweiz-Osterzgebirge,245611.0,148.0
2020-05-07,14628,340.0,3.0,314.0,Tagesspiegel,DE-SN,Sächsische Schweiz-Osterzgebirge,245611.0,148.0
2020-05-08,14628,342.0,3.0,322.0,Tagesspiegel,DE-SN,Sächsische Schweiz-Osterzgebirge,245611.0,148.0
2020-05-11,14628,343.0,3.0,322.0,Tagesspiegel,DE-SN,Sächsische Schweiz-Osterzgebirge,245611.0,148.0
2020-05-12,14628,347.0,3.0,324.0,Tagesspiegel,DE-SN,Sächsische Schweiz-Osterzgebirge,245611.0,148.0
2020-05-13,14628,350.0,3.0,324.0,Tagesspiegel,DE-SN,Sächsische Schweiz-Osterzgebirge,245611.0,148.0
2020-05-14,14628,351.0,3.0,332.0,Tagesspiegel,DE-SN,Sächsische Schweiz-Osterzgebirge,245611.0,148.0
2020-05-15,14628,354.0,3.0,332.0,Tagesspiegel,DE-SN,Sächsische Schweiz-Osterzgebirge,245611.0,148.0
2020-05-16,14628,359.0,3.0,333.0,Tagesspiegel,DE-SN,Sächsische Schweiz-Osterzgebirge,245611.0,148.0
2020-05-17,14628,359.0,3.0,333.0,Tagesspiegel,DE-SN,Sächsische Schweiz-Osterzgebirge,245611.0,148.0
2020-05-18,14628,359.0,3.0,334.0,Tagesspiegel,DE-SN,Sächsische Schweiz-Osterzgebirge,245611.0,148.0
2020-05-19,14628,365.0,3.0,334.0,Tagesspiegel,DE-SN,Sächsische Schweiz-Osterzgebirge,245611.0,148.0
2020-05-20,14628,370.0,3.0,334.0,Tagesspiegel,DE-SN,Sächsische Schweiz-Osterzgebirge,245611.0,148.0
2020-05-25,14628,379.0,3.0,338.0,Tagesspiegel,DE-SN,Sächsische Schweiz-Osterzgebirge,245611.0,148.0
2020-05-26,14628,383.0,4.0,349.0,Tagesspiegel,DE-SN,Sächsische Schweiz-Osterzgebirge,245611.0,148.0
2020-05-27,14628,384.0,4.0,352.0,Tagesspiegel,DE-SN,Sächsische Schweiz-Osterzgebirge,245611.0,148.0
2020-06-04,14628,386.0,4.0,379.0,Tagesspiegel,DE-SN,Sächsische Schweiz-Osterzgebirge,245611.0,148.0
2020-06-12,14628,387.0,4.0,382.0,Tagesspiegel,DE-SN,Sächsische Schweiz-Osterzgebirge,245611.0,148.0
2020-07-03,14628,389.0,4.0,385.0,Tagesspiegel,DE-SN,Sächsische Schweiz-Osterzgebirge,245611.0,148.0
2020-07-14,14628,390.0,4.0,385.0,Tagesspiegel,DE-SN,Sächsische Schweiz-Osterzgebirge,245611.0,148.0
2020-03-08,14713,0.0,0.0,0.0,RKI,DE-SN,Leipzig,587857.0,1974.0
2020-03-10,14713,1.0,0.0,1.0,RKI,DE-SN,Leipzig,587857.0,1974.0
2020-03-11,14713,2.0,0.0,2.0,RKI,DE-SN,Leipzig,587857.0,1974.0
2020-03-12,14713,11.0,0.0,11.0,RKI,DE-SN,Leipzig,587857.0,1974.0
2020-03-13,14713,13.0,0.0,13.0,RKI,DE-SN,Leipzig,587857.0,1974.0
2020-03-14,14713,24.0,0.0,24.0,RKI,DE-SN,Leipzig,587857.0,1974.0
2020-03-15,14713,33.0,0.0,33.0,RKI,DE-SN,Leipzig,587857.0,1974.0
2020-03-16,14713,45.0,0.0,45.0,RKI,DE-SN,Leipzig,587857.0,1974.0
2020-03-17,14713,63.0,0.0,63.0,RKI,DE-SN,Leipzig,587857.0,1974.0
2020-03-18,14713,79.0,0.0,79.0,RKI,DE-SN,Leipzig,587857.0,1974.0
2020-03-19,14713,97.0,0.0,97.0,RKI,DE-SN,Leipzig,587857.0,1974.0
2020-03-20,14713,116.0,0.0,116.0,RKI,DE-SN,Leipzig,587857.0,1974.0
2020-03-21,14713,126.0,0.0,126.0,RKI,DE-SN,Leipzig,587857.0,1974.0
2020-03-22,14713,139.0,0.0,139.0,RKI,DE-SN,Leipzig,587857.0,1974.0
2020-03-23,14713,157.0,0.0,157.0,RKI,DE-SN,Leipzig,587857.0,1974.0
2020-03-24,14713,172.0,0.0,172.0,RKI,DE-SN,Leipzig,587857.0,1974.0
2020-03-25,14713,200.0,1.0,199.0,RKI,DE-SN,Leipzig,587857.0,1974.0
2020-03-26,14713,221.0,1.0,220.0,RKI,DE-SN,Leipzig,587857.0,1974.0
2020-03-27,14713,239.0,1.0,238.0,RKI,DE-SN,Leipzig,587857.0,1974.0
2020-03-28,14713,255.0,1.0,254.0,RKI,DE-SN,Leipzig,587857.0,1974.0
2020-03-29,14713,266.0,1.0,265.0,RKI,DE-SN,Leipzig,587857.0,1974.0
2020-03-30,14713,286.0,3.0,283.0,RKI,DE-SN,Leipzig,587857.0,1974.0
2020-03-31,14713,303.0,3.0,300.0,RKI,DE-SN,Leipzig,587857.0,1974.0
2020-04-01,14713,320.0,4.0,316.0,RKI,DE-SN,Leipzig,587857.0,1974.0
2020-04-02,14713,336.0,4.0,332.0,RKI,DE-SN,Leipzig,587857.0,1974.0
2020-04-03,14713,364.0,4.0,360.0,RKI,DE-SN,Leipzig,587857.0,1974.0
2020-04-04,14713,380.0,6.0,374.0,RKI,DE-SN,Leipzig,587857.0,1974.0
2020-04-05,14713,389.0,6.0,383.0,RKI,DE-SN,Leipzig,587857.0,1974.0
2020-04-06,14713,394.0,6.0,388.0,RKI,DE-SN,Leipzig,587857.0,1974.0
2020-04-07,14713,420.0,1.0,0.0,Tagesspiegel,DE-SN,Leipzig,587857.0,1974.0
2020-04-08,14713,409.0,7.0,402.0,RKI,DE-SN,Leipzig,587857.0,1974.0
2020-04-09,14713,418.0,7.0,411.0,RKI,DE-SN,Leipzig,587857.0,1974.0
2020-04-10,14713,428.0,9.0,419.0,RKI,DE-SN,Leipzig,587857.0,1974.0
2020-04-11,14713,434.0,9.0,425.0,RKI,DE-SN,Leipzig,587857.0,1974.0
2020-04-12,14713,440.0,10.0,430.0,RKI,DE-SN,Leipzig,587857.0,1974.0
2020-04-13,14713,442.0,10.0,432.0,RKI,DE-SN,Leipzig,587857.0,1974.0
2020-04-14,14713,445.0,10.0,435.0,RKI,DE-SN,Leipzig,587857.0,1974.0
2020-04-15,14713,448.0,10.0,438.0,RKI,DE-SN,Leipzig,587857.0,1974.0
2020-04-16,14713,464.0,11.0,453.0,RKI,DE-SN,Leipzig,587857.0,1974.0
2020-04-17,14713,467.0,11.0,456.0,RKI,DE-SN,Leipzig,587857.0,1974.0
2020-04-18,14713,470.0,11.0,459.0,RKI,DE-SN,Leipzig,587857.0,1974.0
2020-04-19,14713,474.0,11.0,463.0,RKI,DE-SN,Leipzig,587857.0,1974.0
2020-04-20,14713,475.0,11.0,464.0,RKI,DE-SN,Leipzig,587857.0,1974.0
2020-04-21,14713,477.0,12.0,465.0,RKI,DE-SN,Leipzig,587857.0,1974.0
2020-04-22,14713,481.0,12.0,469.0,RKI,DE-SN,Leipzig,587857.0,1974.0
2020-04-23,14713,483.0,12.0,471.0,RKI,DE-SN,Leipzig,587857.0,1974.0
2020-04-24,14713,486.0,12.0,474.0,RKI,DE-SN,Leipzig,587857.0,1974.0
2020-04-25,14713,492.0,12.0,480.0,RKI,DE-SN,Leipzig,587857.0,1974.0
2020-04-27,14713,497.0,12.0,485.0,RKI,DE-SN,Leipzig,587857.0,1974.0
2020-04-28,14713,504.0,12.0,492.0,RKI,DE-SN,Leipzig,587857.0,1974.0
2020-04-29,14713,549.0,7.0,421.0,Tagesspiegel,DE-SN,Leipzig,587857.0,1974.0
2020-04-30,14713,557.0,7.0,421.0,Tagesspiegel,DE-SN,Leipzig,587857.0,1974.0
2020-05-01,14713,560.0,7.0,421.0,Tagesspiegel,DE-SN,Leipzig,587857.0,1974.0
2020-05-02,14713,560.0,7.0,421.0,Tagesspiegel,DE-SN,Leipzig,587857.0,1974.0
2020-05-05,14713,572.0,7.0,421.0,Tagesspiegel,DE-SN,Leipzig,587857.0,1974.0
2020-05-06,14713,567.0,7.0,451.0,Tagesspiegel,DE-SN,Leipzig,587857.0,1974.0
2020-05-07,14713,569.0,7.0,451.0,Tagesspiegel,DE-SN,Leipzig,587857.0,1974.0
2020-05-08,14713,569.0,11.0,463.0,Tagesspiegel,DE-SN,Leipzig,587857.0,1974.0
2020-05-09,14713,577.0,11.0,462.0,Tagesspiegel,DE-SN,Leipzig,587857.0,1974.0
2020-05-10,14713,577.0,11.0,462.0,Tagesspiegel,DE-SN,Leipzig,587857.0,1974.0
2020-05-11,14713,582.0,11.0,462.0,Tagesspiegel,DE-SN,Leipzig,587857.0,1974.0
2020-05-12,14713,583.0,11.0,463.0,Tagesspiegel,DE-SN,Leipzig,587857.0,1974.0
2020-05-13,14713,583.0,11.0,463.0,Tagesspiegel,DE-SN,Leipzig,587857.0,1974.0
2020-05-14,14713,583.0,11.0,463.0,Tagesspiegel,DE-SN,Leipzig,587857.0,1974.0
2020-05-15,14713,595.0,11.0,463.0,Tagesspiegel,DE-SN,Leipzig,587857.0,1974.0
2020-05-26,14713,593.0,11.0,571.0,Tagesspiegel,DE-SN,Leipzig,587857.0,1974.0
2020-05-29,14713,593.0,11.0,571.0,Tagesspiegel,DE-SN,Leipzig,587857.0,1974.0
2020-06-02,14713,593.0,11.0,578.0,Tagesspiegel,DE-SN,Leipzig,587857.0,1974.0
2020-06-16,14713,595.0,12.0,583.0,Tagesspiegel,DE-SN,Leipzig,587857.0,1974.0
2020-06-17,14713,595.0,12.0,583.0,Tagesspiegel,DE-SN,Leipzig,587857.0,1974.0
2020-06-18,14713,596.0,12.0,583.0,Tagesspiegel,DE-SN,Leipzig,587857.0,1974.0
2020-06-19,14713,599.0,12.0,583.0,Tagesspiegel,DE-SN,Leipzig,587857.0,1974.0
2020-06-22,14713,602.0,12.0,583.0,Tagesspiegel,DE-SN,Leipzig,587857.0,1974.0
2020-06-23,14713,602.0,12.0,583.0,Tagesspiegel,DE-SN,Leipzig,587857.0,1974.0
2020-06-29,14713,614.0,12.0,583.0,Tagesspiegel,DE-SN,Leipzig,587857.0,1974.0
2020-06-30,14713,614.0,12.0,587.0,Tagesspiegel,DE-SN,Leipzig,587857.0,1974.0
2020-07-01,14713,617.0,12.0,586.0,Tagesspiegel,DE-SN,Leipzig,587857.0,1974.0
2020-07-02,14713,621.0,12.0,586.0,Tagesspiegel,DE-SN,Leipzig,587857.0,1974.0
2020-07-03,14713,622.0,12.0,599.0,Tagesspiegel,DE-SN,Leipzig,587857.0,1974.0
2020-07-06,14713,623.0,12.0,599.0,Tagesspiegel,DE-SN,Leipzig,587857.0,1974.0
2020-07-07,14713,624.0,12.0,601.0,Tagesspiegel,DE-SN,Leipzig,587857.0,1974.0
2020-07-09,14713,627.0,12.0,601.0,Tagesspiegel,DE-SN,Leipzig,587857.0,1974.0
2020-07-15,14713,630.0,12.0,607.0,Tagesspiegel,DE-SN,Leipzig,587857.0,1974.0
2020-03-10,14729,2.0,0.0,2.0,RKI,DE-SN,Leipzig,257763.0,156.0
2020-03-11,14729,5.0,0.0,5.0,RKI,DE-SN,Leipzig,257763.0,156.0
2020-03-12,14729,5.0,0.0,5.0,RKI,DE-SN,Leipzig,257763.0,156.0
2020-03-13,14729,5.0,0.0,5.0,RKI,DE-SN,Leipzig,257763.0,156.0
2020-03-16,14729,9.0,0.0,9.0,RKI,DE-SN,Leipzig,257763.0,156.0
2020-03-17,14729,11.0,0.0,11.0,RKI,DE-SN,Leipzig,257763.0,156.0
2020-03-18,14729,12.0,0.0,12.0,RKI,DE-SN,Leipzig,257763.0,156.0
2020-03-19,14729,17.0,0.0,17.0,RKI,DE-SN,Leipzig,257763.0,156.0
2020-03-20,14729,20.0,0.0,20.0,RKI,DE-SN,Leipzig,257763.0,156.0
2020-03-21,14729,24.0,0.0,24.0,RKI,DE-SN,Leipzig,257763.0,156.0
2020-03-23,14729,35.0,0.0,35.0,RKI,DE-SN,Leipzig,257763.0,156.0
2020-03-24,14729,35.0,0.0,35.0,RKI,DE-SN,Leipzig,257763.0,156.0
2020-03-25,14729,47.0,0.0,47.0,RKI,DE-SN,Leipzig,257763.0,156.0
2020-03-26,14729,52.0,1.0,51.0,RKI,DE-SN,Leipzig,257763.0,156.0
2020-03-27,14729,63.0,2.0,61.0,RKI,DE-SN,Leipzig,257763.0,156.0
2020-03-28,14729,70.0,2.0,68.0,RKI,DE-SN,Leipzig,257763.0,156.0
2020-03-29,14729,70.0,2.0,68.0,RKI,DE-SN,Leipzig,257763.0,156.0
2020-03-31,14729,76.0,3.0,73.0,RKI,DE-SN,Leipzig,257763.0,156.0
2020-04-01,14729,99.0,0.0,48.0,Tagesspiegel,DE-SN,Leipzig,257763.0,156.0
2020-04-02,14729,110.0,0.0,48.0,Tagesspiegel,DE-SN,Leipzig,257763.0,156.0
2020-04-03,14729,117.0,0.0,48.0,Tagesspiegel,DE-SN,Leipzig,257763.0,156.0
2020-04-04,14729,123.0,1.0,48.0,Tagesspiegel,DE-SN,Leipzig,257763.0,156.0
2020-04-05,14729,130.0,2.0,48.0,Tagesspiegel,DE-SN,Leipzig,257763.0,156.0
2020-04-06,14729,134.0,3.0,48.0,Tagesspiegel,DE-SN,Leipzig,257763.0,156.0
2020-04-07,14729,137.0,4.0,48.0,Tagesspiegel,DE-SN,Leipzig,257763.0,156.0
2020-04-08,14729,140.0,4.0,48.0,Tagesspiegel,DE-SN,Leipzig,257763.0,156.0
2020-04-09,14729,144.0,4.0,48.0,Tagesspiegel,DE-SN,Leipzig,257763.0,156.0
2020-04-10,14729,148.0,4.0,48.0,Tagesspiegel,DE-SN,Leipzig,257763.0,156.0
2020-04-11,14729,169.0,4.0,48.0,Tagesspiegel,DE-SN,Leipzig,257763.0,156.0
2020-04-12,14729,173.0,4.0,48.0,Tagesspiegel,DE-SN,Leipzig,257763.0,156.0
2020-04-14,14729,175.0,4.0,48.0,Tagesspiegel,DE-SN,Leipzig,257763.0,156.0
2020-04-16,14729,177.0,4.0,48.0,Tagesspiegel,DE-SN,Leipzig,257763.0,156.0
2020-04-17,14729,177.0,4.0,48.0,Tagesspiegel,DE-SN,Leipzig,257763.0,156.0
2020-04-20,14729,179.0,4.0,48.0,Tagesspiegel,DE-SN,Leipzig,257763.0,156.0
2020-04-21,14729,180.0,4.0,48.0,Tagesspiegel,DE-SN,Leipzig,257763.0,156.0
2020-04-22,14729,180.0,4.0,48.0,Tagesspiegel,DE-SN,Leipzig,257763.0,156.0
2020-04-28,14729,184.0,4.0,48.0,Tagesspiegel,DE-SN,Leipzig,257763.0,156.0
2020-04-29,14729,185.0,4.0,48.0,Tagesspiegel,DE-SN,Leipzig,257763.0,156.0
2020-05-06,14729,186.0,4.0,151.0,Tagesspiegel,DE-SN,Leipzig,257763.0,156.0
2020-05-07,14729,187.0,4.0,151.0,Tagesspiegel,DE-SN,Leipzig,257763.0,156.0
2020-05-12,14729,188.0,4.0,180.0,Tagesspiegel,DE-SN,Leipzig,257763.0,156.0
2020-05-14,14729,190.0,4.0,180.0,Tagesspiegel,DE-SN,Leipzig,257763.0,156.0
2020-05-27,14729,191.0,4.0,185.0,Tagesspiegel,DE-SN,Leipzig,257763.0,156.0
2020-06-09,14729,192.0,4.0,188.0,Tagesspiegel,DE-SN,Leipzig,257763.0,156.0
2020-06-10,14729,193.0,4.0,188.0,Tagesspiegel,DE-SN,Leipzig,257763.0,156.0
2020-06-23,14729,194.0,4.0,190.0,Tagesspiegel,DE-SN,Leipzig,257763.0,156.0
2020-07-10,14729,195.0,4.0,191.0,Tagesspiegel,DE-SN,Leipzig,257763.0,156.0
2020-03-13,14730,1.0,0.0,1.0,RKI,DE-SN,Nordsachsen,197673.0,97.0
2020-03-17,14730,1.0,0.0,1.0,RKI,DE-SN,Nordsachsen,197673.0,97.0
2020-03-18,14730,7.0,0.0,7.0,RKI,DE-SN,Nordsachsen,197673.0,97.0
2020-03-19,14730,8.0,0.0,8.0,RKI,DE-SN,Nordsachsen,197673.0,97.0
2020-03-20,14730,10.0,0.0,10.0,RKI,DE-SN,Nordsachsen,197673.0,97.0
2020-03-21,14730,10.0,0.0,10.0,RKI,DE-SN,Nordsachsen,197673.0,97.0
2020-03-22,14730,11.0,0.0,11.0,RKI,DE-SN,Nordsachsen,197673.0,97.0
2020-03-24,14730,12.0,0.0,12.0,RKI,DE-SN,Nordsachsen,197673.0,97.0
2020-03-25,14730,15.0,0.0,15.0,RKI,DE-SN,Nordsachsen,197673.0,97.0
2020-03-27,14730,20.0,0.0,20.0,RKI,DE-SN,Nordsachsen,197673.0,97.0
2020-03-28,14730,22.0,0.0,22.0,RKI,DE-SN,Nordsachsen,197673.0,97.0
2020-03-31,14730,25.0,0.0,25.0,RKI,DE-SN,Nordsachsen,197673.0,97.0
2020-04-01,14730,40.0,0.0,40.0,RKI,DE-SN,Nordsachsen,197673.0,97.0
2020-04-02,14730,42.0,0.0,42.0,RKI,DE-SN,Nordsachsen,197673.0,97.0
2020-04-03,14730,54.0,0.0,54.0,RKI,DE-SN,Nordsachsen,197673.0,97.0
2020-04-04,14730,55.0,0.0,55.0,RKI,DE-SN,Nordsachsen,197673.0,97.0
2020-04-05,14730,55.0,0.0,55.0,RKI,DE-SN,Nordsachsen,197673.0,97.0
2020-04-06,14730,79.0,0.0,15.0,Tagesspiegel,DE-SN,Nordsachsen,197673.0,97.0
2020-04-07,14730,78.0,0.0,17.0,Tagesspiegel,DE-SN,Nordsachsen,197673.0,97.0
2020-04-08,14730,83.0,0.0,18.0,Tagesspiegel,DE-SN,Nordsachsen,197673.0,97.0
2020-04-09,14730,92.0,0.0,22.0,Tagesspiegel,DE-SN,Nordsachsen,197673.0,97.0
2020-04-10,14730,95.0,0.0,25.0,Tagesspiegel,DE-SN,Nordsachsen,197673.0,97.0
2020-04-11,14730,94.0,0.0,25.0,Tagesspiegel,DE-SN,Nordsachsen,197673.0,97.0
2020-04-14,14730,105.0,0.0,34.0,Tagesspiegel,DE-SN,Nordsachsen,197673.0,97.0
2020-04-15,14730,105.0,0.0,46.0,Tagesspiegel,DE-SN,Nordsachsen,197673.0,97.0
2020-04-16,14730,114.0,0.0,49.0,Tagesspiegel,DE-SN,Nordsachsen,197673.0,97.0
2020-04-17,14730,117.0,0.0,54.0,Tagesspiegel,DE-SN,Nordsachsen,197673.0,97.0
2020-04-18,14730,120.0,0.0,63.0,Tagesspiegel,DE-SN,Nordsachsen,197673.0,97.0
2020-04-19,14730,121.0,0.0,64.0,Tagesspiegel,DE-SN,Nordsachsen,197673.0,97.0
2020-04-20,14730,123.0,0.0,67.0,Tagesspiegel,DE-SN,Nordsachsen,197673.0,97.0
2020-04-21,14730,123.0,0.0,77.0,Tagesspiegel,DE-SN,Nordsachsen,197673.0,97.0
2020-04-22,14730,125.0,0.0,83.0,Tagesspiegel,DE-SN,Nordsachsen,197673.0,97.0
2020-04-23,14730,129.0,0.0,84.0,Tagesspiegel,DE-SN,Nordsachsen,197673.0,97.0
2020-04-24,14730,131.0,0.0,87.0,Tagesspiegel,DE-SN,Nordsachsen,197673.0,97.0
2020-04-28,14730,135.0,0.0,100.0,Tagesspiegel,DE-SN,Nordsachsen,197673.0,97.0
2020-04-30,14730,136.0,0.0,106.0,Tagesspiegel,DE-SN,Nordsachsen,197673.0,97.0
2020-05-05,14730,136.0,0.0,113.0,Tagesspiegel,DE-SN,Nordsachsen,197673.0,97.0
2020-05-12,14730,139.0,0.0,135.0,Tagesspiegel,DE-SN,Nordsachsen,197673.0,97.0
2020-05-20,14730,140.0,0.0,138.0,Tagesspiegel,DE-SN,Nordsachsen,197673.0,97.0
2020-05-29,14730,140.0,0.0,139.0,Tagesspiegel,DE-SN,Nordsachsen,197673.0,97.0
2020-06-23,14730,141.0,0.0,141.0,Tagesspiegel,DE-SN,Nordsachsen,197673.0,97.0
2020-07-07,14730,142.0,0.0,142.0,Tagesspiegel,DE-SN,Nordsachsen,197673.0,97.0
2020-03-17,15001,1.0,0.0,1.0,RKI,DE-ST,Dessau-Roßlau,81237.0,332.0
2020-03-18,15001,1.0,0.0,1.0,RKI,DE-ST,Dessau-Roßlau,81237.0,332.0
2020-03-19,15001,1.0,0.0,1.0,RKI,DE-ST,Dessau-Roßlau,81237.0,332.0
2020-03-20,15001,4.0,0.0,4.0,RKI,DE-ST,Dessau-Roßlau,81237.0,332.0
2020-03-21,15001,4.0,0.0,4.0,RKI,DE-ST,Dessau-Roßlau,81237.0,332.0
2020-03-23,15001,5.0,1.0,4.0,RKI,DE-ST,Dessau-Roßlau,81237.0,332.0
2020-03-24,15001,7.0,1.0,6.0,RKI,DE-ST,Dessau-Roßlau,81237.0,332.0
2020-03-25,15001,7.0,1.0,6.0,RKI,DE-ST,Dessau-Roßlau,81237.0,332.0
2020-03-27,15001,10.0,1.0,9.0,RKI,DE-ST,Dessau-Roßlau,81237.0,332.0
2020-04-02,15001,12.0,1.0,11.0,RKI,DE-ST,Dessau-Roßlau,81237.0,332.0
2020-04-03,15001,17.0,1.0,16.0,RKI,DE-ST,Dessau-Roßlau,81237.0,332.0
2020-04-04,15001,18.0,1.0,17.0,RKI,DE-ST,Dessau-Roßlau,81237.0,332.0
2020-04-05,15001,21.0,1.0,20.0,RKI,DE-ST,Dessau-Roßlau,81237.0,332.0
2020-04-07,15001,35.0,1.0,2.0,Tagesspiegel,DE-ST,Dessau-Roßlau,81237.0,332.0
2020-04-09,15001,41.0,1.0,2.0,Tagesspiegel,DE-ST,Dessau-Roßlau,81237.0,332.0
2020-04-11,15001,47.0,1.0,2.0,Tagesspiegel,DE-ST,Dessau-Roßlau,81237.0,332.0
2020-04-12,15001,47.0,1.0,2.0,Tagesspiegel,DE-ST,Dessau-Roßlau,81237.0,332.0
2020-04-15,15001,53.0,1.0,2.0,Tagesspiegel,DE-ST,Dessau-Roßlau,81237.0,332.0
2020-04-16,15001,34.0,1.0,33.0,RKI,DE-ST,Dessau-Roßlau,81237.0,332.0
2020-04-17,15001,56.0,1.0,13.0,Tagesspiegel,DE-ST,Dessau-Roßlau,81237.0,332.0
2020-04-18,15001,58.0,1.0,13.0,Tagesspiegel,DE-ST,Dessau-Roßlau,81237.0,332.0
2020-04-20,15001,60.0,1.0,13.0,Tagesspiegel,DE-ST,Dessau-Roßlau,81237.0,332.0
2020-04-25,15001,62.0,1.0,32.0,Tagesspiegel,DE-ST,Dessau-Roßlau,81237.0,332.0
2020-04-28,15001,64.0,1.0,40.0,Tagesspiegel,DE-ST,Dessau-Roßlau,81237.0,332.0
2020-04-30,15001,65.0,1.0,48.0,Tagesspiegel,DE-ST,Dessau-Roßlau,81237.0,332.0
2020-05-25,15001,67.0,2.0,63.0,Tagesspiegel,DE-ST,Dessau-Roßlau,81237.0,332.0
2020-03-11,15002,3.0,1.0,2.0,RKI,DE-ST,Halle,239257.0,1772.0
2020-03-12,15002,6.0,1.0,5.0,RKI,DE-ST,Halle,239257.0,1772.0
2020-03-13,15002,8.0,1.0,7.0,RKI,DE-ST,Halle,239257.0,1772.0
2020-03-14,15002,9.0,1.0,8.0,RKI,DE-ST,Halle,239257.0,1772.0
2020-03-16,15002,13.0,1.0,12.0,RKI,DE-ST,Halle,239257.0,1772.0
2020-03-17,15002,17.0,1.0,16.0,RKI,DE-ST,Halle,239257.0,1772.0
2020-03-18,15002,32.0,1.0,31.0,RKI,DE-ST,Halle,239257.0,1772.0
2020-03-19,15002,35.0,1.0,34.0,RKI,DE-ST,Halle,239257.0,1772.0
2020-03-20,15002,52.0,2.0,50.0,RKI,DE-ST,Halle,239257.0,1772.0
2020-03-21,15002,55.0,2.0,53.0,RKI,DE-ST,Halle,239257.0,1772.0
2020-03-22,15002,58.0,3.0,55.0,RKI,DE-ST,Halle,239257.0,1772.0
2020-03-23,15002,64.0,3.0,61.0,RKI,DE-ST,Halle,239257.0,1772.0
2020-03-24,15002,70.0,3.0,67.0,RKI,DE-ST,Halle,239257.0,1772.0
2020-03-25,15002,80.0,3.0,77.0,RKI,DE-ST,Halle,239257.0,1772.0
2020-03-26,15002,85.0,3.0,82.0,RKI,DE-ST,Halle,239257.0,1772.0
2020-03-27,15002,100.0,3.0,97.0,RKI,DE-ST,Halle,239257.0,1772.0
2020-03-28,15002,115.0,3.0,112.0,RKI,DE-ST,Halle,239257.0,1772.0
2020-03-29,15002,120.0,3.0,117.0,RKI,DE-ST,Halle,239257.0,1772.0
2020-03-30,15002,146.0,9.0,137.0,RKI,DE-ST,Halle,239257.0,1772.0
2020-03-31,15002,152.0,9.0,143.0,RKI,DE-ST,Halle,239257.0,1772.0
2020-04-01,15002,175.0,2.0,40.0,Tagesspiegel,DE-ST,Halle,239257.0,1772.0
2020-04-02,15002,185.0,3.0,40.0,Tagesspiegel,DE-ST,Halle,239257.0,1772.0
2020-04-03,15002,195.0,3.0,40.0,Tagesspiegel,DE-ST,Halle,239257.0,1772.0
2020-04-04,15002,210.0,3.0,50.0,Tagesspiegel,DE-ST,Halle,239257.0,1772.0
2020-04-05,15002,217.0,3.0,50.0,Tagesspiegel,DE-ST,Halle,239257.0,1772.0
2020-04-06,15002,214.0,3.0,59.0,Tagesspiegel,DE-ST,Halle,239257.0,1772.0
2020-04-07,15002,217.0,3.0,59.0,Tagesspiegel,DE-ST,Halle,239257.0,1772.0
2020-04-08,15002,223.0,3.0,63.0,Tagesspiegel,DE-ST,Halle,239257.0,1772.0
2020-04-09,15002,238.0,4.0,73.0,Tagesspiegel,DE-ST,Halle,239257.0,1772.0
2020-04-10,15002,244.0,7.0,75.0,Tagesspiegel,DE-ST,Halle,239257.0,1772.0
2020-04-11,15002,245.0,8.0,87.0,Tagesspiegel,DE-ST,Halle,239257.0,1772.0
2020-04-12,15002,255.0,9.0,93.0,Tagesspiegel,DE-ST,Halle,239257.0,1772.0
2020-04-13,15002,258.0,9.0,101.0,Tagesspiegel,DE-ST,Halle,239257.0,1772.0
2020-04-14,15002,260.0,9.0,114.0,Tagesspiegel,DE-ST,Halle,239257.0,1772.0
2020-04-15,15002,263.0,9.0,131.0,Tagesspiegel,DE-ST,Halle,239257.0,1772.0
2020-04-16,15002,267.0,10.0,143.0,Tagesspiegel,DE-ST,Halle,239257.0,1772.0
2020-04-17,15002,274.0,10.0,158.0,Tagesspiegel,DE-ST,Halle,239257.0,1772.0
2020-04-18,15002,275.0,10.0,162.0,Tagesspiegel,DE-ST,Halle,239257.0,1772.0
2020-04-19,15002,277.0,10.0,168.0,Tagesspiegel,DE-ST,Halle,239257.0,1772.0
2020-04-20,15002,288.0,10.0,168.0,Tagesspiegel,DE-ST,Halle,239257.0,1772.0
2020-04-21,15002,289.0,11.0,178.0,Tagesspiegel,DE-ST,Halle,239257.0,1772.0
2020-04-22,15002,290.0,11.0,185.0,Tagesspiegel,DE-ST,Halle,239257.0,1772.0
2020-04-23,15002,293.0,11.0,190.0,Tagesspiegel,DE-ST,Halle,239257.0,1772.0
2020-04-24,15002,305.0,11.0,196.0,Tagesspiegel,DE-ST,Halle,239257.0,1772.0
2020-04-25,15002,308.0,11.0,196.0,Tagesspiegel,DE-ST,Halle,239257.0,1772.0
2020-04-26,15002,312.0,11.0,207.0,Tagesspiegel,DE-ST,Halle,239257.0,1772.0
2020-04-28,15002,313.0,11.0,237.0,Tagesspiegel,DE-ST,Halle,239257.0,1772.0
2020-04-29,15002,314.0,11.0,237.0,Tagesspiegel,DE-ST,Halle,239257.0,1772.0
2020-05-01,15002,326.0,11.0,242.0,Tagesspiegel,DE-ST,Halle,239257.0,1772.0
2020-05-05,15002,329.0,11.0,250.0,Tagesspiegel,DE-ST,Halle,239257.0,1772.0
2020-05-07,15002,331.0,11.0,269.0,Tagesspiegel,DE-ST,Halle,239257.0,1772.0
2020-05-08,15002,336.0,11.0,269.0,Tagesspiegel,DE-ST,Halle,239257.0,1772.0
2020-05-09,15002,341.0,11.0,273.0,Tagesspiegel,DE-ST,Halle,239257.0,1772.0
2020-05-10,15002,343.0,11.0,273.0,Tagesspiegel,DE-ST,Halle,239257.0,1772.0
2020-05-11,15002,344.0,11.0,273.0,Tagesspiegel,DE-ST,Halle,239257.0,1772.0
2020-05-12,15002,345.0,11.0,276.0,Tagesspiegel,DE-ST,Halle,239257.0,1772.0
2020-05-13,15002,347.0,11.0,276.0,Tagesspiegel,DE-ST,Halle,239257.0,1772.0
2020-05-14,15002,349.0,11.0,277.0,Tagesspiegel,DE-ST,Halle,239257.0,1772.0
2020-05-16,15002,352.0,11.0,313.0,Tagesspiegel,DE-ST,Halle,239257.0,1772.0
2020-05-30,15002,353.0,12.0,337.0,Tagesspiegel,DE-ST,Halle,239257.0,1772.0
2020-06-02,15002,355.0,12.0,337.0,Tagesspiegel,DE-ST,Halle,239257.0,1772.0
2020-06-05,15002,357.0,12.0,338.0,Tagesspiegel,DE-ST,Halle,239257.0,1772.0
2020-06-09,15002,358.0,12.0,339.0,Tagesspiegel,DE-ST,Halle,239257.0,1772.0
2020-06-10,15002,359.0,12.0,339.0,Tagesspiegel,DE-ST,Halle,239257.0,1772.0
2020-06-13,15002,360.0,12.0,341.0,Tagesspiegel,DE-ST,Halle,239257.0,1772.0
2020-06-14,15002,361.0,12.0,341.0,Tagesspiegel,DE-ST,Halle,239257.0,1772.0
2020-06-16,15002,362.0,12.0,342.0,Tagesspiegel,DE-ST,Halle,239257.0,1772.0
2020-06-21,15002,364.0,12.0,343.0,Tagesspiegel,DE-ST,Halle,239257.0,1772.0
2020-06-24,15002,365.0,12.0,345.0,Tagesspiegel,DE-ST,Halle,239257.0,1772.0
2020-06-26,15002,366.0,12.0,345.0,Tagesspiegel,DE-ST,Halle,239257.0,1772.0
2020-06-28,15002,368.0,12.0,346.0,Tagesspiegel,DE-ST,Halle,239257.0,1772.0
2020-07-05,15002,368.0,12.0,350.0,Tagesspiegel,DE-ST,Halle,239257.0,1772.0
2020-07-07,15002,369.0,12.0,350.0,Tagesspiegel,DE-ST,Halle,239257.0,1772.0
2020-07-15,15002,370.0,14.0,351.0,Tagesspiegel,DE-ST,Halle,239257.0,1772.0
2020-03-11,15003,2.0,0.0,2.0,RKI,DE-ST,Magdeburg,238697.0,1188.0
2020-03-12,15003,3.0,0.0,3.0,RKI,DE-ST,Magdeburg,238697.0,1188.0
2020-03-13,15003,6.0,0.0,6.0,RKI,DE-ST,Magdeburg,238697.0,1188.0
2020-03-16,15003,9.0,0.0,9.0,RKI,DE-ST,Magdeburg,238697.0,1188.0
2020-03-17,15003,12.0,0.0,12.0,RKI,DE-ST,Magdeburg,238697.0,1188.0
2020-03-18,15003,18.0,0.0,18.0,RKI,DE-ST,Magdeburg,238697.0,1188.0
2020-03-19,15003,19.0,0.0,19.0,RKI,DE-ST,Magdeburg,238697.0,1188.0
2020-03-20,15003,28.0,0.0,28.0,RKI,DE-ST,Magdeburg,238697.0,1188.0
2020-03-23,15003,39.0,1.0,38.0,RKI,DE-ST,Magdeburg,238697.0,1188.0
2020-03-24,15003,43.0,1.0,42.0,RKI,DE-ST,Magdeburg,238697.0,1188.0
2020-03-25,15003,45.0,1.0,44.0,RKI,DE-ST,Magdeburg,238697.0,1188.0
2020-03-26,15003,51.0,1.0,50.0,RKI,DE-ST,Magdeburg,238697.0,1188.0
2020-03-27,15003,56.0,1.0,55.0,RKI,DE-ST,Magdeburg,238697.0,1188.0
2020-03-30,15003,62.0,1.0,61.0,RKI,DE-ST,Magdeburg,238697.0,1188.0
2020-03-31,15003,66.0,1.0,65.0,RKI,DE-ST,Magdeburg,238697.0,1188.0
2020-04-01,15003,68.0,1.0,67.0,RKI,DE-ST,Magdeburg,238697.0,1188.0
2020-04-03,15003,68.0,1.0,67.0,RKI,DE-ST,Magdeburg,238697.0,1188.0
2020-04-06,15003,88.0,1.0,209.0,Tagesspiegel,DE-ST,Magdeburg,238697.0,1188.0
2020-04-07,15003,89.0,1.0,0.0,Tagesspiegel,DE-ST,Magdeburg,238697.0,1188.0
2020-04-08,15003,68.0,1.0,67.0,RKI,DE-ST,Magdeburg,238697.0,1188.0
2020-04-10,15003,68.0,1.0,67.0,RKI,DE-ST,Magdeburg,238697.0,1188.0
2020-04-11,15003,92.0,1.0,237.0,Tagesspiegel,DE-ST,Magdeburg,238697.0,1188.0
2020-04-12,15003,68.0,1.0,67.0,RKI,DE-ST,Magdeburg,238697.0,1188.0
2020-04-13,15003,68.0,1.0,67.0,RKI,DE-ST,Magdeburg,238697.0,1188.0
2020-04-14,15003,68.0,1.0,67.0,RKI,DE-ST,Magdeburg,238697.0,1188.0
2020-04-15,15003,68.0,1.0,67.0,RKI,DE-ST,Magdeburg,238697.0,1188.0
2020-04-17,15003,70.0,1.0,69.0,RKI,DE-ST,Magdeburg,238697.0,1188.0
2020-04-19,15003,70.0,1.0,69.0,RKI,DE-ST,Magdeburg,238697.0,1188.0
2020-04-21,15003,70.0,1.0,69.0,RKI,DE-ST,Magdeburg,238697.0,1188.0
2020-04-25,15003,70.0,1.0,69.0,RKI,DE-ST,Magdeburg,238697.0,1188.0
2020-04-28,15003,70.0,1.0,69.0,RKI,DE-ST,Magdeburg,238697.0,1188.0
2020-05-02,15003,70.0,1.0,69.0,RKI,DE-ST,Magdeburg,238697.0,1188.0
2020-06-04,15003,106.0,1.0,105.0,Tagesspiegel,DE-ST,Magdeburg,238697.0,1188.0
2020-06-07,15003,108.0,1.0,105.0,Tagesspiegel,DE-ST,Magdeburg,238697.0,1188.0
2020-06-09,15003,109.0,1.0,105.0,Tagesspiegel,DE-ST,Magdeburg,238697.0,1188.0
2020-06-10,15003,110.0,1.0,105.0,Tagesspiegel,DE-ST,Magdeburg,238697.0,1188.0
2020-06-11,15003,116.0,1.0,105.0,Tagesspiegel,DE-ST,Magdeburg,238697.0,1188.0
2020-06-12,15003,119.0,1.0,105.0,Tagesspiegel,DE-ST,Magdeburg,238697.0,1188.0
2020-06-13,15003,121.0,1.0,105.0,Tagesspiegel,DE-ST,Magdeburg,238697.0,1188.0
2020-06-14,15003,121.0,2.0,105.0,Tagesspiegel,DE-ST,Magdeburg,238697.0,1188.0
2020-06-15,15003,153.0,2.0,105.0,Tagesspiegel,DE-ST,Magdeburg,238697.0,1188.0
2020-06-16,15003,155.0,2.0,105.0,Tagesspiegel,DE-ST,Magdeburg,238697.0,1188.0
2020-06-17,15003,158.0,2.0,105.0,Tagesspiegel,DE-ST,Magdeburg,238697.0,1188.0
2020-06-18,15003,186.0,2.0,105.0,Tagesspiegel,DE-ST,Magdeburg,238697.0,1188.0
2020-06-19,15003,195.0,2.0,105.0,Tagesspiegel,DE-ST,Magdeburg,238697.0,1188.0
2020-06-20,15003,216.0,2.0,105.0,Tagesspiegel,DE-ST,Magdeburg,238697.0,1188.0
2020-06-21,15003,218.0,2.0,105.0,Tagesspiegel,DE-ST,Magdeburg,238697.0,1188.0
2020-06-22,15003,219.0,2.0,115.0,Tagesspiegel,DE-ST,Magdeburg,238697.0,1188.0
2020-06-23,15003,224.0,2.0,115.0,Tagesspiegel,DE-ST,Magdeburg,238697.0,1188.0
2020-06-24,15003,227.0,2.0,115.0,Tagesspiegel,DE-ST,Magdeburg,238697.0,1188.0
2020-06-30,15003,229.0,3.0,115.0,Tagesspiegel,DE-ST,Magdeburg,238697.0,1188.0
2020-07-02,15003,230.0,3.0,115.0,Tagesspiegel,DE-ST,Magdeburg,238697.0,1188.0
2020-07-03,15003,232.0,3.0,115.0,Tagesspiegel,DE-ST,Magdeburg,238697.0,1188.0
2020-07-05,15003,232.0,3.0,115.0,Tagesspiegel,DE-ST,Magdeburg,238697.0,1188.0
2020-07-06,15003,232.0,3.0,115.0,Tagesspiegel,DE-ST,Magdeburg,238697.0,1188.0
2020-07-12,15003,242.0,3.0,220.0,Tagesspiegel,DE-ST,Magdeburg,238697.0,1188.0
2020-07-14,15003,243.0,3.0,228.0,Tagesspiegel,DE-ST,Magdeburg,238697.0,1188.0
2020-07-15,15003,243.0,3.0,228.0,Tagesspiegel,DE-ST,Magdeburg,238697.0,1188.0
2020-03-16,15081,1.0,0.0,1.0,RKI,DE-ST,Altmarkkreis Salzwedel,83765.0,37.0
2020-03-22,15081,1.0,0.0,1.0,RKI,DE-ST,Altmarkkreis Salzwedel,83765.0,37.0
2020-03-23,15081,4.0,0.0,4.0,RKI,DE-ST,Altmarkkreis Salzwedel,83765.0,37.0
2020-03-24,15081,4.0,0.0,4.0,RKI,DE-ST,Altmarkkreis Salzwedel,83765.0,37.0
2020-03-25,15081,4.0,0.0,4.0,RKI,DE-ST,Altmarkkreis Salzwedel,83765.0,37.0
2020-03-27,15081,5.0,0.0,5.0,RKI,DE-ST,Altmarkkreis Salzwedel,83765.0,37.0
2020-03-30,15081,6.0,0.0,6.0,RKI,DE-ST,Altmarkkreis Salzwedel,83765.0,37.0
2020-03-31,15081,6.0,0.0,6.0,RKI,DE-ST,Altmarkkreis Salzwedel,83765.0,37.0
2020-04-01,15081,6.0,0.0,6.0,RKI,DE-ST,Altmarkkreis Salzwedel,83765.0,37.0
2020-04-02,15081,6.0,0.0,6.0,RKI,DE-ST,Altmarkkreis Salzwedel,83765.0,37.0
2020-04-04,15081,7.0,0.0,7.0,RKI,DE-ST,Altmarkkreis Salzwedel,83765.0,37.0
2020-04-05,15081,7.0,0.0,7.0,RKI,DE-ST,Altmarkkreis Salzwedel,83765.0,37.0
2020-04-06,15081,7.0,0.0,7.0,RKI,DE-ST,Altmarkkreis Salzwedel,83765.0,37.0
2020-04-07,15081,21.0,0.0,0.0,Tagesspiegel,DE-ST,Altmarkkreis Salzwedel,83765.0,37.0
2020-04-08,15081,9.0,0.0,9.0,RKI,DE-ST,Altmarkkreis Salzwedel,83765.0,37.0
2020-04-09,15081,10.0,0.0,10.0,RKI,DE-ST,Altmarkkreis Salzwedel,83765.0,37.0
2020-04-10,15081,10.0,0.0,10.0,RKI,DE-ST,Altmarkkreis Salzwedel,83765.0,37.0
2020-04-15,15081,28.0,0.0,13.0,Tagesspiegel,DE-ST,Altmarkkreis Salzwedel,83765.0,37.0
2020-04-25,15081,30.0,0.0,26.0,Tagesspiegel,DE-ST,Altmarkkreis Salzwedel,83765.0,37.0
2020-04-28,15081,31.0,0.0,27.0,Tagesspiegel,DE-ST,Altmarkkreis Salzwedel,83765.0,37.0
2020-05-19,15081,32.0,0.0,32.0,Tagesspiegel,DE-ST,Altmarkkreis Salzwedel,83765.0,37.0
2020-06-12,15081,33.0,1.0,32.0,Tagesspiegel,DE-ST,Altmarkkreis Salzwedel,83765.0,37.0
2020-06-25,15081,34.0,1.0,32.0,Tagesspiegel,DE-ST,Altmarkkreis Salzwedel,83765.0,37.0
2020-03-12,15082,0.0,0.0,0.0,RKI,DE-ST,Anhalt-Bitterfeld,159854.0,110.0
2020-03-16,15082,3.0,0.0,3.0,RKI,DE-ST,Anhalt-Bitterfeld,159854.0,110.0
2020-03-19,15082,4.0,0.0,4.0,RKI,DE-ST,Anhalt-Bitterfeld,159854.0,110.0
2020-03-20,15082,4.0,0.0,4.0,RKI,DE-ST,Anhalt-Bitterfeld,159854.0,110.0
2020-03-23,15082,10.0,0.0,10.0,RKI,DE-ST,Anhalt-Bitterfeld,159854.0,110.0
2020-03-24,15082,10.0,0.0,10.0,RKI,DE-ST,Anhalt-Bitterfeld,159854.0,110.0
2020-03-25,15082,15.0,0.0,15.0,RKI,DE-ST,Anhalt-Bitterfeld,159854.0,110.0
2020-03-26,15082,18.0,0.0,18.0,RKI,DE-ST,Anhalt-Bitterfeld,159854.0,110.0
2020-03-27,15082,20.0,0.0,20.0,RKI,DE-ST,Anhalt-Bitterfeld,159854.0,110.0
2020-03-29,15082,21.0,0.0,21.0,RKI,DE-ST,Anhalt-Bitterfeld,159854.0,110.0
2020-03-30,15082,25.0,0.0,25.0,RKI,DE-ST,Anhalt-Bitterfeld,159854.0,110.0
2020-04-01,15082,25.0,0.0,25.0,RKI,DE-ST,Anhalt-Bitterfeld,159854.0,110.0
2020-04-02,15082,39.0,0.0,5.0,Tagesspiegel,DE-ST,Anhalt-Bitterfeld,159854.0,110.0
2020-04-03,15082,39.0,0.0,5.0,Tagesspiegel,DE-ST,Anhalt-Bitterfeld,159854.0,110.0
2020-04-04,15082,41.0,0.0,5.0,Tagesspiegel,DE-ST,Anhalt-Bitterfeld,159854.0,110.0
2020-04-05,15082,47.0,0.0,5.0,Tagesspiegel,DE-ST,Anhalt-Bitterfeld,159854.0,110.0
2020-04-08,15082,48.0,0.0,24.0,Tagesspiegel,DE-ST,Anhalt-Bitterfeld,159854.0,110.0
2020-04-10,15082,49.0,0.0,25.0,Tagesspiegel,DE-ST,Anhalt-Bitterfeld,159854.0,110.0
2020-04-16,15082,50.0,0.0,36.0,Tagesspiegel,DE-ST,Anhalt-Bitterfeld,159854.0,110.0
2020-04-17,15082,51.0,0.0,36.0,Tagesspiegel,DE-ST,Anhalt-Bitterfeld,159854.0,110.0
2020-04-19,15082,56.0,0.0,36.0,Tagesspiegel,DE-ST,Anhalt-Bitterfeld,159854.0,110.0
2020-04-20,15082,58.0,0.0,45.0,Tagesspiegel,DE-ST,Anhalt-Bitterfeld,159854.0,110.0
2020-04-21,15082,59.0,0.0,45.0,Tagesspiegel,DE-ST,Anhalt-Bitterfeld,159854.0,110.0
2020-04-22,15082,62.0,0.0,45.0,Tagesspiegel,DE-ST,Anhalt-Bitterfeld,159854.0,110.0
2020-04-25,15082,65.0,0.0,46.0,Tagesspiegel,DE-ST,Anhalt-Bitterfeld,159854.0,110.0
2020-05-01,15082,68.0,1.0,48.0,Tagesspiegel,DE-ST,Anhalt-Bitterfeld,159854.0,110.0
2020-05-17,15082,69.0,2.0,66.0,Tagesspiegel,DE-ST,Anhalt-Bitterfeld,159854.0,110.0
2020-05-19,15082,70.0,2.0,67.0,Tagesspiegel,DE-ST,Anhalt-Bitterfeld,159854.0,110.0
2020-05-25,15082,71.0,2.0,67.0,Tagesspiegel,DE-ST,Anhalt-Bitterfeld,159854.0,110.0
2020-05-27,15082,72.0,2.0,67.0,Tagesspiegel,DE-ST,Anhalt-Bitterfeld,159854.0,110.0
2020-03-12,15083,1.0,0.0,1.0,RKI,DE-ST,Börde,171734.0,73.0
2020-03-16,15083,10.0,0.0,10.0,RKI,DE-ST,Börde,171734.0,73.0
2020-03-17,15083,13.0,0.0,13.0,RKI,DE-ST,Börde,171734.0,73.0
2020-03-18,15083,17.0,0.0,17.0,RKI,DE-ST,Börde,171734.0,73.0
2020-03-19,15083,19.0,0.0,19.0,RKI,DE-ST,Börde,171734.0,73.0
2020-03-20,15083,22.0,0.0,22.0,RKI,DE-ST,Börde,171734.0,73.0
2020-03-22,15083,27.0,0.0,27.0,RKI,DE-ST,Börde,171734.0,73.0
2020-03-23,15083,31.0,0.0,31.0,RKI,DE-ST,Börde,171734.0,73.0
2020-03-24,15083,33.0,1.0,32.0,RKI,DE-ST,Börde,171734.0,73.0
2020-03-25,15083,33.0,1.0,32.0,RKI,DE-ST,Börde,171734.0,73.0
2020-03-26,15083,34.0,1.0,33.0,RKI,DE-ST,Börde,171734.0,73.0
2020-03-27,15083,36.0,1.0,35.0,RKI,DE-ST,Börde,171734.0,73.0
2020-03-30,15083,53.0,0.0,2.0,Tagesspiegel,DE-ST,Börde,171734.0,73.0
2020-03-31,15083,56.0,0.0,2.0,Tagesspiegel,DE-ST,Börde,171734.0,73.0
2020-04-01,15083,56.0,0.0,21.0,Tagesspiegel,DE-ST,Börde,171734.0,73.0
2020-04-02,15083,60.0,0.0,24.0,Tagesspiegel,DE-ST,Börde,171734.0,73.0
2020-04-03,15083,61.0,0.0,26.0,Tagesspiegel,DE-ST,Börde,171734.0,73.0
2020-04-04,15083,64.0,0.0,30.0,Tagesspiegel,DE-ST,Börde,171734.0,73.0
2020-04-05,15083,66.0,0.0,31.0,Tagesspiegel,DE-ST,Börde,171734.0,73.0
2020-04-07,15083,69.0,1.0,39.0,Tagesspiegel,DE-ST,Börde,171734.0,73.0
2020-04-08,15083,74.0,1.0,42.0,Tagesspiegel,DE-ST,Börde,171734.0,73.0
2020-04-09,15083,78.0,1.0,45.0,Tagesspiegel,DE-ST,Börde,171734.0,73.0
2020-04-10,15083,79.0,1.0,45.0,Tagesspiegel,DE-ST,Börde,171734.0,73.0
2020-04-12,15083,87.0,1.0,49.0,Tagesspiegel,DE-ST,Börde,171734.0,73.0
2020-04-13,15083,89.0,1.0,49.0,Tagesspiegel,DE-ST,Börde,171734.0,73.0
2020-04-14,15083,91.0,1.0,52.0,Tagesspiegel,DE-ST,Börde,171734.0,73.0
2020-04-16,15083,96.0,2.0,61.0,Tagesspiegel,DE-ST,Börde,171734.0,73.0
2020-04-17,15083,97.0,2.0,63.0,Tagesspiegel,DE-ST,Börde,171734.0,73.0
2020-04-18,15083,102.0,3.0,63.0,Tagesspiegel,DE-ST,Börde,171734.0,73.0
2020-04-19,15083,104.0,3.0,63.0,Tagesspiegel,DE-ST,Börde,171734.0,73.0
2020-04-21,15083,104.0,4.0,71.0,Tagesspiegel,DE-ST,Börde,171734.0,73.0
2020-04-22,15083,106.0,4.0,71.0,Tagesspiegel,DE-ST,Börde,171734.0,73.0
2020-04-23,15083,118.0,4.0,74.0,Tagesspiegel,DE-ST,Börde,171734.0,73.0
2020-04-24,15083,120.0,4.0,74.0,Tagesspiegel,DE-ST,Börde,171734.0,73.0
2020-04-25,15083,123.0,5.0,75.0,Tagesspiegel,DE-ST,Börde,171734.0,73.0
2020-04-27,15083,131.0,7.0,75.0,Tagesspiegel,DE-ST,Börde,171734.0,73.0
2020-04-28,15083,133.0,8.0,78.0,Tagesspiegel,DE-ST,Börde,171734.0,73.0
2020-04-30,15083,138.0,9.0,87.0,Tagesspiegel,DE-ST,Börde,171734.0,73.0
2020-05-01,15083,140.0,9.0,83.0,Tagesspiegel,DE-ST,Börde,171734.0,73.0
2020-05-02,15083,143.0,9.0,83.0,Tagesspiegel,DE-ST,Börde,171734.0,73.0
2020-05-03,15083,144.0,9.0,83.0,Tagesspiegel,DE-ST,Börde,171734.0,73.0
2020-05-05,15083,143.0,9.0,86.0,Tagesspiegel,DE-ST,Börde,171734.0,73.0
2020-05-06,15083,146.0,9.0,86.0,Tagesspiegel,DE-ST,Börde,171734.0,73.0
2020-05-07,15083,154.0,9.0,86.0,Tagesspiegel,DE-ST,Börde,171734.0,73.0
2020-05-13,15083,157.0,12.0,95.0,Tagesspiegel,DE-ST,Börde,171734.0,73.0
2020-05-20,15083,158.0,12.0,125.0,Tagesspiegel,DE-ST,Börde,171734.0,73.0
2020-05-27,15083,159.0,12.0,142.0,Tagesspiegel,DE-ST,Börde,171734.0,73.0
2020-06-01,15083,160.0,12.0,143.0,Tagesspiegel,DE-ST,Börde,171734.0,73.0
2020-06-04,15083,161.0,12.0,143.0,Tagesspiegel,DE-ST,Börde,171734.0,73.0
2020-06-17,15083,163.0,13.0,146.0,Tagesspiegel,DE-ST,Börde,171734.0,73.0
2020-06-26,15083,164.0,13.0,150.0,Tagesspiegel,DE-ST,Börde,171734.0,73.0
2020-06-30,15083,165.0,13.0,150.0,Tagesspiegel,DE-ST,Börde,171734.0,73.0
2020-07-08,15083,166.0,13.0,151.0,Tagesspiegel,DE-ST,Börde,171734.0,73.0
2020-07-14,15083,167.0,13.0,152.0,Tagesspiegel,DE-ST,Börde,171734.0,73.0
2020-03-13,15084,0.0,0.0,0.0,RKI,DE-ST,Burgenlandkreis,180190.0,127.0
2020-03-16,15084,3.0,0.0,3.0,RKI,DE-ST,Burgenlandkreis,180190.0,127.0
2020-03-17,15084,3.0,0.0,3.0,RKI,DE-ST,Burgenlandkreis,180190.0,127.0
2020-03-18,15084,7.0,0.0,7.0,RKI,DE-ST,Burgenlandkreis,180190.0,127.0
2020-03-19,15084,8.0,0.0,8.0,RKI,DE-ST,Burgenlandkreis,180190.0,127.0
2020-03-20,15084,8.0,0.0,8.0,RKI,DE-ST,Burgenlandkreis,180190.0,127.0
2020-03-23,15084,10.0,0.0,10.0,RKI,DE-ST,Burgenlandkreis,180190.0,127.0
2020-03-24,15084,10.0,0.0,10.0,RKI,DE-ST,Burgenlandkreis,180190.0,127.0
2020-03-25,15084,14.0,1.0,13.0,RKI,DE-ST,Burgenlandkreis,180190.0,127.0
2020-03-26,15084,14.0,1.0,13.0,RKI,DE-ST,Burgenlandkreis,180190.0,127.0
2020-03-27,15084,14.0,1.0,13.0,RKI,DE-ST,Burgenlandkreis,180190.0,127.0
2020-03-30,15084,27.0,0.0,8.0,Tagesspiegel,DE-ST,Burgenlandkreis,180190.0,127.0
2020-03-31,15084,34.0,0.0,10.0,Tagesspiegel,DE-ST,Burgenlandkreis,180190.0,127.0
2020-04-02,15084,38.0,0.0,14.0,Tagesspiegel,DE-ST,Burgenlandkreis,180190.0,127.0
2020-04-03,15084,38.0,0.0,20.0,Tagesspiegel,DE-ST,Burgenlandkreis,180190.0,127.0
2020-04-04,15084,50.0,0.0,20.0,Tagesspiegel,DE-ST,Burgenlandkreis,180190.0,127.0
2020-04-05,15084,51.0,0.0,20.0,Tagesspiegel,DE-ST,Burgenlandkreis,180190.0,127.0
2020-04-06,15084,52.0,0.0,23.0,Tagesspiegel,DE-ST,Burgenlandkreis,180190.0,127.0
2020-04-08,15084,54.0,0.0,29.0,Tagesspiegel,DE-ST,Burgenlandkreis,180190.0,127.0
2020-04-09,15084,61.0,0.0,29.0,Tagesspiegel,DE-ST,Burgenlandkreis,180190.0,127.0
2020-04-11,15084,64.0,0.0,29.0,Tagesspiegel,DE-ST,Burgenlandkreis,180190.0,127.0
2020-04-13,15084,66.0,0.0,29.0,Tagesspiegel,DE-ST,Burgenlandkreis,180190.0,127.0
2020-04-14,15084,66.0,0.0,39.0,Tagesspiegel,DE-ST,Burgenlandkreis,180190.0,127.0
2020-04-16,15084,69.0,0.0,49.0,Tagesspiegel,DE-ST,Burgenlandkreis,180190.0,127.0
2020-04-17,15084,72.0,1.0,51.0,Tagesspiegel,DE-ST,Burgenlandkreis,180190.0,127.0
2020-04-18,15084,73.0,1.0,51.0,Tagesspiegel,DE-ST,Burgenlandkreis,180190.0,127.0
2020-04-20,15084,75.0,1.0,59.0,Tagesspiegel,DE-ST,Burgenlandkreis,180190.0,127.0
2020-04-21,15084,77.0,1.0,61.0,Tagesspiegel,DE-ST,Burgenlandkreis,180190.0,127.0
2020-04-22,15084,80.0,1.0,62.0,Tagesspiegel,DE-ST,Burgenlandkreis,180190.0,127.0
2020-04-23,15084,82.0,1.0,64.0,Tagesspiegel,DE-ST,Burgenlandkreis,180190.0,127.0
2020-04-24,15084,87.0,1.0,70.0,Tagesspiegel,DE-ST,Burgenlandkreis,180190.0,127.0
2020-04-26,15084,87.0,1.0,70.0,Tagesspiegel,DE-ST,Burgenlandkreis,180190.0,127.0
2020-04-29,15084,88.0,1.0,73.0,Tagesspiegel,DE-ST,Burgenlandkreis,180190.0,127.0
2020-04-30,15084,89.0,1.0,75.0,Tagesspiegel,DE-ST,Burgenlandkreis,180190.0,127.0
2020-05-01,15084,90.0,1.0,75.0,Tagesspiegel,DE-ST,Burgenlandkreis,180190.0,127.0
2020-05-05,15084,91.0,2.0,79.0,Tagesspiegel,DE-ST,Burgenlandkreis,180190.0,127.0
2020-05-06,15084,92.0,2.0,85.0,Tagesspiegel,DE-ST,Burgenlandkreis,180190.0,127.0
2020-05-07,15084,94.0,2.0,85.0,Tagesspiegel,DE-ST,Burgenlandkreis,180190.0,127.0
2020-05-08,15084,97.0,2.0,85.0,Tagesspiegel,DE-ST,Burgenlandkreis,180190.0,127.0
2020-05-13,15084,98.0,2.0,85.0,Tagesspiegel,DE-ST,Burgenlandkreis,180190.0,127.0
2020-05-14,15084,100.0,2.0,85.0,Tagesspiegel,DE-ST,Burgenlandkreis,180190.0,127.0
2020-05-15,15084,106.0,2.0,87.0,Tagesspiegel,DE-ST,Burgenlandkreis,180190.0,127.0
2020-05-19,15084,107.0,2.0,91.0,Tagesspiegel,DE-ST,Burgenlandkreis,180190.0,127.0
2020-05-20,15084,111.0,2.0,91.0,Tagesspiegel,DE-ST,Burgenlandkreis,180190.0,127.0
2020-05-21,15084,112.0,2.0,92.0,Tagesspiegel,DE-ST,Burgenlandkreis,180190.0,127.0
2020-05-22,15084,112.0,2.0,92.0,Tagesspiegel,DE-ST,Burgenlandkreis,180190.0,127.0
2020-05-29,15084,114.0,2.0,95.0,Tagesspiegel,DE-ST,Burgenlandkreis,180190.0,127.0
2020-05-30,15084,115.0,2.0,95.0,Tagesspiegel,DE-ST,Burgenlandkreis,180190.0,127.0
2020-06-04,15084,116.0,2.0,95.0,Tagesspiegel,DE-ST,Burgenlandkreis,180190.0,127.0
2020-06-12,15084,118.0,2.0,106.0,Tagesspiegel,DE-ST,Burgenlandkreis,180190.0,127.0
2020-06-24,15084,119.0,2.0,114.0,Tagesspiegel,DE-ST,Burgenlandkreis,180190.0,127.0
2020-06-26,15084,121.0,2.0,116.0,Tagesspiegel,DE-ST,Burgenlandkreis,180190.0,127.0
2020-06-28,15084,122.0,2.0,116.0,Tagesspiegel,DE-ST,Burgenlandkreis,180190.0,127.0
2020-07-02,15084,123.0,2.0,117.0,Tagesspiegel,DE-ST,Burgenlandkreis,180190.0,127.0
2020-07-04,15084,125.0,2.0,117.0,Tagesspiegel,DE-ST,Burgenlandkreis,180190.0,127.0
2020-07-05,15084,125.0,2.0,117.0,Tagesspiegel,DE-ST,Burgenlandkreis,180190.0,127.0
2020-07-08,15084,127.0,2.0,118.0,Tagesspiegel,DE-ST,Burgenlandkreis,180190.0,127.0
2020-07-09,15084,129.0,2.0,121.0,Tagesspiegel,DE-ST,Burgenlandkreis,180190.0,127.0
2020-03-17,15085,6.0,0.0,6.0,RKI,DE-ST,Harz,214446.0,102.0
2020-03-19,15085,11.0,0.0,11.0,RKI,DE-ST,Harz,214446.0,102.0
2020-03-23,15085,18.0,0.0,18.0,RKI,DE-ST,Harz,214446.0,102.0
2020-03-24,15085,20.0,1.0,19.0,RKI,DE-ST,Harz,214446.0,102.0
2020-03-25,15085,23.0,1.0,22.0,RKI,DE-ST,Harz,214446.0,102.0
2020-03-26,15085,28.0,2.0,26.0,RKI,DE-ST,Harz,214446.0,102.0
2020-03-27,15085,34.0,2.0,32.0,RKI,DE-ST,Harz,214446.0,102.0
2020-03-28,15085,35.0,2.0,33.0,RKI,DE-ST,Harz,214446.0,102.0
2020-03-29,15085,36.0,2.0,34.0,RKI,DE-ST,Harz,214446.0,102.0
2020-03-30,15085,39.0,2.0,37.0,RKI,DE-ST,Harz,214446.0,102.0
2020-03-31,15085,46.0,2.0,44.0,RKI,DE-ST,Harz,214446.0,102.0
2020-04-02,15085,69.0,1.0,22.0,Tagesspiegel,DE-ST,Harz,214446.0,102.0
2020-04-03,15085,73.0,1.0,22.0,Tagesspiegel,DE-ST,Harz,214446.0,102.0
2020-04-04,15085,79.0,1.0,22.0,Tagesspiegel,DE-ST,Harz,214446.0,102.0
2020-04-05,15085,80.0,1.0,22.0,Tagesspiegel,DE-ST,Harz,214446.0,102.0
2020-04-06,15085,84.0,1.0,33.0,Tagesspiegel,DE-ST,Harz,214446.0,102.0
2020-04-07,15085,92.0,1.0,33.0,Tagesspiegel,DE-ST,Harz,214446.0,102.0
2020-04-08,15085,108.0,1.0,34.0,Tagesspiegel,DE-ST,Harz,214446.0,102.0
2020-04-09,15085,114.0,1.0,49.0,Tagesspiegel,DE-ST,Harz,214446.0,102.0
2020-04-10,15085,124.0,1.0,49.0,Tagesspiegel,DE-ST,Harz,214446.0,102.0
2020-04-11,15085,131.0,1.0,49.0,Tagesspiegel,DE-ST,Harz,214446.0,102.0
2020-04-14,15085,142.0,1.0,49.0,Tagesspiegel,DE-ST,Harz,214446.0,102.0
2020-04-15,15085,145.0,1.0,65.0,Tagesspiegel,DE-ST,Harz,214446.0,102.0
2020-04-16,15085,153.0,2.0,70.0,Tagesspiegel,DE-ST,Harz,214446.0,102.0
2020-04-17,15085,162.0,2.0,70.0,Tagesspiegel,DE-ST,Harz,214446.0,102.0
2020-04-18,15085,182.0,2.0,70.0,Tagesspiegel,DE-ST,Harz,214446.0,102.0
2020-04-19,15085,211.0,3.0,70.0,Tagesspiegel,DE-ST,Harz,214446.0,102.0
2020-04-21,15085,222.0,3.0,83.0,Tagesspiegel,DE-ST,Harz,214446.0,102.0
2020-04-22,15085,222.0,3.0,83.0,Tagesspiegel,DE-ST,Harz,214446.0,102.0
2020-04-23,15085,226.0,3.0,94.0,Tagesspiegel,DE-ST,Harz,214446.0,102.0
2020-04-24,15085,229.0,3.0,94.0,Tagesspiegel,DE-ST,Harz,214446.0,102.0
2020-04-25,15085,231.0,3.0,94.0,Tagesspiegel,DE-ST,Harz,214446.0,102.0
2020-04-27,15085,234.0,3.0,102.0,Tagesspiegel,DE-ST,Harz,214446.0,102.0
2020-04-28,15085,236.0,3.0,102.0,Tagesspiegel,DE-ST,Harz,214446.0,102.0
2020-04-29,15085,239.0,3.0,102.0,Tagesspiegel,DE-ST,Harz,214446.0,102.0
2020-04-30,15085,239.0,4.0,102.0,Tagesspiegel,DE-ST,Harz,214446.0,102.0
2020-05-01,15085,242.0,4.0,102.0,Tagesspiegel,DE-ST,Harz,214446.0,102.0
2020-05-03,15085,244.0,4.0,102.0,Tagesspiegel,DE-ST,Harz,214446.0,102.0
2020-05-04,15085,246.0,4.0,115.0,Tagesspiegel,DE-ST,Harz,214446.0,102.0
2020-05-05,15085,246.0,4.0,115.0,Tagesspiegel,DE-ST,Harz,214446.0,102.0
2020-05-13,15085,254.0,4.0,124.0,Tagesspiegel,DE-ST,Harz,214446.0,102.0
2020-05-16,15085,255.0,4.0,124.0,Tagesspiegel,DE-ST,Harz,214446.0,102.0
2020-05-17,15085,255.0,4.0,124.0,Tagesspiegel,DE-ST,Harz,214446.0,102.0
2020-07-09,15085,259.0,4.0,254.0,Tagesspiegel,DE-ST,Harz,214446.0,102.0
2020-07-10,15085,260.0,4.0,254.0,Tagesspiegel,DE-ST,Harz,214446.0,102.0
2020-03-18,15086,1.0,0.0,1.0,RKI,DE-ST,Jerichower Land,89928.0,57.0
2020-03-20,15086,1.0,0.0,1.0,RKI,DE-ST,Jerichower Land,89928.0,57.0
2020-03-23,15086,3.0,0.0,3.0,RKI,DE-ST,Jerichower Land,89928.0,57.0
2020-03-24,15086,5.0,1.0,4.0,RKI,DE-ST,Jerichower Land,89928.0,57.0
2020-03-25,15086,7.0,1.0,6.0,RKI,DE-ST,Jerichower Land,89928.0,57.0
2020-03-26,15086,9.0,1.0,8.0,RKI,DE-ST,Jerichower Land,89928.0,57.0
2020-03-30,15086,10.0,1.0,9.0,RKI,DE-ST,Jerichower Land,89928.0,57.0
2020-03-31,15086,18.0,0.0,7.0,Tagesspiegel,DE-ST,Jerichower Land,89928.0,57.0
2020-04-03,15086,20.0,0.0,7.0,Tagesspiegel,DE-ST,Jerichower Land,89928.0,57.0
2020-04-04,15086,22.0,1.0,7.0,Tagesspiegel,DE-ST,Jerichower Land,89928.0,57.0
2020-04-06,15086,25.0,1.0,7.0,Tagesspiegel,DE-ST,Jerichower Land,89928.0,57.0
2020-04-07,15086,26.0,1.0,7.0,Tagesspiegel,DE-ST,Jerichower Land,89928.0,57.0
2020-04-08,15086,27.0,1.0,7.0,Tagesspiegel,DE-ST,Jerichower Land,89928.0,57.0
2020-04-14,15086,28.0,1.0,7.0,Tagesspiegel,DE-ST,Jerichower Land,89928.0,57.0
2020-04-16,15086,29.0,1.0,7.0,Tagesspiegel,DE-ST,Jerichower Land,89928.0,57.0
2020-04-17,15086,30.0,1.0,7.0,Tagesspiegel,DE-ST,Jerichower Land,89928.0,57.0
2020-04-23,15086,32.0,1.0,7.0,Tagesspiegel,DE-ST,Jerichower Land,89928.0,57.0
2020-05-25,15086,33.0,2.0,29.0,Tagesspiegel,DE-ST,Jerichower Land,89928.0,57.0
2020-06-27,15086,33.0,2.0,31.0,Tagesspiegel,DE-ST,Jerichower Land,89928.0,57.0
2020-07-05,15086,34.0,2.0,31.0,Tagesspiegel,DE-ST,Jerichower Land,89928.0,57.0
2020-07-09,15086,36.0,2.0,31.0,Tagesspiegel,DE-ST,Jerichower Land,89928.0,57.0
2020-07-10,15086,36.0,2.0,32.0,Tagesspiegel,DE-ST,Jerichower Land,89928.0,57.0
2020-07-11,15086,37.0,2.0,32.0,Tagesspiegel,DE-ST,Jerichower Land,89928.0,57.0
2020-07-15,15086,39.0,2.0,32.0,Tagesspiegel,DE-ST,Jerichower Land,89928.0,57.0
2020-03-17,15087,1.0,0.0,1.0,RKI,DE-ST,Mansfeld-Südharz,136249.0,94.0
2020-03-19,15087,3.0,0.0,3.0,RKI,DE-ST,Mansfeld-Südharz,136249.0,94.0
2020-03-21,15087,7.0,1.0,6.0,RKI,DE-ST,Mansfeld-Südharz,136249.0,94.0
2020-03-24,15087,7.0,1.0,6.0,RKI,DE-ST,Mansfeld-Südharz,136249.0,94.0
2020-03-26,15087,8.0,1.0,7.0,RKI,DE-ST,Mansfeld-Südharz,136249.0,94.0
2020-03-27,15087,8.0,1.0,7.0,RKI,DE-ST,Mansfeld-Südharz,136249.0,94.0
2020-03-30,15087,11.0,1.0,10.0,RKI,DE-ST,Mansfeld-Südharz,136249.0,94.0
2020-03-31,15087,14.0,1.0,13.0,RKI,DE-ST,Mansfeld-Südharz,136249.0,94.0
2020-04-02,15087,16.0,1.0,15.0,RKI,DE-ST,Mansfeld-Südharz,136249.0,94.0
2020-04-03,15087,17.0,1.0,16.0,RKI,DE-ST,Mansfeld-Südharz,136249.0,94.0
2020-04-04,15087,17.0,1.0,16.0,RKI,DE-ST,Mansfeld-Südharz,136249.0,94.0
2020-04-08,15087,30.0,1.0,12.0,Tagesspiegel,DE-ST,Mansfeld-Südharz,136249.0,94.0
2020-04-09,15087,30.0,1.0,12.0,Tagesspiegel,DE-ST,Mansfeld-Südharz,136249.0,94.0
2020-04-10,15087,33.0,1.0,12.0,Tagesspiegel,DE-ST,Mansfeld-Südharz,136249.0,94.0
2020-04-11,15087,33.0,1.0,12.0,Tagesspiegel,DE-ST,Mansfeld-Südharz,136249.0,94.0
2020-04-20,15087,35.0,1.0,14.0,Tagesspiegel,DE-ST,Mansfeld-Südharz,136249.0,94.0
2020-04-26,15087,36.0,1.0,14.0,Tagesspiegel,DE-ST,Mansfeld-Südharz,136249.0,94.0
2020-04-30,15087,37.0,2.0,32.0,Tagesspiegel,DE-ST,Mansfeld-Südharz,136249.0,94.0
2020-05-02,15087,38.0,2.0,32.0,Tagesspiegel,DE-ST,Mansfeld-Südharz,136249.0,94.0
2020-05-06,15087,39.0,2.0,32.0,Tagesspiegel,DE-ST,Mansfeld-Südharz,136249.0,94.0
2020-05-10,15087,45.0,2.0,32.0,Tagesspiegel,DE-ST,Mansfeld-Südharz,136249.0,94.0
2020-05-12,15087,44.0,2.0,35.0,Tagesspiegel,DE-ST,Mansfeld-Südharz,136249.0,94.0
2020-05-13,15087,47.0,2.0,35.0,Tagesspiegel,DE-ST,Mansfeld-Südharz,136249.0,94.0
2020-05-19,15087,47.0,2.0,36.0,Tagesspiegel,DE-ST,Mansfeld-Südharz,136249.0,94.0
2020-05-21,15087,48.0,2.0,36.0,Tagesspiegel,DE-ST,Mansfeld-Südharz,136249.0,94.0
2020-05-25,15087,50.0,2.0,41.0,Tagesspiegel,DE-ST,Mansfeld-Südharz,136249.0,94.0
2020-06-02,15087,51.0,2.0,44.0,Tagesspiegel,DE-ST,Mansfeld-Südharz,136249.0,94.0
2020-06-05,15087,52.0,2.0,46.0,Tagesspiegel,DE-ST,Mansfeld-Südharz,136249.0,94.0
2020-06-13,15087,53.0,2.0,49.0,Tagesspiegel,DE-ST,Mansfeld-Südharz,136249.0,94.0
2020-06-30,15087,54.0,2.0,52.0,Tagesspiegel,DE-ST,Mansfeld-Südharz,136249.0,94.0
2020-07-09,15087,55.0,2.0,52.0,Tagesspiegel,DE-ST,Mansfeld-Südharz,136249.0,94.0
2020-07-10,15087,55.0,2.0,52.0,Tagesspiegel,DE-ST,Mansfeld-Südharz,136249.0,94.0
2020-07-14,15087,61.0,2.0,52.0,Tagesspiegel,DE-ST,Mansfeld-Südharz,136249.0,94.0
2020-07-15,15087,64.0,2.0,52.0,Tagesspiegel,DE-ST,Mansfeld-Südharz,136249.0,94.0
2020-03-16,15088,1.0,0.0,1.0,RKI,DE-ST,Saalekreis,184582.0,129.0
2020-03-17,15088,1.0,0.0,1.0,RKI,DE-ST,Saalekreis,184582.0,129.0
2020-03-18,15088,2.0,0.0,2.0,RKI,DE-ST,Saalekreis,184582.0,129.0
2020-03-19,15088,7.0,0.0,7.0,RKI,DE-ST,Saalekreis,184582.0,129.0
2020-03-20,15088,8.0,0.0,8.0,RKI,DE-ST,Saalekreis,184582.0,129.0
2020-03-21,15088,12.0,0.0,12.0,RKI,DE-ST,Saalekreis,184582.0,129.0
2020-03-22,15088,13.0,0.0,13.0,RKI,DE-ST,Saalekreis,184582.0,129.0
2020-03-23,15088,13.0,0.0,13.0,RKI,DE-ST,Saalekreis,184582.0,129.0
2020-03-24,15088,29.0,1.0,28.0,RKI,DE-ST,Saalekreis,184582.0,129.0
2020-03-25,15088,30.0,1.0,29.0,RKI,DE-ST,Saalekreis,184582.0,129.0
2020-03-26,15088,33.0,1.0,32.0,RKI,DE-ST,Saalekreis,184582.0,129.0
2020-03-27,15088,36.0,2.0,34.0,RKI,DE-ST,Saalekreis,184582.0,129.0
2020-03-28,15088,41.0,2.0,39.0,RKI,DE-ST,Saalekreis,184582.0,129.0
2020-03-30,15088,43.0,2.0,41.0,RKI,DE-ST,Saalekreis,184582.0,129.0
2020-03-31,15088,58.0,0.0,9.0,Tagesspiegel,DE-ST,Saalekreis,184582.0,129.0
2020-04-01,15088,63.0,0.0,9.0,Tagesspiegel,DE-ST,Saalekreis,184582.0,129.0
2020-04-02,15088,71.0,1.0,10.0,Tagesspiegel,DE-ST,Saalekreis,184582.0,129.0
2020-04-03,15088,77.0,1.0,10.0,Tagesspiegel,DE-ST,Saalekreis,184582.0,129.0
2020-04-04,15088,80.0,1.0,10.0,Tagesspiegel,DE-ST,Saalekreis,184582.0,129.0
2020-04-05,15088,82.0,1.0,10.0,Tagesspiegel,DE-ST,Saalekreis,184582.0,129.0
2020-04-06,15088,83.0,1.0,12.0,Tagesspiegel,DE-ST,Saalekreis,184582.0,129.0
2020-04-07,15088,84.0,2.0,19.0,Tagesspiegel,DE-ST,Saalekreis,184582.0,129.0
2020-04-08,15088,86.0,2.0,25.0,Tagesspiegel,DE-ST,Saalekreis,184582.0,129.0
2020-04-09,15088,91.0,2.0,25.0,Tagesspiegel,DE-ST,Saalekreis,184582.0,129.0
2020-04-10,15088,95.0,2.0,28.0,Tagesspiegel,DE-ST,Saalekreis,184582.0,129.0
2020-04-12,15088,96.0,3.0,26.0,Tagesspiegel,DE-ST,Saalekreis,184582.0,129.0
2020-04-13,15088,97.0,3.0,30.0,Tagesspiegel,DE-ST,Saalekreis,184582.0,129.0
2020-04-14,15088,99.0,3.0,32.0,Tagesspiegel,DE-ST,Saalekreis,184582.0,129.0
2020-04-17,15088,100.0,4.0,40.0,Tagesspiegel,DE-ST,Saalekreis,184582.0,129.0
2020-04-18,15088,101.0,4.0,40.0,Tagesspiegel,DE-ST,Saalekreis,184582.0,129.0
2020-04-20,15088,103.0,4.0,45.0,Tagesspiegel,DE-ST,Saalekreis,184582.0,129.0
2020-04-24,15088,106.0,5.0,54.0,Tagesspiegel,DE-ST,Saalekreis,184582.0,129.0
2020-04-29,15088,107.0,5.0,62.0,Tagesspiegel,DE-ST,Saalekreis,184582.0,129.0
2020-04-30,15088,108.0,5.0,63.0,Tagesspiegel,DE-ST,Saalekreis,184582.0,129.0
2020-05-01,15088,111.0,5.0,63.0,Tagesspiegel,DE-ST,Saalekreis,184582.0,129.0
2020-05-02,15088,113.0,5.0,63.0,Tagesspiegel,DE-ST,Saalekreis,184582.0,129.0
2020-05-04,15088,114.0,5.0,63.0,Tagesspiegel,DE-ST,Saalekreis,184582.0,129.0
2020-05-05,15088,115.0,5.0,63.0,Tagesspiegel,DE-ST,Saalekreis,184582.0,129.0
2020-05-06,15088,118.0,5.0,65.0,Tagesspiegel,DE-ST,Saalekreis,184582.0,129.0
2020-05-07,15088,120.0,5.0,65.0,Tagesspiegel,DE-ST,Saalekreis,184582.0,129.0
2020-05-08,15088,121.0,5.0,67.0,Tagesspiegel,DE-ST,Saalekreis,184582.0,129.0
2020-05-09,15088,122.0,5.0,67.0,Tagesspiegel,DE-ST,Saalekreis,184582.0,129.0
2020-05-11,15088,124.0,5.0,67.0,Tagesspiegel,DE-ST,Saalekreis,184582.0,129.0
2020-05-12,15088,125.0,6.0,96.0,Tagesspiegel,DE-ST,Saalekreis,184582.0,129.0
2020-05-19,15088,126.0,7.0,103.0,Tagesspiegel,DE-ST,Saalekreis,184582.0,129.0
2020-05-25,15088,127.0,7.0,104.0,Tagesspiegel,DE-ST,Saalekreis,184582.0,129.0
2020-05-26,15088,128.0,7.0,108.0,Tagesspiegel,DE-ST,Saalekreis,184582.0,129.0
2020-05-28,15088,129.0,7.0,108.0,Tagesspiegel,DE-ST,Saalekreis,184582.0,129.0
2020-06-16,15088,130.0,7.0,122.0,Tagesspiegel,DE-ST,Saalekreis,184582.0,129.0
2020-06-22,15088,131.0,7.0,123.0,Tagesspiegel,DE-ST,Saalekreis,184582.0,129.0
2020-06-23,15088,133.0,7.0,123.0,Tagesspiegel,DE-ST,Saalekreis,184582.0,129.0
2020-07-05,15088,134.0,7.0,124.0,Tagesspiegel,DE-ST,Saalekreis,184582.0,129.0
2020-07-07,15088,136.0,7.0,127.0,Tagesspiegel,DE-ST,Saalekreis,184582.0,129.0
2020-03-11,15089,4.0,0.0,4.0,RKI,DE-ST,Salzlandkreis,190560.0,134.0
2020-03-12,15089,4.0,0.0,4.0,RKI,DE-ST,Salzlandkreis,190560.0,134.0
2020-03-13,15089,4.0,0.0,4.0,RKI,DE-ST,Salzlandkreis,190560.0,134.0
2020-03-19,15089,7.0,0.0,7.0,RKI,DE-ST,Salzlandkreis,190560.0,134.0
2020-03-20,15089,12.0,0.0,12.0,RKI,DE-ST,Salzlandkreis,190560.0,134.0
2020-03-21,15089,13.0,0.0,13.0,RKI,DE-ST,Salzlandkreis,190560.0,134.0
2020-03-23,15089,18.0,0.0,18.0,RKI,DE-ST,Salzlandkreis,190560.0,134.0
2020-03-24,15089,21.0,0.0,21.0,RKI,DE-ST,Salzlandkreis,190560.0,134.0
2020-03-25,15089,22.0,0.0,22.0,RKI,DE-ST,Salzlandkreis,190560.0,134.0
2020-03-26,15089,28.0,0.0,28.0,RKI,DE-ST,Salzlandkreis,190560.0,134.0
2020-03-28,15089,28.0,0.0,28.0,RKI,DE-ST,Salzlandkreis,190560.0,134.0
2020-03-29,15089,28.0,0.0,28.0,RKI,DE-ST,Salzlandkreis,190560.0,134.0
2020-03-31,15089,39.0,0.0,11.0,Tagesspiegel,DE-ST,Salzlandkreis,190560.0,134.0
2020-04-01,15089,40.0,0.0,11.0,Tagesspiegel,DE-ST,Salzlandkreis,190560.0,134.0
2020-04-02,15089,44.0,0.0,11.0,Tagesspiegel,DE-ST,Salzlandkreis,190560.0,134.0
2020-04-03,15089,45.0,0.0,11.0,Tagesspiegel,DE-ST,Salzlandkreis,190560.0,134.0
2020-04-04,15089,48.0,0.0,17.0,Tagesspiegel,DE-ST,Salzlandkreis,190560.0,134.0
2020-04-06,15089,54.0,0.0,21.0,Tagesspiegel,DE-ST,Salzlandkreis,190560.0,134.0
2020-04-07,15089,56.0,0.0,25.0,Tagesspiegel,DE-ST,Salzlandkreis,190560.0,134.0
2020-04-08,15089,58.0,0.0,28.0,Tagesspiegel,DE-ST,Salzlandkreis,190560.0,134.0
2020-04-12,15089,59.0,0.0,31.0,Tagesspiegel,DE-ST,Salzlandkreis,190560.0,134.0
2020-04-17,15089,60.0,0.0,43.0,Tagesspiegel,DE-ST,Salzlandkreis,190560.0,134.0
2020-04-18,15089,60.0,0.0,43.0,Tagesspiegel,DE-ST,Salzlandkreis,190560.0,134.0
2020-04-22,15089,62.0,0.0,49.0,Tagesspiegel,DE-ST,Salzlandkreis,190560.0,134.0
2020-04-28,15089,63.0,0.0,60.0,Tagesspiegel,DE-ST,Salzlandkreis,190560.0,134.0
2020-04-30,15089,64.0,0.0,60.0,Tagesspiegel,DE-ST,Salzlandkreis,190560.0,134.0
2020-05-12,15089,65.0,0.0,64.0,Tagesspiegel,DE-ST,Salzlandkreis,190560.0,134.0
2020-05-13,15089,66.0,0.0,64.0,Tagesspiegel,DE-ST,Salzlandkreis,190560.0,134.0
2020-05-14,15089,66.0,0.0,65.0,Tagesspiegel,DE-ST,Salzlandkreis,190560.0,134.0
2020-06-25,15089,68.0,0.0,68.0,Tagesspiegel,DE-ST,Salzlandkreis,190560.0,134.0
2020-06-26,15089,69.0,0.0,68.0,Tagesspiegel,DE-ST,Salzlandkreis,190560.0,134.0
2020-06-27,15089,70.0,0.0,68.0,Tagesspiegel,DE-ST,Salzlandkreis,190560.0,134.0
2020-03-17,15090,3.0,0.0,3.0,RKI,DE-ST,Stendal,111982.0,46.0
2020-03-19,15090,4.0,0.0,4.0,RKI,DE-ST,Stendal,111982.0,46.0
2020-03-20,15090,6.0,0.0,6.0,RKI,DE-ST,Stendal,111982.0,46.0
2020-03-23,15090,7.0,0.0,7.0,RKI,DE-ST,Stendal,111982.0,46.0
2020-03-24,15090,12.0,0.0,12.0,RKI,DE-ST,Stendal,111982.0,46.0
2020-03-25,15090,15.0,1.0,14.0,RKI,DE-ST,Stendal,111982.0,46.0
2020-03-26,15090,17.0,2.0,15.0,RKI,DE-ST,Stendal,111982.0,46.0
2020-03-27,15090,31.0,3.0,28.0,RKI,DE-ST,Stendal,111982.0,46.0
2020-03-28,15090,41.0,3.0,38.0,RKI,DE-ST,Stendal,111982.0,46.0
2020-03-29,15090,41.0,3.0,38.0,RKI,DE-ST,Stendal,111982.0,46.0
2020-03-31,15090,43.0,3.0,40.0,RKI,DE-ST,Stendal,111982.0,46.0
2020-04-01,15090,46.0,3.0,43.0,RKI,DE-ST,Stendal,111982.0,46.0
2020-04-02,15090,48.0,3.0,45.0,RKI,DE-ST,Stendal,111982.0,46.0
2020-04-03,15090,48.0,3.0,45.0,RKI,DE-ST,Stendal,111982.0,46.0
2020-04-04,15090,48.0,3.0,45.0,RKI,DE-ST,Stendal,111982.0,46.0
2020-04-05,15090,48.0,3.0,45.0,RKI,DE-ST,Stendal,111982.0,46.0
2020-04-06,15090,48.0,3.0,45.0,RKI,DE-ST,Stendal,111982.0,46.0
2020-04-08,15090,48.0,3.0,45.0,RKI,DE-ST,Stendal,111982.0,46.0
2020-04-09,15090,50.0,5.0,45.0,RKI,DE-ST,Stendal,111982.0,46.0
2020-04-10,15090,50.0,5.0,45.0,RKI,DE-ST,Stendal,111982.0,46.0
2020-04-11,15090,52.0,5.0,47.0,RKI,DE-ST,Stendal,111982.0,46.0
2020-04-12,15090,52.0,5.0,47.0,RKI,DE-ST,Stendal,111982.0,46.0
2020-04-15,15090,55.0,5.0,50.0,RKI,DE-ST,Stendal,111982.0,46.0
2020-04-16,15090,55.0,5.0,50.0,RKI,DE-ST,Stendal,111982.0,46.0
2020-04-17,15090,56.0,5.0,51.0,RKI,DE-ST,Stendal,111982.0,46.0
2020-04-18,15090,58.0,6.0,52.0,RKI,DE-ST,Stendal,111982.0,46.0
2020-04-21,15090,60.0,6.0,54.0,RKI,DE-ST,Stendal,111982.0,46.0
2020-04-22,15090,61.0,6.0,55.0,RKI,DE-ST,Stendal,111982.0,46.0
2020-04-23,15090,62.0,6.0,56.0,RKI,DE-ST,Stendal,111982.0,46.0
2020-04-24,15090,63.0,6.0,57.0,RKI,DE-ST,Stendal,111982.0,46.0
2020-04-25,15090,65.0,6.0,59.0,RKI,DE-ST,Stendal,111982.0,46.0
2020-04-28,15090,66.0,6.0,60.0,RKI,DE-ST,Stendal,111982.0,46.0
2020-04-29,15090,67.0,6.0,61.0,RKI,DE-ST,Stendal,111982.0,46.0
2020-04-30,15090,68.0,6.0,62.0,RKI,DE-ST,Stendal,111982.0,46.0
2020-05-01,15090,68.0,6.0,62.0,RKI,DE-ST,Stendal,111982.0,46.0
2020-05-03,15090,68.0,6.0,62.0,RKI,DE-ST,Stendal,111982.0,46.0
2020-05-06,15090,68.0,6.0,62.0,RKI,DE-ST,Stendal,111982.0,46.0
2020-05-20,15090,68.0,6.0,62.0,RKI,DE-ST,Stendal,111982.0,46.0
2020-07-12,15090,107.0,6.0,100.0,Tagesspiegel,DE-ST,Stendal,111982.0,46.0
2020-07-16,15090,108.0,6.0,100.0,Tagesspiegel,DE-ST,Stendal,111982.0,46.0
2020-03-17,15091,1.0,0.0,1.0,RKI,DE-ST,Wittenberg,125840.0,65.0
2020-03-19,15091,6.0,0.0,6.0,RKI,DE-ST,Wittenberg,125840.0,65.0
2020-03-20,15091,6.0,0.0,6.0,RKI,DE-ST,Wittenberg,125840.0,65.0
2020-03-23,15091,11.0,1.0,10.0,RKI,DE-ST,Wittenberg,125840.0,65.0
2020-03-24,15091,17.0,1.0,16.0,RKI,DE-ST,Wittenberg,125840.0,65.0
2020-03-25,15091,24.0,1.0,23.0,RKI,DE-ST,Wittenberg,125840.0,65.0
2020-03-26,15091,35.0,1.0,34.0,RKI,DE-ST,Wittenberg,125840.0,65.0
2020-03-27,15091,50.0,2.0,48.0,RKI,DE-ST,Wittenberg,125840.0,65.0
2020-03-28,15091,53.0,2.0,51.0,RKI,DE-ST,Wittenberg,125840.0,65.0
2020-03-29,15091,59.0,2.0,57.0,RKI,DE-ST,Wittenberg,125840.0,65.0
2020-03-30,15091,66.0,3.0,63.0,RKI,DE-ST,Wittenberg,125840.0,65.0
2020-03-31,15091,73.0,3.0,70.0,RKI,DE-ST,Wittenberg,125840.0,65.0
2020-04-01,15091,76.0,3.0,73.0,RKI,DE-ST,Wittenberg,125840.0,65.0
2020-04-02,15091,80.0,3.0,77.0,RKI,DE-ST,Wittenberg,125840.0,65.0
2020-04-03,15091,82.0,3.0,79.0,RKI,DE-ST,Wittenberg,125840.0,65.0
2020-04-04,15091,87.0,3.0,84.0,RKI,DE-ST,Wittenberg,125840.0,65.0
2020-04-05,15091,92.0,3.0,89.0,RKI,DE-ST,Wittenberg,125840.0,65.0
2020-04-07,15091,113.0,3.0,12.0,Tagesspiegel,DE-ST,Wittenberg,125840.0,65.0
2020-04-08,15091,121.0,3.0,12.0,Tagesspiegel,DE-ST,Wittenberg,125840.0,65.0
2020-04-09,15091,126.0,3.0,12.0,Tagesspiegel,DE-ST,Wittenberg,125840.0,65.0
2020-04-10,15091,130.0,3.0,21.0,Tagesspiegel,DE-ST,Wittenberg,125840.0,65.0
2020-04-11,15091,132.0,3.0,21.0,Tagesspiegel,DE-ST,Wittenberg,125840.0,65.0
2020-04-12,15091,137.0,3.0,24.0,Tagesspiegel,DE-ST,Wittenberg,125840.0,65.0
2020-04-13,15091,139.0,3.0,25.0,Tagesspiegel,DE-ST,Wittenberg,125840.0,65.0
2020-04-15,15091,142.0,3.0,43.0,Tagesspiegel,DE-ST,Wittenberg,125840.0,65.0
2020-04-16,15091,146.0,3.0,43.0,Tagesspiegel,DE-ST,Wittenberg,125840.0,65.0
2020-04-19,15091,146.0,3.0,61.0,Tagesspiegel,DE-ST,Wittenberg,125840.0,65.0
2020-04-20,15091,148.0,3.0,68.0,Tagesspiegel,DE-ST,Wittenberg,125840.0,65.0
2020-04-21,15091,149.0,3.0,71.0,Tagesspiegel,DE-ST,Wittenberg,125840.0,65.0
2020-04-23,15091,150.0,3.0,74.0,Tagesspiegel,DE-ST,Wittenberg,125840.0,65.0
2020-04-26,15091,152.0,3.0,116.0,Tagesspiegel,DE-ST,Wittenberg,125840.0,65.0
2020-05-14,15091,153.0,3.0,147.0,Tagesspiegel,DE-ST,Wittenberg,125840.0,65.0
2020-06-16,15091,154.0,3.0,151.0,Tagesspiegel,DE-ST,Wittenberg,125840.0,65.0
2020-06-20,15091,155.0,3.0,151.0,Tagesspiegel,DE-ST,Wittenberg,125840.0,65.0
2020-06-22,15091,155.0,3.0,151.0,Tagesspiegel,DE-ST,Wittenberg,125840.0,65.0
2020-07-01,15091,158.0,3.0,151.0,Tagesspiegel,DE-ST,Wittenberg,125840.0,65.0
2020-07-11,15091,159.0,3.0,154.0,Tagesspiegel,DE-ST,Wittenberg,125840.0,65.0
2020-03-18,1001,4.0,0.0,4.0,RKI,DE-SH,Flensburg,89504.0,1577.0
2020-03-19,1001,7.0,0.0,7.0,RKI,DE-SH,Flensburg,89504.0,1577.0
2020-03-20,1001,8.0,0.0,8.0,RKI,DE-SH,Flensburg,89504.0,1577.0
2020-03-21,1001,8.0,0.0,8.0,RKI,DE-SH,Flensburg,89504.0,1577.0
2020-03-24,1001,8.0,0.0,8.0,RKI,DE-SH,Flensburg,89504.0,1577.0
2020-03-26,1001,11.0,0.0,11.0,RKI,DE-SH,Flensburg,89504.0,1577.0
2020-03-27,1001,11.0,0.0,11.0,RKI,DE-SH,Flensburg,89504.0,1577.0
2020-03-28,1001,12.0,0.0,12.0,RKI,DE-SH,Flensburg,89504.0,1577.0
2020-03-29,1001,12.0,0.0,12.0,RKI,DE-SH,Flensburg,89504.0,1577.0
2020-03-30,1001,12.0,0.0,12.0,RKI,DE-SH,Flensburg,89504.0,1577.0
2020-03-31,1001,13.0,1.0,12.0,RKI,DE-SH,Flensburg,89504.0,1577.0
2020-04-03,1001,25.0,0.0,8.0,Tagesspiegel,DE-SH,Flensburg,89504.0,1577.0
2020-04-04,1001,27.0,0.0,10.0,Tagesspiegel,DE-SH,Flensburg,89504.0,1577.0
2020-04-06,1001,28.0,1.0,10.0,Tagesspiegel,DE-SH,Flensburg,89504.0,1577.0
2020-04-07,1001,28.0,1.0,11.0,Tagesspiegel,DE-SH,Flensburg,89504.0,1577.0
2020-04-09,1001,30.0,1.0,16.0,Tagesspiegel,DE-SH,Flensburg,89504.0,1577.0
2020-04-10,1001,31.0,1.0,16.0,Tagesspiegel,DE-SH,Flensburg,89504.0,1577.0
2020-05-05,1001,32.0,2.0,29.0,Tagesspiegel,DE-SH,Flensburg,89504.0,1577.0
2020-05-17,1001,33.0,2.0,29.0,Tagesspiegel,DE-SH,Flensburg,89504.0,1577.0
2020-05-21,1001,34.0,2.0,30.0,Tagesspiegel,DE-SH,Flensburg,89504.0,1577.0
2020-05-22,1001,34.0,2.0,30.0,Tagesspiegel,DE-SH,Flensburg,89504.0,1577.0
2020-05-26,1001,39.0,2.0,30.0,Tagesspiegel,DE-SH,Flensburg,89504.0,1577.0
2020-05-29,1001,40.0,3.0,30.0,Tagesspiegel,DE-SH,Flensburg,89504.0,1577.0
2020-05-30,1001,41.0,3.0,30.0,Tagesspiegel,DE-SH,Flensburg,89504.0,1577.0
2020-06-06,1001,42.0,3.0,30.0,Tagesspiegel,DE-SH,Flensburg,89504.0,1577.0
2020-06-10,1001,43.0,3.0,30.0,Tagesspiegel,DE-SH,Flensburg,89504.0,1577.0
2020-06-18,1001,44.0,3.0,39.0,Tagesspiegel,DE-SH,Flensburg,89504.0,1577.0
2020-06-25,1001,46.0,3.0,39.0,Tagesspiegel,DE-SH,Flensburg,89504.0,1577.0
2020-03-11,1002,5.0,0.0,5.0,RKI,DE-SH,Kiel,247548.0,2086.0
2020-03-12,1002,8.0,0.0,8.0,RKI,DE-SH,Kiel,247548.0,2086.0
2020-03-13,1002,8.0,0.0,8.0,RKI,DE-SH,Kiel,247548.0,2086.0
2020-03-14,1002,8.0,0.0,8.0,RKI,DE-SH,Kiel,247548.0,2086.0
2020-03-16,1002,12.0,0.0,12.0,RKI,DE-SH,Kiel,247548.0,2086.0
2020-03-17,1002,13.0,0.0,13.0,RKI,DE-SH,Kiel,247548.0,2086.0
2020-03-18,1002,17.0,0.0,17.0,RKI,DE-SH,Kiel,247548.0,2086.0
2020-03-19,1002,24.0,0.0,24.0,RKI,DE-SH,Kiel,247548.0,2086.0
2020-03-20,1002,26.0,0.0,26.0,RKI,DE-SH,Kiel,247548.0,2086.0
2020-03-21,1002,27.0,0.0,27.0,RKI,DE-SH,Kiel,247548.0,2086.0
2020-03-22,1002,28.0,1.0,27.0,RKI,DE-SH,Kiel,247548.0,2086.0
2020-03-23,1002,38.0,2.0,36.0,RKI,DE-SH,Kiel,247548.0,2086.0
2020-03-24,1002,48.0,3.0,45.0,RKI,DE-SH,Kiel,247548.0,2086.0
2020-03-25,1002,53.0,3.0,50.0,RKI,DE-SH,Kiel,247548.0,2086.0
2020-03-26,1002,58.0,3.0,55.0,RKI,DE-SH,Kiel,247548.0,2086.0
2020-03-27,1002,69.0,3.0,66.0,RKI,DE-SH,Kiel,247548.0,2086.0
2020-03-28,1002,79.0,3.0,76.0,RKI,DE-SH,Kiel,247548.0,2086.0
2020-03-29,1002,92.0,4.0,88.0,RKI,DE-SH,Kiel,247548.0,2086.0
2020-03-30,1002,100.0,5.0,95.0,RKI,DE-SH,Kiel,247548.0,2086.0
2020-03-31,1002,102.0,5.0,97.0,RKI,DE-SH,Kiel,247548.0,2086.0
2020-04-01,1002,113.0,7.0,106.0,RKI,DE-SH,Kiel,247548.0,2086.0
2020-04-02,1002,124.0,1.0,25.0,Tagesspiegel,DE-SH,Kiel,247548.0,2086.0
2020-04-03,1002,136.0,1.0,39.0,Tagesspiegel,DE-SH,Kiel,247548.0,2086.0
2020-04-04,1002,146.0,1.0,39.0,Tagesspiegel,DE-SH,Kiel,247548.0,2086.0
2020-04-05,1002,157.0,1.0,44.0,Tagesspiegel,DE-SH,Kiel,247548.0,2086.0
2020-04-06,1002,160.0,2.0,44.0,Tagesspiegel,DE-SH,Kiel,247548.0,2086.0
2020-04-07,1002,164.0,2.0,51.0,Tagesspiegel,DE-SH,Kiel,247548.0,2086.0
2020-04-08,1002,169.0,2.0,65.0,Tagesspiegel,DE-SH,Kiel,247548.0,2086.0
2020-04-09,1002,170.0,3.0,74.0,Tagesspiegel,DE-SH,Kiel,247548.0,2086.0
2020-04-10,1002,175.0,4.0,82.0,Tagesspiegel,DE-SH,Kiel,247548.0,2086.0
2020-04-11,1002,187.0,5.0,88.0,Tagesspiegel,DE-SH,Kiel,247548.0,2086.0
2020-04-13,1002,195.0,5.0,101.0,Tagesspiegel,DE-SH,Kiel,247548.0,2086.0
2020-04-14,1002,195.0,6.0,106.0,Tagesspiegel,DE-SH,Kiel,247548.0,2086.0
2020-04-15,1002,198.0,7.0,118.0,Tagesspiegel,DE-SH,Kiel,247548.0,2086.0
2020-04-16,1002,199.0,7.0,124.0,Tagesspiegel,DE-SH,Kiel,247548.0,2086.0
2020-04-17,1002,217.0,7.0,127.0,Tagesspiegel,DE-SH,Kiel,247548.0,2086.0
2020-04-18,1002,217.0,7.0,127.0,Tagesspiegel,DE-SH,Kiel,247548.0,2086.0
2020-04-20,1002,221.0,7.0,146.0,Tagesspiegel,DE-SH,Kiel,247548.0,2086.0
2020-04-21,1002,221.0,7.0,149.0,Tagesspiegel,DE-SH,Kiel,247548.0,2086.0
2020-04-22,1002,235.0,7.0,149.0,Tagesspiegel,DE-SH,Kiel,247548.0,2086.0
2020-04-23,1002,240.0,7.0,150.0,Tagesspiegel,DE-SH,Kiel,247548.0,2086.0
2020-04-24,1002,245.0,7.0,153.0,Tagesspiegel,DE-SH,Kiel,247548.0,2086.0
2020-04-25,1002,246.0,7.0,153.0,Tagesspiegel,DE-SH,Kiel,247548.0,2086.0
2020-04-26,1002,248.0,7.0,156.0,Tagesspiegel,DE-SH,Kiel,247548.0,2086.0
2020-04-27,1002,253.0,7.0,156.0,Tagesspiegel,DE-SH,Kiel,247548.0,2086.0
2020-04-28,1002,254.0,9.0,158.0,Tagesspiegel,DE-SH,Kiel,247548.0,2086.0
2020-04-29,1002,257.0,9.0,166.0,Tagesspiegel,DE-SH,Kiel,247548.0,2086.0
2020-04-30,1002,261.0,9.0,170.0,Tagesspiegel,DE-SH,Kiel,247548.0,2086.0
2020-05-02,1002,265.0,9.0,176.0,Tagesspiegel,DE-SH,Kiel,247548.0,2086.0
2020-05-04,1002,266.0,9.0,182.0,Tagesspiegel,DE-SH,Kiel,247548.0,2086.0
2020-05-05,1002,266.0,9.0,182.0,Tagesspiegel,DE-SH,Kiel,247548.0,2086.0
2020-05-06,1002,271.0,9.0,190.0,Tagesspiegel,DE-SH,Kiel,247548.0,2086.0
2020-05-08,1002,274.0,9.0,195.0,Tagesspiegel,DE-SH,Kiel,247548.0,2086.0
2020-05-09,1002,275.0,9.0,195.0,Tagesspiegel,DE-SH,Kiel,247548.0,2086.0
2020-05-11,1002,277.0,9.0,213.0,Tagesspiegel,DE-SH,Kiel,247548.0,2086.0
2020-05-30,1002,278.0,9.0,269.0,Tagesspiegel,DE-SH,Kiel,247548.0,2086.0
2020-06-11,1002,279.0,9.0,269.0,Tagesspiegel,DE-SH,Kiel,247548.0,2086.0
2020-06-25,1002,281.0,10.0,271.0,Tagesspiegel,DE-SH,Kiel,247548.0,2086.0
2020-06-26,1002,282.0,10.0,271.0,Tagesspiegel,DE-SH,Kiel,247548.0,2086.0
2020-06-27,1002,282.0,10.0,271.0,Tagesspiegel,DE-SH,Kiel,247548.0,2086.0
2020-06-29,1002,284.0,10.0,271.0,Tagesspiegel,DE-SH,Kiel,247548.0,2086.0
2020-06-30,1002,285.0,10.0,271.0,Tagesspiegel,DE-SH,Kiel,247548.0,2086.0
2020-07-01,1002,287.0,10.0,271.0,Tagesspiegel,DE-SH,Kiel,247548.0,2086.0
2020-07-08,1002,295.0,10.0,271.0,Tagesspiegel,DE-SH,Kiel,247548.0,2086.0
2020-07-14,1002,296.0,10.0,280.0,Tagesspiegel,DE-SH,Kiel,247548.0,2086.0
2020-07-15,1002,296.0,10.0,280.0,Tagesspiegel,DE-SH,Kiel,247548.0,2086.0
2020-07-16,1002,296.0,10.0,280.0,Tagesspiegel,DE-SH,Kiel,247548.0,2086.0
2020-03-08,1003,0.0,0.0,0.0,RKI,DE-SH,Lübeck,217198.0,1014.0
2020-03-11,1003,4.0,0.0,4.0,RKI,DE-SH,Lübeck,217198.0,1014.0
2020-03-12,1003,4.0,0.0,4.0,RKI,DE-SH,Lübeck,217198.0,1014.0
2020-03-13,1003,4.0,0.0,4.0,RKI,DE-SH,Lübeck,217198.0,1014.0
2020-03-15,1003,4.0,0.0,4.0,RKI,DE-SH,Lübeck,217198.0,1014.0
2020-03-17,1003,5.0,0.0,5.0,RKI,DE-SH,Lübeck,217198.0,1014.0
2020-03-18,1003,8.0,1.0,7.0,RKI,DE-SH,Lübeck,217198.0,1014.0
2020-03-19,1003,11.0,1.0,10.0,RKI,DE-SH,Lübeck,217198.0,1014.0
2020-03-20,1003,28.0,1.0,27.0,RKI,DE-SH,Lübeck,217198.0,1014.0
2020-03-23,1003,50.0,1.0,49.0,RKI,DE-SH,Lübeck,217198.0,1014.0
2020-03-24,1003,51.0,1.0,50.0,RKI,DE-SH,Lübeck,217198.0,1014.0
2020-03-25,1003,58.0,1.0,57.0,RKI,DE-SH,Lübeck,217198.0,1014.0
2020-03-26,1003,58.0,1.0,57.0,RKI,DE-SH,Lübeck,217198.0,1014.0
2020-03-27,1003,60.0,1.0,59.0,RKI,DE-SH,Lübeck,217198.0,1014.0
2020-03-28,1003,67.0,1.0,66.0,RKI,DE-SH,Lübeck,217198.0,1014.0
2020-03-30,1003,71.0,1.0,70.0,RKI,DE-SH,Lübeck,217198.0,1014.0
2020-03-31,1003,74.0,1.0,73.0,RKI,DE-SH,Lübeck,217198.0,1014.0
2020-04-01,1003,77.0,1.0,76.0,RKI,DE-SH,Lübeck,217198.0,1014.0
2020-04-03,1003,79.0,1.0,78.0,RKI,DE-SH,Lübeck,217198.0,1014.0
2020-04-05,1003,87.0,1.0,86.0,RKI,DE-SH,Lübeck,217198.0,1014.0
2020-04-07,1003,103.0,1.0,73.0,Tagesspiegel,DE-SH,Lübeck,217198.0,1014.0
2020-04-09,1003,125.0,1.0,84.0,Tagesspiegel,DE-SH,Lübeck,217198.0,1014.0
2020-04-10,1003,128.0,1.0,87.0,Tagesspiegel,DE-SH,Lübeck,217198.0,1014.0
2020-04-11,1003,136.0,1.0,92.0,Tagesspiegel,DE-SH,Lübeck,217198.0,1014.0
2020-04-12,1003,139.0,1.0,99.0,Tagesspiegel,DE-SH,Lübeck,217198.0,1014.0
2020-04-13,1003,142.0,1.0,100.0,Tagesspiegel,DE-SH,Lübeck,217198.0,1014.0
2020-04-14,1003,143.0,1.0,106.0,Tagesspiegel,DE-SH,Lübeck,217198.0,1014.0
2020-04-15,1003,151.0,1.0,111.0,Tagesspiegel,DE-SH,Lübeck,217198.0,1014.0
2020-04-16,1003,154.0,1.0,112.0,Tagesspiegel,DE-SH,Lübeck,217198.0,1014.0
2020-04-17,1003,154.0,1.0,114.0,Tagesspiegel,DE-SH,Lübeck,217198.0,1014.0
2020-04-18,1003,155.0,1.0,115.0,Tagesspiegel,DE-SH,Lübeck,217198.0,1014.0
2020-04-21,1003,157.0,1.0,128.0,Tagesspiegel,DE-SH,Lübeck,217198.0,1014.0
2020-04-24,1003,158.0,1.0,136.0,Tagesspiegel,DE-SH,Lübeck,217198.0,1014.0
2020-04-27,1003,159.0,1.0,151.0,Tagesspiegel,DE-SH,Lübeck,217198.0,1014.0
2020-04-28,1003,160.0,1.0,152.0,Tagesspiegel,DE-SH,Lübeck,217198.0,1014.0
2020-04-29,1003,160.0,1.0,152.0,Tagesspiegel,DE-SH,Lübeck,217198.0,1014.0
2020-04-30,1003,164.0,1.0,152.0,Tagesspiegel,DE-SH,Lübeck,217198.0,1014.0
2020-05-04,1003,165.0,1.0,156.0,Tagesspiegel,DE-SH,Lübeck,217198.0,1014.0
2020-05-19,1003,167.0,1.0,164.0,Tagesspiegel,DE-SH,Lübeck,217198.0,1014.0
2020-05-29,1003,167.0,1.0,164.0,Tagesspiegel,DE-SH,Lübeck,217198.0,1014.0
2020-06-21,1003,166.0,1.0,165.0,Tagesspiegel,DE-SH,Lübeck,217198.0,1014.0
2020-06-23,1003,168.0,1.0,165.0,Tagesspiegel,DE-SH,Lübeck,217198.0,1014.0
2020-06-24,1003,169.0,1.0,165.0,Tagesspiegel,DE-SH,Lübeck,217198.0,1014.0
2020-06-28,1003,170.0,1.0,165.0,Tagesspiegel,DE-SH,Lübeck,217198.0,1014.0
2020-07-02,1003,171.0,1.0,166.0,Tagesspiegel,DE-SH,Lübeck,217198.0,1014.0
2020-07-03,1003,171.0,1.0,166.0,Tagesspiegel,DE-SH,Lübeck,217198.0,1014.0
2020-07-08,1003,177.0,1.0,169.0,Tagesspiegel,DE-SH,Lübeck,217198.0,1014.0
2020-07-15,1003,177.0,1.0,172.0,Tagesspiegel,DE-SH,Lübeck,217198.0,1014.0
2020-03-18,1004,3.0,0.0,3.0,RKI,DE-SH,Neumünster,79487.0,1110.0
2020-03-20,1004,4.0,0.0,4.0,RKI,DE-SH,Neumünster,79487.0,1110.0
2020-03-23,1004,6.0,0.0,6.0,RKI,DE-SH,Neumünster,79487.0,1110.0
2020-03-24,1004,7.0,0.0,7.0,RKI,DE-SH,Neumünster,79487.0,1110.0
2020-03-25,1004,7.0,0.0,7.0,RKI,DE-SH,Neumünster,79487.0,1110.0
2020-03-27,1004,8.0,0.0,8.0,RKI,DE-SH,Neumünster,79487.0,1110.0
2020-03-30,1004,12.0,0.0,12.0,RKI,DE-SH,Neumünster,79487.0,1110.0
2020-03-31,1004,16.0,0.0,16.0,RKI,DE-SH,Neumünster,79487.0,1110.0
2020-04-02,1004,19.0,1.0,18.0,RKI,DE-SH,Neumünster,79487.0,1110.0
2020-04-03,1004,19.0,1.0,18.0,RKI,DE-SH,Neumünster,79487.0,1110.0
2020-04-05,1004,20.0,1.0,19.0,RKI,DE-SH,Neumünster,79487.0,1110.0
2020-04-06,1004,21.0,1.0,20.0,RKI,DE-SH,Neumünster,79487.0,1110.0
2020-04-08,1004,34.0,1.0,7.0,Tagesspiegel,DE-SH,Neumünster,79487.0,1110.0
2020-04-09,1004,36.0,1.0,6.0,Tagesspiegel,DE-SH,Neumünster,79487.0,1110.0
2020-04-10,1004,40.0,1.0,8.0,Tagesspiegel,DE-SH,Neumünster,79487.0,1110.0
2020-04-15,1004,42.0,1.0,18.0,Tagesspiegel,DE-SH,Neumünster,79487.0,1110.0
2020-04-16,1004,43.0,1.0,20.0,Tagesspiegel,DE-SH,Neumünster,79487.0,1110.0
2020-04-17,1004,46.0,1.0,20.0,Tagesspiegel,DE-SH,Neumünster,79487.0,1110.0
2020-04-18,1004,46.0,1.0,20.0,Tagesspiegel,DE-SH,Neumünster,79487.0,1110.0
2020-04-21,1004,50.0,1.0,25.0,Tagesspiegel,DE-SH,Neumünster,79487.0,1110.0
2020-04-23,1004,60.0,1.0,26.0,Tagesspiegel,DE-SH,Neumünster,79487.0,1110.0
2020-04-27,1004,63.0,1.0,35.0,Tagesspiegel,DE-SH,Neumünster,79487.0,1110.0
2020-04-28,1004,63.0,1.0,37.0,Tagesspiegel,DE-SH,Neumünster,79487.0,1110.0
2020-04-29,1004,66.0,1.0,39.0,Tagesspiegel,DE-SH,Neumünster,79487.0,1110.0
2020-05-02,1004,66.0,1.0,40.0,Tagesspiegel,DE-SH,Neumünster,79487.0,1110.0
2020-05-04,1004,67.0,1.0,43.0,Tagesspiegel,DE-SH,Neumünster,79487.0,1110.0
2020-05-05,1004,68.0,2.0,43.0,Tagesspiegel,DE-SH,Neumünster,79487.0,1110.0
2020-05-07,1004,70.0,2.0,56.0,Tagesspiegel,DE-SH,Neumünster,79487.0,1110.0
2020-05-08,1004,71.0,2.0,58.0,Tagesspiegel,DE-SH,Neumünster,79487.0,1110.0
2020-05-09,1004,74.0,2.0,58.0,Tagesspiegel,DE-SH,Neumünster,79487.0,1110.0
2020-05-10,1004,74.0,2.0,58.0,Tagesspiegel,DE-SH,Neumünster,79487.0,1110.0
2020-05-12,1004,78.0,2.0,59.0,Tagesspiegel,DE-SH,Neumünster,79487.0,1110.0
2020-03-15,1051,4.0,0.0,4.0,RKI,DE-SH,Dithmarschen,133210.0,93.0
2020-03-18,1051,8.0,0.0,8.0,RKI,DE-SH,Dithmarschen,133210.0,93.0
2020-03-19,1051,8.0,0.0,8.0,RKI,DE-SH,Dithmarschen,133210.0,93.0
2020-03-20,1051,10.0,0.0,10.0,RKI,DE-SH,Dithmarschen,133210.0,93.0
2020-03-23,1051,10.0,0.0,10.0,RKI,DE-SH,Dithmarschen,133210.0,93.0
2020-03-24,1051,10.0,0.0,10.0,RKI,DE-SH,Dithmarschen,133210.0,93.0
2020-03-25,1051,11.0,0.0,11.0,RKI,DE-SH,Dithmarschen,133210.0,93.0
2020-03-26,1051,12.0,0.0,12.0,RKI,DE-SH,Dithmarschen,133210.0,93.0
2020-03-27,1051,14.0,0.0,14.0,RKI,DE-SH,Dithmarschen,133210.0,93.0
2020-03-30,1051,24.0,0.0,6.0,Tagesspiegel,DE-SH,Dithmarschen,133210.0,93.0
2020-03-31,1051,28.0,0.0,5.0,Tagesspiegel,DE-SH,Dithmarschen,133210.0,93.0
2020-04-01,1051,28.0,0.0,5.0,Tagesspiegel,DE-SH,Dithmarschen,133210.0,93.0
2020-04-02,1051,28.0,1.0,9.0,Tagesspiegel,DE-SH,Dithmarschen,133210.0,93.0
2020-04-03,1051,33.0,1.0,11.0,Tagesspiegel,DE-SH,Dithmarschen,133210.0,93.0
2020-04-04,1051,35.0,1.0,11.0,Tagesspiegel,DE-SH,Dithmarschen,133210.0,93.0
2020-04-05,1051,37.0,1.0,11.0,Tagesspiegel,DE-SH,Dithmarschen,133210.0,93.0
2020-04-07,1051,42.0,1.0,13.0,Tagesspiegel,DE-SH,Dithmarschen,133210.0,93.0
2020-04-08,1051,46.0,1.0,15.0,Tagesspiegel,DE-SH,Dithmarschen,133210.0,93.0
2020-04-09,1051,49.0,1.0,19.0,Tagesspiegel,DE-SH,Dithmarschen,133210.0,93.0
2020-04-11,1051,51.0,1.0,19.0,Tagesspiegel,DE-SH,Dithmarschen,133210.0,93.0
2020-04-12,1051,51.0,1.0,19.0,Tagesspiegel,DE-SH,Dithmarschen,133210.0,93.0
2020-04-14,1051,53.0,2.0,28.0,Tagesspiegel,DE-SH,Dithmarschen,133210.0,93.0
2020-05-04,1051,54.0,3.0,49.0,Tagesspiegel,DE-SH,Dithmarschen,133210.0,93.0
2020-05-05,1051,55.0,3.0,49.0,Tagesspiegel,DE-SH,Dithmarschen,133210.0,93.0
2020-06-05,1051,59.0,3.0,56.0,Tagesspiegel,DE-SH,Dithmarschen,133210.0,93.0
2020-06-07,1051,60.0,3.0,56.0,Tagesspiegel,DE-SH,Dithmarschen,133210.0,93.0
2020-06-10,1051,61.0,3.0,56.0,Tagesspiegel,DE-SH,Dithmarschen,133210.0,93.0
2020-06-12,1051,62.0,3.0,56.0,Tagesspiegel,DE-SH,Dithmarschen,133210.0,93.0
2020-06-16,1051,63.0,4.0,56.0,Tagesspiegel,DE-SH,Dithmarschen,133210.0,93.0
2020-06-18,1051,64.0,4.0,56.0,Tagesspiegel,DE-SH,Dithmarschen,133210.0,93.0
2020-06-20,1051,70.0,4.0,57.0,Tagesspiegel,DE-SH,Dithmarschen,133210.0,93.0
2020-06-24,1051,71.0,4.0,58.0,Tagesspiegel,DE-SH,Dithmarschen,133210.0,93.0
2020-06-29,1051,72.0,4.0,58.0,Tagesspiegel,DE-SH,Dithmarschen,133210.0,93.0
2020-06-30,1051,73.0,4.0,60.0,Tagesspiegel,DE-SH,Dithmarschen,133210.0,93.0
2020-07-01,1051,74.0,4.0,60.0,Tagesspiegel,DE-SH,Dithmarschen,133210.0,93.0
2020-07-03,1051,76.0,4.0,60.0,Tagesspiegel,DE-SH,Dithmarschen,133210.0,93.0
2020-07-08,1051,76.0,4.0,61.0,Tagesspiegel,DE-SH,Dithmarschen,133210.0,93.0
2020-03-10,1053,1.0,0.0,1.0,RKI,DE-SH,Herzogtum Lauenburg,197264.0,156.0
2020-03-11,1053,2.0,0.0,2.0,RKI,DE-SH,Herzogtum Lauenburg,197264.0,156.0
2020-03-12,1053,2.0,0.0,2.0,RKI,DE-SH,Herzogtum Lauenburg,197264.0,156.0
2020-03-13,1053,3.0,0.0,3.0,RKI,DE-SH,Herzogtum Lauenburg,197264.0,156.0
2020-03-16,1053,5.0,0.0,5.0,RKI,DE-SH,Herzogtum Lauenburg,197264.0,156.0
2020-03-17,1053,8.0,0.0,8.0,RKI,DE-SH,Herzogtum Lauenburg,197264.0,156.0
2020-03-18,1053,11.0,1.0,10.0,RKI,DE-SH,Herzogtum Lauenburg,197264.0,156.0
2020-03-19,1053,13.0,1.0,12.0,RKI,DE-SH,Herzogtum Lauenburg,197264.0,156.0
2020-03-21,1053,24.0,1.0,23.0,RKI,DE-SH,Herzogtum Lauenburg,197264.0,156.0
2020-03-22,1053,27.0,1.0,26.0,RKI,DE-SH,Herzogtum Lauenburg,197264.0,156.0
2020-03-23,1053,33.0,1.0,32.0,RKI,DE-SH,Herzogtum Lauenburg,197264.0,156.0
2020-03-24,1053,37.0,1.0,36.0,RKI,DE-SH,Herzogtum Lauenburg,197264.0,156.0
2020-03-25,1053,43.0,1.0,42.0,RKI,DE-SH,Herzogtum Lauenburg,197264.0,156.0
2020-03-26,1053,53.0,1.0,52.0,RKI,DE-SH,Herzogtum Lauenburg,197264.0,156.0
2020-03-27,1053,62.0,1.0,61.0,RKI,DE-SH,Herzogtum Lauenburg,197264.0,156.0
2020-03-30,1053,72.0,2.0,70.0,RKI,DE-SH,Herzogtum Lauenburg,197264.0,156.0
2020-03-31,1053,91.0,3.0,88.0,RKI,DE-SH,Herzogtum Lauenburg,197264.0,156.0
2020-04-01,1053,93.0,3.0,90.0,RKI,DE-SH,Herzogtum Lauenburg,197264.0,156.0
2020-04-02,1053,113.0,4.0,109.0,RKI,DE-SH,Herzogtum Lauenburg,197264.0,156.0
2020-04-03,1053,123.0,4.0,119.0,RKI,DE-SH,Herzogtum Lauenburg,197264.0,156.0
2020-04-04,1053,130.0,4.0,126.0,RKI,DE-SH,Herzogtum Lauenburg,197264.0,156.0
2020-04-06,1053,136.0,4.0,132.0,RKI,DE-SH,Herzogtum Lauenburg,197264.0,156.0
2020-04-07,1053,145.0,4.0,141.0,RKI,DE-SH,Herzogtum Lauenburg,197264.0,156.0
2020-04-08,1053,148.0,4.0,144.0,RKI,DE-SH,Herzogtum Lauenburg,197264.0,156.0
2020-04-09,1053,154.0,4.0,150.0,RKI,DE-SH,Herzogtum Lauenburg,197264.0,156.0
2020-04-11,1053,167.0,6.0,161.0,RKI,DE-SH,Herzogtum Lauenburg,197264.0,156.0
2020-04-13,1053,172.0,6.0,166.0,RKI,DE-SH,Herzogtum Lauenburg,197264.0,156.0
2020-04-14,1053,172.0,6.0,166.0,RKI,DE-SH,Herzogtum Lauenburg,197264.0,156.0
2020-04-15,1053,179.0,6.0,173.0,RKI,DE-SH,Herzogtum Lauenburg,197264.0,156.0
2020-04-16,1053,188.0,6.0,182.0,RKI,DE-SH,Herzogtum Lauenburg,197264.0,156.0
2020-04-17,1053,190.0,7.0,183.0,RKI,DE-SH,Herzogtum Lauenburg,197264.0,156.0
2020-04-18,1053,192.0,7.0,185.0,RKI,DE-SH,Herzogtum Lauenburg,197264.0,156.0
2020-04-20,1053,196.0,10.0,186.0,RKI,DE-SH,Herzogtum Lauenburg,197264.0,156.0
2020-04-21,1053,196.0,10.0,186.0,RKI,DE-SH,Herzogtum Lauenburg,197264.0,156.0
2020-04-22,1053,236.0,6.0,176.0,Tagesspiegel,DE-SH,Herzogtum Lauenburg,197264.0,156.0
2020-04-23,1053,237.0,6.0,183.0,Tagesspiegel,DE-SH,Herzogtum Lauenburg,197264.0,156.0
2020-04-24,1053,249.0,8.0,183.0,Tagesspiegel,DE-SH,Herzogtum Lauenburg,197264.0,156.0
2020-04-25,1053,253.0,8.0,188.0,Tagesspiegel,DE-SH,Herzogtum Lauenburg,197264.0,156.0
2020-04-27,1053,255.0,8.0,202.0,Tagesspiegel,DE-SH,Herzogtum Lauenburg,197264.0,156.0
2020-04-28,1053,259.0,8.0,203.0,Tagesspiegel,DE-SH,Herzogtum Lauenburg,197264.0,156.0
2020-04-30,1053,261.0,9.0,216.0,Tagesspiegel,DE-SH,Herzogtum Lauenburg,197264.0,156.0
2020-05-06,1053,262.0,11.0,223.0,Tagesspiegel,DE-SH,Herzogtum Lauenburg,197264.0,156.0
2020-05-07,1053,263.0,11.0,223.0,Tagesspiegel,DE-SH,Herzogtum Lauenburg,197264.0,156.0
2020-05-11,1053,264.0,11.0,237.0,Tagesspiegel,DE-SH,Herzogtum Lauenburg,197264.0,156.0
2020-05-13,1053,265.0,12.0,247.0,Tagesspiegel,DE-SH,Herzogtum Lauenburg,197264.0,156.0
2020-06-02,1053,265.0,17.0,245.0,Tagesspiegel,DE-SH,Herzogtum Lauenburg,197264.0,156.0
2020-06-18,1053,266.0,17.0,247.0,Tagesspiegel,DE-SH,Herzogtum Lauenburg,197264.0,156.0
2020-06-24,1053,267.0,17.0,248.0,Tagesspiegel,DE-SH,Herzogtum Lauenburg,197264.0,156.0
2020-06-25,1053,267.0,17.0,248.0,Tagesspiegel,DE-SH,Herzogtum Lauenburg,197264.0,156.0
2020-06-30,1053,269.0,17.0,248.0,Tagesspiegel,DE-SH,Herzogtum Lauenburg,197264.0,156.0
2020-07-15,1053,270.0,18.0,248.0,Tagesspiegel,DE-SH,Herzogtum Lauenburg,197264.0,156.0
2020-03-17,1054,7.0,0.0,7.0,RKI,DE-SH,Nordfriesland,165507.0,79.0
2020-03-18,1054,7.0,0.0,7.0,RKI,DE-SH,Nordfriesland,165507.0,79.0
2020-03-19,1054,8.0,0.0,8.0,RKI,DE-SH,Nordfriesland,165507.0,79.0
2020-03-20,1054,10.0,1.0,9.0,RKI,DE-SH,Nordfriesland,165507.0,79.0
2020-03-21,1054,11.0,1.0,10.0,RKI,DE-SH,Nordfriesland,165507.0,79.0
2020-03-22,1054,11.0,1.0,10.0,RKI,DE-SH,Nordfriesland,165507.0,79.0
2020-03-23,1054,12.0,1.0,11.0,RKI,DE-SH,Nordfriesland,165507.0,79.0
2020-03-24,1054,13.0,1.0,12.0,RKI,DE-SH,Nordfriesland,165507.0,79.0
2020-03-25,1054,14.0,1.0,13.0,RKI,DE-SH,Nordfriesland,165507.0,79.0
2020-03-26,1054,16.0,1.0,15.0,RKI,DE-SH,Nordfriesland,165507.0,79.0
2020-03-27,1054,20.0,1.0,19.0,RKI,DE-SH,Nordfriesland,165507.0,79.0
2020-03-28,1054,23.0,1.0,22.0,RKI,DE-SH,Nordfriesland,165507.0,79.0
2020-03-29,1054,25.0,1.0,24.0,RKI,DE-SH,Nordfriesland,165507.0,79.0
2020-03-30,1054,39.0,0.0,8.0,Tagesspiegel,DE-SH,Nordfriesland,165507.0,79.0
2020-03-31,1054,39.0,0.0,8.0,Tagesspiegel,DE-SH,Nordfriesland,165507.0,79.0
2020-04-01,1054,40.0,0.0,7.0,Tagesspiegel,DE-SH,Nordfriesland,165507.0,79.0
2020-04-02,1054,42.0,1.0,9.0,Tagesspiegel,DE-SH,Nordfriesland,165507.0,79.0
2020-04-04,1054,48.0,1.0,9.0,Tagesspiegel,DE-SH,Nordfriesland,165507.0,79.0
2020-04-06,1054,49.0,1.0,17.0,Tagesspiegel,DE-SH,Nordfriesland,165507.0,79.0
2020-04-08,1054,52.0,1.0,23.0,Tagesspiegel,DE-SH,Nordfriesland,165507.0,79.0
2020-04-09,1054,53.0,1.0,27.0,Tagesspiegel,DE-SH,Nordfriesland,165507.0,79.0
2020-04-10,1054,59.0,1.0,30.0,Tagesspiegel,DE-SH,Nordfriesland,165507.0,79.0
2020-04-12,1054,64.0,1.0,30.0,Tagesspiegel,DE-SH,Nordfriesland,165507.0,79.0
2020-04-13,1054,65.0,1.0,31.0,Tagesspiegel,DE-SH,Nordfriesland,165507.0,79.0
2020-04-15,1054,68.0,1.0,37.0,Tagesspiegel,DE-SH,Nordfriesland,165507.0,79.0
2020-04-17,1054,68.0,1.0,41.0,Tagesspiegel,DE-SH,Nordfriesland,165507.0,79.0
2020-04-21,1054,71.0,1.0,50.0,Tagesspiegel,DE-SH,Nordfriesland,165507.0,79.0
2020-04-23,1054,71.0,1.0,54.0,Tagesspiegel,DE-SH,Nordfriesland,165507.0,79.0
2020-04-24,1054,76.0,1.0,56.0,Tagesspiegel,DE-SH,Nordfriesland,165507.0,79.0
2020-04-25,1054,77.0,1.0,58.0,Tagesspiegel,DE-SH,Nordfriesland,165507.0,79.0
2020-04-30,1054,78.0,1.0,63.0,Tagesspiegel,DE-SH,Nordfriesland,165507.0,79.0
2020-05-01,1054,79.0,1.0,67.0,Tagesspiegel,DE-SH,Nordfriesland,165507.0,79.0
2020-05-05,1054,81.0,1.0,75.0,Tagesspiegel,DE-SH,Nordfriesland,165507.0,79.0
2020-05-13,1054,82.0,1.0,79.0,Tagesspiegel,DE-SH,Nordfriesland,165507.0,79.0
2020-05-21,1054,84.0,1.0,80.0,Tagesspiegel,DE-SH,Nordfriesland,165507.0,79.0
2020-05-31,1054,85.0,1.0,83.0,Tagesspiegel,DE-SH,Nordfriesland,165507.0,79.0
2020-06-01,1054,88.0,1.0,83.0,Tagesspiegel,DE-SH,Nordfriesland,165507.0,79.0
2020-07-13,1054,90.0,1.0,89.0,Tagesspiegel,DE-SH,Nordfriesland,165507.0,79.0
2020-03-15,1055,1.0,0.0,1.0,RKI,DE-SH,Ostholstein,200581.0,144.0
2020-03-16,1055,1.0,0.0,1.0,RKI,DE-SH,Ostholstein,200581.0,144.0
2020-03-18,1055,2.0,0.0,2.0,RKI,DE-SH,Ostholstein,200581.0,144.0
2020-03-19,1055,6.0,0.0,6.0,RKI,DE-SH,Ostholstein,200581.0,144.0
2020-03-21,1055,6.0,0.0,6.0,RKI,DE-SH,Ostholstein,200581.0,144.0
2020-03-23,1055,8.0,0.0,8.0,RKI,DE-SH,Ostholstein,200581.0,144.0
2020-03-24,1055,10.0,0.0,10.0,RKI,DE-SH,Ostholstein,200581.0,144.0
2020-03-25,1055,13.0,0.0,13.0,RKI,DE-SH,Ostholstein,200581.0,144.0
2020-03-26,1055,13.0,0.0,13.0,RKI,DE-SH,Ostholstein,200581.0,144.0
2020-03-28,1055,13.0,0.0,13.0,RKI,DE-SH,Ostholstein,200581.0,144.0
2020-03-29,1055,15.0,0.0,15.0,RKI,DE-SH,Ostholstein,200581.0,144.0
2020-03-30,1055,19.0,0.0,19.0,RKI,DE-SH,Ostholstein,200581.0,144.0
2020-03-31,1055,24.0,0.0,24.0,RKI,DE-SH,Ostholstein,200581.0,144.0
2020-04-01,1055,27.0,0.0,27.0,RKI,DE-SH,Ostholstein,200581.0,144.0
2020-04-02,1055,30.0,0.0,30.0,RKI,DE-SH,Ostholstein,200581.0,144.0
2020-04-03,1055,33.0,0.0,33.0,RKI,DE-SH,Ostholstein,200581.0,144.0
2020-04-05,1055,33.0,0.0,33.0,RKI,DE-SH,Ostholstein,200581.0,144.0
2020-04-08,1055,34.0,0.0,34.0,RKI,DE-SH,Ostholstein,200581.0,144.0
2020-04-09,1055,34.0,0.0,34.0,RKI,DE-SH,Ostholstein,200581.0,144.0
2020-04-10,1055,35.0,0.0,35.0,RKI,DE-SH,Ostholstein,200581.0,144.0
2020-04-11,1055,35.0,0.0,35.0,RKI,DE-SH,Ostholstein,200581.0,144.0
2020-04-16,1055,35.0,0.0,35.0,RKI,DE-SH,Ostholstein,200581.0,144.0
2020-04-22,1055,35.0,0.0,35.0,RKI,DE-SH,Ostholstein,200581.0,144.0
2020-04-23,1055,35.0,0.0,35.0,RKI,DE-SH,Ostholstein,200581.0,144.0
2020-04-24,1055,37.0,0.0,37.0,RKI,DE-SH,Ostholstein,200581.0,144.0
2020-04-25,1055,37.0,0.0,37.0,RKI,DE-SH,Ostholstein,200581.0,144.0
2020-04-28,1055,37.0,0.0,37.0,RKI,DE-SH,Ostholstein,200581.0,144.0
2020-04-29,1055,37.0,0.0,37.0,RKI,DE-SH,Ostholstein,200581.0,144.0
2020-04-30,1055,37.0,0.0,37.0,RKI,DE-SH,Ostholstein,200581.0,144.0
2020-05-21,1055,67.0,0.0,66.0,Tagesspiegel,DE-SH,Ostholstein,200581.0,144.0
2020-07-12,1055,68.0,0.0,68.0,Tagesspiegel,DE-SH,Ostholstein,200581.0,144.0
2020-07-13,1055,69.0,0.0,68.0,Tagesspiegel,DE-SH,Ostholstein,200581.0,144.0
2020-03-06,1056,0.0,0.0,0.0,RKI,DE-SH,Pinneberg,314391.0,473.0
2020-03-09,1056,0.0,0.0,0.0,RKI,DE-SH,Pinneberg,314391.0,473.0
2020-03-10,1056,0.0,0.0,0.0,RKI,DE-SH,Pinneberg,314391.0,473.0
2020-03-11,1056,4.0,0.0,4.0,RKI,DE-SH,Pinneberg,314391.0,473.0
2020-03-12,1056,5.0,0.0,5.0,RKI,DE-SH,Pinneberg,314391.0,473.0
2020-03-13,1056,13.0,0.0,13.0,RKI,DE-SH,Pinneberg,314391.0,473.0
2020-03-14,1056,19.0,0.0,19.0,RKI,DE-SH,Pinneberg,314391.0,473.0
2020-03-15,1056,21.0,0.0,21.0,RKI,DE-SH,Pinneberg,314391.0,473.0
2020-03-16,1056,26.0,0.0,26.0,RKI,DE-SH,Pinneberg,314391.0,473.0
2020-03-17,1056,40.0,0.0,40.0,RKI,DE-SH,Pinneberg,314391.0,473.0
2020-03-18,1056,46.0,0.0,46.0,RKI,DE-SH,Pinneberg,314391.0,473.0
2020-03-19,1056,52.0,0.0,52.0,RKI,DE-SH,Pinneberg,314391.0,473.0
2020-03-20,1056,65.0,0.0,65.0,RKI,DE-SH,Pinneberg,314391.0,473.0
2020-03-21,1056,72.0,1.0,71.0,RKI,DE-SH,Pinneberg,314391.0,473.0
2020-03-22,1056,81.0,1.0,80.0,RKI,DE-SH,Pinneberg,314391.0,473.0
2020-03-23,1056,90.0,1.0,89.0,RKI,DE-SH,Pinneberg,314391.0,473.0
2020-03-24,1056,114.0,1.0,113.0,RKI,DE-SH,Pinneberg,314391.0,473.0
2020-03-25,1056,130.0,3.0,127.0,RKI,DE-SH,Pinneberg,314391.0,473.0
2020-03-26,1056,143.0,4.0,139.0,RKI,DE-SH,Pinneberg,314391.0,473.0
2020-03-27,1056,168.0,5.0,163.0,RKI,DE-SH,Pinneberg,314391.0,473.0
2020-03-28,1056,181.0,5.0,176.0,RKI,DE-SH,Pinneberg,314391.0,473.0
2020-03-29,1056,188.0,6.0,182.0,RKI,DE-SH,Pinneberg,314391.0,473.0
2020-03-30,1056,188.0,2.0,1.0,Tagesspiegel,DE-SH,Pinneberg,314391.0,473.0
2020-03-31,1056,205.0,2.0,1.0,Tagesspiegel,DE-SH,Pinneberg,314391.0,473.0
2020-04-01,1056,233.0,2.0,1.0,Tagesspiegel,DE-SH,Pinneberg,314391.0,473.0
2020-04-02,1056,250.0,2.0,1.0,Tagesspiegel,DE-SH,Pinneberg,314391.0,473.0
2020-04-03,1056,271.0,2.0,1.0,Tagesspiegel,DE-SH,Pinneberg,314391.0,473.0
2020-04-04,1056,304.0,3.0,1.0,Tagesspiegel,DE-SH,Pinneberg,314391.0,473.0
2020-04-05,1056,304.0,3.0,1.0,Tagesspiegel,DE-SH,Pinneberg,314391.0,473.0
2020-04-06,1056,339.0,3.0,1.0,Tagesspiegel,DE-SH,Pinneberg,314391.0,473.0
2020-04-07,1056,339.0,4.0,50.0,Tagesspiegel,DE-SH,Pinneberg,314391.0,473.0
2020-04-08,1056,377.0,4.0,56.0,Tagesspiegel,DE-SH,Pinneberg,314391.0,473.0
2020-04-09,1056,423.0,7.0,64.0,Tagesspiegel,DE-SH,Pinneberg,314391.0,473.0
2020-04-10,1056,445.0,8.0,64.0,Tagesspiegel,DE-SH,Pinneberg,314391.0,473.0
2020-04-11,1056,455.0,8.0,64.0,Tagesspiegel,DE-SH,Pinneberg,314391.0,473.0
2020-04-12,1056,455.0,10.0,64.0,Tagesspiegel,DE-SH,Pinneberg,314391.0,473.0
2020-04-13,1056,455.0,10.0,64.0,Tagesspiegel,DE-SH,Pinneberg,314391.0,473.0
2020-04-14,1056,461.0,12.0,133.0,Tagesspiegel,DE-SH,Pinneberg,314391.0,473.0
2020-04-15,1056,468.0,12.0,133.0,Tagesspiegel,DE-SH,Pinneberg,314391.0,473.0
2020-04-16,1056,468.0,14.0,133.0,Tagesspiegel,DE-SH,Pinneberg,314391.0,473.0
2020-04-17,1056,477.0,14.0,165.0,Tagesspiegel,DE-SH,Pinneberg,314391.0,473.0
2020-04-18,1056,483.0,14.0,165.0,Tagesspiegel,DE-SH,Pinneberg,314391.0,473.0
2020-04-21,1056,494.0,18.0,238.0,Tagesspiegel,DE-SH,Pinneberg,314391.0,473.0
2020-04-22,1056,502.0,18.0,238.0,Tagesspiegel,DE-SH,Pinneberg,314391.0,473.0
2020-04-23,1056,507.0,20.0,279.0,Tagesspiegel,DE-SH,Pinneberg,314391.0,473.0
2020-04-24,1056,520.0,20.0,285.0,Tagesspiegel,DE-SH,Pinneberg,314391.0,473.0
2020-04-25,1056,526.0,20.0,285.0,Tagesspiegel,DE-SH,Pinneberg,314391.0,473.0
2020-04-26,1056,526.0,26.0,285.0,Tagesspiegel,DE-SH,Pinneberg,314391.0,473.0
2020-04-27,1056,529.0,28.0,302.0,Tagesspiegel,DE-SH,Pinneberg,314391.0,473.0
2020-04-28,1056,534.0,28.0,333.0,Tagesspiegel,DE-SH,Pinneberg,314391.0,473.0
2020-04-29,1056,540.0,29.0,351.0,Tagesspiegel,DE-SH,Pinneberg,314391.0,473.0
2020-04-30,1056,544.0,29.0,351.0,Tagesspiegel,DE-SH,Pinneberg,314391.0,473.0
2020-05-01,1056,551.0,31.0,374.0,Tagesspiegel,DE-SH,Pinneberg,314391.0,473.0
2020-05-02,1056,558.0,33.0,374.0,Tagesspiegel,DE-SH,Pinneberg,314391.0,473.0
2020-05-04,1056,565.0,33.0,382.0,Tagesspiegel,DE-SH,Pinneberg,314391.0,473.0
2020-05-05,1056,565.0,34.0,382.0,Tagesspiegel,DE-SH,Pinneberg,314391.0,473.0
2020-05-07,1056,571.0,36.0,392.0,Tagesspiegel,DE-SH,Pinneberg,314391.0,473.0
2020-05-08,1056,576.0,36.0,392.0,Tagesspiegel,DE-SH,Pinneberg,314391.0,473.0
2020-05-09,1056,576.0,36.0,392.0,Tagesspiegel,DE-SH,Pinneberg,314391.0,473.0
2020-05-10,1056,576.0,37.0,392.0,Tagesspiegel,DE-SH,Pinneberg,314391.0,473.0
2020-05-12,1056,591.0,37.0,414.0,Tagesspiegel,DE-SH,Pinneberg,314391.0,473.0
2020-05-13,1056,597.0,37.0,414.0,Tagesspiegel,DE-SH,Pinneberg,314391.0,473.0
2020-05-14,1056,598.0,37.0,414.0,Tagesspiegel,DE-SH,Pinneberg,314391.0,473.0
2020-05-15,1056,601.0,37.0,414.0,Tagesspiegel,DE-SH,Pinneberg,314391.0,473.0
2020-05-16,1056,601.0,37.0,414.0,Tagesspiegel,DE-SH,Pinneberg,314391.0,473.0
2020-05-19,1056,603.0,37.0,446.0,Tagesspiegel,DE-SH,Pinneberg,314391.0,473.0
2020-07-04,1056,601.0,46.0,555.0,Tagesspiegel,DE-SH,Pinneberg,314391.0,473.0
2020-07-07,1056,602.0,46.0,556.0,Tagesspiegel,DE-SH,Pinneberg,314391.0,473.0
2020-07-09,1056,604.0,46.0,556.0,Tagesspiegel,DE-SH,Pinneberg,314391.0,473.0
2020-07-14,1056,607.0,46.0,556.0,Tagesspiegel,DE-SH,Pinneberg,314391.0,473.0
2020-07-15,1056,607.0,46.0,556.0,Tagesspiegel,DE-SH,Pinneberg,314391.0,473.0
2020-03-14,1057,3.0,0.0,3.0,RKI,DE-SH,Plön,128647.0,119.0
2020-03-16,1057,4.0,0.0,4.0,RKI,DE-SH,Plön,128647.0,119.0
2020-03-17,1057,4.0,0.0,4.0,RKI,DE-SH,Plön,128647.0,119.0
2020-03-18,1057,5.0,0.0,5.0,RKI,DE-SH,Plön,128647.0,119.0
2020-03-19,1057,5.0,0.0,5.0,RKI,DE-SH,Plön,128647.0,119.0
2020-03-20,1057,5.0,0.0,5.0,RKI,DE-SH,Plön,128647.0,119.0
2020-03-21,1057,7.0,0.0,7.0,RKI,DE-SH,Plön,128647.0,119.0
2020-03-22,1057,10.0,0.0,10.0,RKI,DE-SH,Plön,128647.0,119.0
2020-03-23,1057,14.0,1.0,13.0,RKI,DE-SH,Plön,128647.0,119.0
2020-03-24,1057,20.0,1.0,19.0,RKI,DE-SH,Plön,128647.0,119.0
2020-03-25,1057,26.0,1.0,25.0,RKI,DE-SH,Plön,128647.0,119.0
2020-03-26,1057,32.0,2.0,30.0,RKI,DE-SH,Plön,128647.0,119.0
2020-03-27,1057,35.0,2.0,33.0,RKI,DE-SH,Plön,128647.0,119.0
2020-03-28,1057,38.0,3.0,35.0,RKI,DE-SH,Plön,128647.0,119.0
2020-03-30,1057,40.0,3.0,37.0,RKI,DE-SH,Plön,128647.0,119.0
2020-03-31,1057,41.0,3.0,38.0,RKI,DE-SH,Plön,128647.0,119.0
2020-04-01,1057,46.0,3.0,43.0,RKI,DE-SH,Plön,128647.0,119.0
2020-04-02,1057,50.0,3.0,47.0,RKI,DE-SH,Plön,128647.0,119.0
2020-04-03,1057,52.0,3.0,49.0,RKI,DE-SH,Plön,128647.0,119.0
2020-04-04,1057,52.0,3.0,49.0,RKI,DE-SH,Plön,128647.0,119.0
2020-04-05,1057,53.0,3.0,50.0,RKI,DE-SH,Plön,128647.0,119.0
2020-04-06,1057,57.0,5.0,52.0,RKI,DE-SH,Plön,128647.0,119.0
2020-04-07,1057,75.0,2.0,13.0,Tagesspiegel,DE-SH,Plön,128647.0,119.0
2020-04-08,1057,80.0,3.0,13.0,Tagesspiegel,DE-SH,Plön,128647.0,119.0
2020-04-09,1057,89.0,3.0,13.0,Tagesspiegel,DE-SH,Plön,128647.0,119.0
2020-04-10,1057,89.0,3.0,13.0,Tagesspiegel,DE-SH,Plön,128647.0,119.0
2020-04-11,1057,93.0,3.0,13.0,Tagesspiegel,DE-SH,Plön,128647.0,119.0
2020-04-12,1057,94.0,3.0,13.0,Tagesspiegel,DE-SH,Plön,128647.0,119.0
2020-04-16,1057,101.0,3.0,13.0,Tagesspiegel,DE-SH,Plön,128647.0,119.0
2020-04-21,1057,104.0,4.0,13.0,Tagesspiegel,DE-SH,Plön,128647.0,119.0
2020-04-22,1057,104.0,4.0,13.0,Tagesspiegel,DE-SH,Plön,128647.0,119.0
2020-04-23,1057,105.0,4.0,13.0,Tagesspiegel,DE-SH,Plön,128647.0,119.0
2020-04-24,1057,110.0,4.0,13.0,Tagesspiegel,DE-SH,Plön,128647.0,119.0
2020-04-27,1057,115.0,6.0,87.0,Tagesspiegel,DE-SH,Plön,128647.0,119.0
2020-04-28,1057,115.0,6.0,87.0,Tagesspiegel,DE-SH,Plön,128647.0,119.0
2020-04-29,1057,116.0,6.0,91.0,Tagesspiegel,DE-SH,Plön,128647.0,119.0
2020-04-30,1057,118.0,6.0,91.0,Tagesspiegel,DE-SH,Plön,128647.0,119.0
2020-05-09,1057,119.0,8.0,95.0,Tagesspiegel,DE-SH,Plön,128647.0,119.0
2020-07-02,1057,120.0,8.0,112.0,Tagesspiegel,DE-SH,Plön,128647.0,119.0
2020-03-12,1058,3.0,0.0,3.0,RKI,DE-SH,Rendsburg-Eckernförde,272775.0,125.0
2020-03-13,1058,6.0,0.0,6.0,RKI,DE-SH,Rendsburg-Eckernförde,272775.0,125.0
2020-03-14,1058,6.0,0.0,6.0,RKI,DE-SH,Rendsburg-Eckernförde,272775.0,125.0
2020-03-15,1058,9.0,0.0,9.0,RKI,DE-SH,Rendsburg-Eckernförde,272775.0,125.0
2020-03-16,1058,10.0,0.0,10.0,RKI,DE-SH,Rendsburg-Eckernförde,272775.0,125.0
2020-03-17,1058,13.0,1.0,12.0,RKI,DE-SH,Rendsburg-Eckernförde,272775.0,125.0
2020-03-18,1058,17.0,1.0,16.0,RKI,DE-SH,Rendsburg-Eckernförde,272775.0,125.0
2020-03-19,1058,18.0,1.0,17.0,RKI,DE-SH,Rendsburg-Eckernförde,272775.0,125.0
2020-03-20,1058,24.0,1.0,23.0,RKI,DE-SH,Rendsburg-Eckernförde,272775.0,125.0
2020-03-21,1058,26.0,3.0,23.0,RKI,DE-SH,Rendsburg-Eckernförde,272775.0,125.0
2020-03-22,1058,29.0,4.0,25.0,RKI,DE-SH,Rendsburg-Eckernförde,272775.0,125.0
2020-03-23,1058,37.0,4.0,33.0,RKI,DE-SH,Rendsburg-Eckernförde,272775.0,125.0
2020-03-24,1058,50.0,4.0,46.0,RKI,DE-SH,Rendsburg-Eckernförde,272775.0,125.0
2020-03-25,1058,63.0,6.0,57.0,RKI,DE-SH,Rendsburg-Eckernförde,272775.0,125.0
2020-03-26,1058,78.0,8.0,70.0,RKI,DE-SH,Rendsburg-Eckernförde,272775.0,125.0
2020-03-27,1058,87.0,9.0,78.0,RKI,DE-SH,Rendsburg-Eckernförde,272775.0,125.0
2020-03-28,1058,97.0,9.0,88.0,RKI,DE-SH,Rendsburg-Eckernförde,272775.0,125.0
2020-03-29,1058,97.0,9.0,88.0,RKI,DE-SH,Rendsburg-Eckernförde,272775.0,125.0
2020-03-30,1058,107.0,10.0,97.0,RKI,DE-SH,Rendsburg-Eckernförde,272775.0,125.0
2020-03-31,1058,108.0,10.0,98.0,RKI,DE-SH,Rendsburg-Eckernförde,272775.0,125.0
2020-04-01,1058,114.0,10.0,104.0,RKI,DE-SH,Rendsburg-Eckernförde,272775.0,125.0
2020-04-02,1058,123.0,10.0,113.0,RKI,DE-SH,Rendsburg-Eckernförde,272775.0,125.0
2020-04-03,1058,129.0,10.0,119.0,RKI,DE-SH,Rendsburg-Eckernförde,272775.0,125.0
2020-04-04,1058,137.0,10.0,127.0,RKI,DE-SH,Rendsburg-Eckernförde,272775.0,125.0
2020-04-06,1058,142.0,10.0,132.0,RKI,DE-SH,Rendsburg-Eckernförde,272775.0,125.0
2020-04-07,1058,166.0,6.0,26.0,Tagesspiegel,DE-SH,Rendsburg-Eckernförde,272775.0,125.0
2020-04-08,1058,172.0,7.0,26.0,Tagesspiegel,DE-SH,Rendsburg-Eckernförde,272775.0,125.0
2020-04-09,1058,177.0,7.0,26.0,Tagesspiegel,DE-SH,Rendsburg-Eckernförde,272775.0,125.0
2020-04-10,1058,186.0,7.0,26.0,Tagesspiegel,DE-SH,Rendsburg-Eckernförde,272775.0,125.0
2020-04-11,1058,192.0,7.0,26.0,Tagesspiegel,DE-SH,Rendsburg-Eckernförde,272775.0,125.0
2020-04-12,1058,195.0,8.0,26.0,Tagesspiegel,DE-SH,Rendsburg-Eckernförde,272775.0,125.0
2020-04-15,1058,199.0,10.0,90.0,Tagesspiegel,DE-SH,Rendsburg-Eckernförde,272775.0,125.0
2020-04-16,1058,199.0,10.0,90.0,Tagesspiegel,DE-SH,Rendsburg-Eckernförde,272775.0,125.0
2020-04-17,1058,210.0,11.0,128.0,Tagesspiegel,DE-SH,Rendsburg-Eckernförde,272775.0,125.0
2020-04-18,1058,213.0,12.0,128.0,Tagesspiegel,DE-SH,Rendsburg-Eckernförde,272775.0,125.0
2020-04-19,1058,215.0,12.0,128.0,Tagesspiegel,DE-SH,Rendsburg-Eckernförde,272775.0,125.0
2020-04-20,1058,217.0,12.0,135.0,Tagesspiegel,DE-SH,Rendsburg-Eckernförde,272775.0,125.0
2020-04-21,1058,219.0,12.0,139.0,Tagesspiegel,DE-SH,Rendsburg-Eckernförde,272775.0,125.0
2020-04-22,1058,221.0,13.0,148.0,Tagesspiegel,DE-SH,Rendsburg-Eckernförde,272775.0,125.0
2020-04-23,1058,224.0,14.0,157.0,Tagesspiegel,DE-SH,Rendsburg-Eckernförde,272775.0,125.0
2020-04-24,1058,226.0,14.0,164.0,Tagesspiegel,DE-SH,Rendsburg-Eckernförde,272775.0,125.0
2020-04-25,1058,228.0,14.0,163.0,Tagesspiegel,DE-SH,Rendsburg-Eckernförde,272775.0,125.0
2020-04-26,1058,231.0,14.0,164.0,Tagesspiegel,DE-SH,Rendsburg-Eckernförde,272775.0,125.0
2020-04-28,1058,232.0,14.0,169.0,Tagesspiegel,DE-SH,Rendsburg-Eckernförde,272775.0,125.0
2020-04-29,1058,234.0,14.0,174.0,Tagesspiegel,DE-SH,Rendsburg-Eckernförde,272775.0,125.0
2020-04-30,1058,235.0,14.0,180.0,Tagesspiegel,DE-SH,Rendsburg-Eckernförde,272775.0,125.0
2020-05-05,1058,237.0,14.0,185.0,Tagesspiegel,DE-SH,Rendsburg-Eckernförde,272775.0,125.0
2020-05-06,1058,238.0,14.0,196.0,Tagesspiegel,DE-SH,Rendsburg-Eckernförde,272775.0,125.0
2020-05-07,1058,241.0,14.0,200.0,Tagesspiegel,DE-SH,Rendsburg-Eckernförde,272775.0,125.0
2020-05-08,1058,244.0,14.0,204.0,Tagesspiegel,DE-SH,Rendsburg-Eckernförde,272775.0,125.0
2020-05-09,1058,246.0,14.0,204.0,Tagesspiegel,DE-SH,Rendsburg-Eckernförde,272775.0,125.0
2020-05-10,1058,246.0,14.0,204.0,Tagesspiegel,DE-SH,Rendsburg-Eckernförde,272775.0,125.0
2020-05-12,1058,250.0,14.0,209.0,Tagesspiegel,DE-SH,Rendsburg-Eckernförde,272775.0,125.0
2020-05-13,1058,252.0,14.0,212.0,Tagesspiegel,DE-SH,Rendsburg-Eckernförde,272775.0,125.0
2020-05-14,1058,253.0,14.0,212.0,Tagesspiegel,DE-SH,Rendsburg-Eckernförde,272775.0,125.0
2020-05-26,1058,253.0,14.0,230.0,Tagesspiegel,DE-SH,Rendsburg-Eckernförde,272775.0,125.0
2020-05-28,1058,253.0,14.0,228.0,Tagesspiegel,DE-SH,Rendsburg-Eckernförde,272775.0,125.0
2020-05-30,1058,254.0,14.0,228.0,Tagesspiegel,DE-SH,Rendsburg-Eckernförde,272775.0,125.0
2020-06-30,1058,256.0,14.0,241.0,Tagesspiegel,DE-SH,Rendsburg-Eckernförde,272775.0,125.0
2020-07-02,1058,257.0,14.0,241.0,Tagesspiegel,DE-SH,Rendsburg-Eckernförde,272775.0,125.0
2020-07-12,1058,257.0,14.0,241.0,Tagesspiegel,DE-SH,Rendsburg-Eckernförde,272775.0,125.0
2020-03-12,1059,1.0,0.0,1.0,RKI,DE-SH,Schleswig-Flensburg,200025.0,97.0
2020-03-13,1059,3.0,0.0,3.0,RKI,DE-SH,Schleswig-Flensburg,200025.0,97.0
2020-03-14,1059,4.0,0.0,4.0,RKI,DE-SH,Schleswig-Flensburg,200025.0,97.0
2020-03-15,1059,8.0,0.0,8.0,RKI,DE-SH,Schleswig-Flensburg,200025.0,97.0
2020-03-16,1059,8.0,0.0,8.0,RKI,DE-SH,Schleswig-Flensburg,200025.0,97.0
2020-03-18,1059,10.0,0.0,10.0,RKI,DE-SH,Schleswig-Flensburg,200025.0,97.0
2020-03-19,1059,11.0,0.0,11.0,RKI,DE-SH,Schleswig-Flensburg,200025.0,97.0
2020-03-20,1059,11.0,0.0,11.0,RKI,DE-SH,Schleswig-Flensburg,200025.0,97.0
2020-03-22,1059,13.0,0.0,13.0,RKI,DE-SH,Schleswig-Flensburg,200025.0,97.0
2020-03-23,1059,13.0,0.0,13.0,RKI,DE-SH,Schleswig-Flensburg,200025.0,97.0
2020-03-24,1059,18.0,1.0,17.0,RKI,DE-SH,Schleswig-Flensburg,200025.0,97.0
2020-03-25,1059,19.0,1.0,18.0,RKI,DE-SH,Schleswig-Flensburg,200025.0,97.0
2020-03-26,1059,27.0,1.0,26.0,RKI,DE-SH,Schleswig-Flensburg,200025.0,97.0
2020-03-27,1059,36.0,1.0,35.0,RKI,DE-SH,Schleswig-Flensburg,200025.0,97.0
2020-03-28,1059,44.0,1.0,43.0,RKI,DE-SH,Schleswig-Flensburg,200025.0,97.0
2020-03-29,1059,44.0,1.0,43.0,RKI,DE-SH,Schleswig-Flensburg,200025.0,97.0
2020-03-30,1059,67.0,0.0,3.0,Tagesspiegel,DE-SH,Schleswig-Flensburg,200025.0,97.0
2020-03-31,1059,69.0,0.0,3.0,Tagesspiegel,DE-SH,Schleswig-Flensburg,200025.0,97.0
2020-04-01,1059,75.0,0.0,4.0,Tagesspiegel,DE-SH,Schleswig-Flensburg,200025.0,97.0
2020-04-02,1059,87.0,0.0,11.0,Tagesspiegel,DE-SH,Schleswig-Flensburg,200025.0,97.0
2020-04-03,1059,88.0,0.0,15.0,Tagesspiegel,DE-SH,Schleswig-Flensburg,200025.0,97.0
2020-04-04,1059,91.0,0.0,18.0,Tagesspiegel,DE-SH,Schleswig-Flensburg,200025.0,97.0
2020-04-07,1059,95.0,1.0,22.0,Tagesspiegel,DE-SH,Schleswig-Flensburg,200025.0,97.0
2020-04-08,1059,99.0,1.0,24.0,Tagesspiegel,DE-SH,Schleswig-Flensburg,200025.0,97.0
2020-04-09,1059,101.0,1.0,26.0,Tagesspiegel,DE-SH,Schleswig-Flensburg,200025.0,97.0
2020-04-10,1059,104.0,1.0,26.0,Tagesspiegel,DE-SH,Schleswig-Flensburg,200025.0,97.0
2020-04-11,1059,107.0,1.0,26.0,Tagesspiegel,DE-SH,Schleswig-Flensburg,200025.0,97.0
2020-04-12,1059,108.0,2.0,36.0,Tagesspiegel,DE-SH,Schleswig-Flensburg,200025.0,97.0
2020-04-15,1059,113.0,3.0,47.0,Tagesspiegel,DE-SH,Schleswig-Flensburg,200025.0,97.0
2020-04-16,1059,115.0,3.0,56.0,Tagesspiegel,DE-SH,Schleswig-Flensburg,200025.0,97.0
2020-04-17,1059,116.0,3.0,66.0,Tagesspiegel,DE-SH,Schleswig-Flensburg,200025.0,97.0
2020-04-18,1059,116.0,3.0,66.0,Tagesspiegel,DE-SH,Schleswig-Flensburg,200025.0,97.0
2020-04-21,1059,117.0,3.0,71.0,Tagesspiegel,DE-SH,Schleswig-Flensburg,200025.0,97.0
2020-04-25,1059,121.0,3.0,87.0,Tagesspiegel,DE-SH,Schleswig-Flensburg,200025.0,97.0
2020-04-26,1059,122.0,3.0,88.0,Tagesspiegel,DE-SH,Schleswig-Flensburg,200025.0,97.0
2020-04-28,1059,123.0,3.0,88.0,Tagesspiegel,DE-SH,Schleswig-Flensburg,200025.0,97.0
2020-05-05,1059,125.0,3.0,113.0,Tagesspiegel,DE-SH,Schleswig-Flensburg,200025.0,97.0
2020-05-06,1059,126.0,3.0,118.0,Tagesspiegel,DE-SH,Schleswig-Flensburg,200025.0,97.0
2020-05-07,1059,127.0,3.0,118.0,Tagesspiegel,DE-SH,Schleswig-Flensburg,200025.0,97.0
2020-05-13,1059,128.0,3.0,120.0,Tagesspiegel,DE-SH,Schleswig-Flensburg,200025.0,97.0
2020-05-19,1059,129.0,3.0,121.0,Tagesspiegel,DE-SH,Schleswig-Flensburg,200025.0,97.0
2020-05-20,1059,130.0,3.0,121.0,Tagesspiegel,DE-SH,Schleswig-Flensburg,200025.0,97.0
2020-05-21,1059,133.0,3.0,123.0,Tagesspiegel,DE-SH,Schleswig-Flensburg,200025.0,97.0
2020-05-22,1059,134.0,3.0,123.0,Tagesspiegel,DE-SH,Schleswig-Flensburg,200025.0,97.0
2020-05-26,1059,156.0,4.0,123.0,Tagesspiegel,DE-SH,Schleswig-Flensburg,200025.0,97.0
2020-05-29,1059,158.0,4.0,124.0,Tagesspiegel,DE-SH,Schleswig-Flensburg,200025.0,97.0
2020-06-08,1059,159.0,4.0,139.0,Tagesspiegel,DE-SH,Schleswig-Flensburg,200025.0,97.0
2020-06-09,1059,160.0,4.0,140.0,Tagesspiegel,DE-SH,Schleswig-Flensburg,200025.0,97.0
2020-07-14,1059,160.0,4.0,156.0,Tagesspiegel,DE-SH,Schleswig-Flensburg,200025.0,97.0
2020-03-06,1060,0.0,0.0,0.0,RKI,DE-SH,Segeberg,276032.0,205.0
2020-03-12,1060,1.0,0.0,1.0,RKI,DE-SH,Segeberg,276032.0,205.0
2020-03-14,1060,2.0,0.0,2.0,RKI,DE-SH,Segeberg,276032.0,205.0
2020-03-16,1060,5.0,0.0,5.0,RKI,DE-SH,Segeberg,276032.0,205.0
2020-03-17,1060,8.0,0.0,8.0,RKI,DE-SH,Segeberg,276032.0,205.0
2020-03-18,1060,11.0,0.0,11.0,RKI,DE-SH,Segeberg,276032.0,205.0
2020-03-19,1060,14.0,0.0,14.0,RKI,DE-SH,Segeberg,276032.0,205.0
2020-03-20,1060,18.0,0.0,18.0,RKI,DE-SH,Segeberg,276032.0,205.0
2020-03-21,1060,19.0,0.0,19.0,RKI,DE-SH,Segeberg,276032.0,205.0
2020-03-22,1060,19.0,0.0,19.0,RKI,DE-SH,Segeberg,276032.0,205.0
2020-03-23,1060,22.0,0.0,22.0,RKI,DE-SH,Segeberg,276032.0,205.0
2020-03-24,1060,30.0,0.0,30.0,RKI,DE-SH,Segeberg,276032.0,205.0
2020-03-25,1060,34.0,0.0,34.0,RKI,DE-SH,Segeberg,276032.0,205.0
2020-03-26,1060,39.0,0.0,39.0,RKI,DE-SH,Segeberg,276032.0,205.0
2020-03-27,1060,46.0,0.0,46.0,RKI,DE-SH,Segeberg,276032.0,205.0
2020-03-28,1060,54.0,0.0,54.0,RKI,DE-SH,Segeberg,276032.0,205.0
2020-03-29,1060,60.0,0.0,60.0,RKI,DE-SH,Segeberg,276032.0,205.0
2020-03-30,1060,73.0,0.0,16.0,Tagesspiegel,DE-SH,Segeberg,276032.0,205.0
2020-03-31,1060,80.0,0.0,28.0,Tagesspiegel,DE-SH,Segeberg,276032.0,205.0
2020-04-01,1060,93.0,0.0,35.0,Tagesspiegel,DE-SH,Segeberg,276032.0,205.0
2020-04-02,1060,108.0,0.0,37.0,Tagesspiegel,DE-SH,Segeberg,276032.0,205.0
2020-04-03,1060,119.0,0.0,43.0,Tagesspiegel,DE-SH,Segeberg,276032.0,205.0
2020-04-04,1060,133.0,0.0,44.0,Tagesspiegel,DE-SH,Segeberg,276032.0,205.0
2020-04-05,1060,141.0,0.0,57.0,Tagesspiegel,DE-SH,Segeberg,276032.0,205.0
2020-04-06,1060,143.0,0.0,62.0,Tagesspiegel,DE-SH,Segeberg,276032.0,205.0
2020-04-07,1060,151.0,0.0,67.0,Tagesspiegel,DE-SH,Segeberg,276032.0,205.0
2020-04-08,1060,162.0,1.0,72.0,Tagesspiegel,DE-SH,Segeberg,276032.0,205.0
2020-04-09,1060,169.0,1.0,72.0,Tagesspiegel,DE-SH,Segeberg,276032.0,205.0
2020-04-10,1060,172.0,1.0,86.0,Tagesspiegel,DE-SH,Segeberg,276032.0,205.0
2020-04-11,1060,180.0,1.0,86.0,Tagesspiegel,DE-SH,Segeberg,276032.0,205.0
2020-04-12,1060,183.0,2.0,98.0,Tagesspiegel,DE-SH,Segeberg,276032.0,205.0
2020-04-13,1060,184.0,2.0,98.0,Tagesspiegel,DE-SH,Segeberg,276032.0,205.0
2020-04-14,1060,186.0,2.0,105.0,Tagesspiegel,DE-SH,Segeberg,276032.0,205.0
2020-04-15,1060,194.0,2.0,120.0,Tagesspiegel,DE-SH,Segeberg,276032.0,205.0
2020-04-16,1060,198.0,2.0,128.0,Tagesspiegel,DE-SH,Segeberg,276032.0,205.0
2020-04-17,1060,201.0,2.0,142.0,Tagesspiegel,DE-SH,Segeberg,276032.0,205.0
2020-04-18,1060,202.0,2.0,142.0,Tagesspiegel,DE-SH,Segeberg,276032.0,205.0
2020-04-20,1060,206.0,2.0,157.0,Tagesspiegel,DE-SH,Segeberg,276032.0,205.0
2020-04-24,1060,207.0,3.0,175.0,Tagesspiegel,DE-SH,Segeberg,276032.0,205.0
2020-04-25,1060,212.0,3.0,175.0,Tagesspiegel,DE-SH,Segeberg,276032.0,205.0
2020-04-26,1060,212.0,3.0,179.0,Tagesspiegel,DE-SH,Segeberg,276032.0,205.0
2020-04-27,1060,214.0,3.0,183.0,Tagesspiegel,DE-SH,Segeberg,276032.0,205.0
2020-04-28,1060,214.0,3.0,188.0,Tagesspiegel,DE-SH,Segeberg,276032.0,205.0
2020-04-29,1060,216.0,3.0,194.0,Tagesspiegel,DE-SH,Segeberg,276032.0,205.0
2020-04-30,1060,219.0,3.0,199.0,Tagesspiegel,DE-SH,Segeberg,276032.0,205.0
2020-05-01,1060,222.0,3.0,199.0,Tagesspiegel,DE-SH,Segeberg,276032.0,205.0
2020-05-02,1060,224.0,3.0,199.0,Tagesspiegel,DE-SH,Segeberg,276032.0,205.0
2020-05-03,1060,225.0,3.0,201.0,Tagesspiegel,DE-SH,Segeberg,276032.0,205.0
2020-05-04,1060,226.0,3.0,201.0,Tagesspiegel,DE-SH,Segeberg,276032.0,205.0
2020-05-05,1060,229.0,3.0,201.0,Tagesspiegel,DE-SH,Segeberg,276032.0,205.0
2020-05-06,1060,234.0,3.0,202.0,Tagesspiegel,DE-SH,Segeberg,276032.0,205.0
2020-05-07,1060,239.0,3.0,206.0,Tagesspiegel,DE-SH,Segeberg,276032.0,205.0
2020-05-08,1060,269.0,3.0,207.0,Tagesspiegel,DE-SH,Segeberg,276032.0,205.0
2020-05-09,1060,270.0,3.0,208.0,Tagesspiegel,DE-SH,Segeberg,276032.0,205.0
2020-05-10,1060,281.0,3.0,208.0,Tagesspiegel,DE-SH,Segeberg,276032.0,205.0
2020-05-11,1060,284.0,3.0,208.0,Tagesspiegel,DE-SH,Segeberg,276032.0,205.0
2020-05-12,1060,289.0,3.0,220.0,Tagesspiegel,DE-SH,Segeberg,276032.0,205.0
2020-05-13,1060,292.0,3.0,220.0,Tagesspiegel,DE-SH,Segeberg,276032.0,205.0
2020-05-14,1060,294.0,3.0,226.0,Tagesspiegel,DE-SH,Segeberg,276032.0,205.0
2020-05-15,1060,294.0,3.0,226.0,Tagesspiegel,DE-SH,Segeberg,276032.0,205.0
2020-05-19,1060,297.0,3.0,261.0,Tagesspiegel,DE-SH,Segeberg,276032.0,205.0
2020-05-20,1060,301.0,3.0,261.0,Tagesspiegel,DE-SH,Segeberg,276032.0,205.0
2020-05-21,1060,305.0,3.0,275.0,Tagesspiegel,DE-SH,Segeberg,276032.0,205.0
2020-05-22,1060,306.0,3.0,279.0,Tagesspiegel,DE-SH,Segeberg,276032.0,205.0
2020-05-28,1060,315.0,3.0,289.0,Tagesspiegel,DE-SH,Segeberg,276032.0,205.0
2020-05-29,1060,316.0,3.0,291.0,Tagesspiegel,DE-SH,Segeberg,276032.0,205.0
2020-05-30,1060,325.0,3.0,291.0,Tagesspiegel,DE-SH,Segeberg,276032.0,205.0
2020-06-01,1060,326.0,3.0,298.0,Tagesspiegel,DE-SH,Segeberg,276032.0,205.0
2020-06-05,1060,330.0,5.0,305.0,Tagesspiegel,DE-SH,Segeberg,276032.0,205.0
2020-06-19,1060,331.0,7.0,322.0,Tagesspiegel,DE-SH,Segeberg,276032.0,205.0
2020-06-24,1060,332.0,7.0,323.0,Tagesspiegel,DE-SH,Segeberg,276032.0,205.0
2020-07-01,1060,333.0,7.0,324.0,Tagesspiegel,DE-SH,Segeberg,276032.0,205.0
2020-07-02,1060,335.0,7.0,324.0,Tagesspiegel,DE-SH,Segeberg,276032.0,205.0
2020-07-04,1060,336.0,7.0,326.0,Tagesspiegel,DE-SH,Segeberg,276032.0,205.0
2020-07-07,1060,337.0,7.0,327.0,Tagesspiegel,DE-SH,Segeberg,276032.0,205.0
2020-07-12,1060,338.0,7.0,329.0,Tagesspiegel,DE-SH,Segeberg,276032.0,205.0
2020-07-13,1060,338.0,7.0,331.0,Tagesspiegel,DE-SH,Segeberg,276032.0,205.0
2020-07-14,1060,345.0,7.0,331.0,Tagesspiegel,DE-SH,Segeberg,276032.0,205.0
2020-07-16,1060,349.0,7.0,331.0,Tagesspiegel,DE-SH,Segeberg,276032.0,205.0
2020-03-14,1061,0.0,0.0,0.0,RKI,DE-SH,Steinburg,131347.0,124.0
2020-03-19,1061,3.0,0.0,3.0,RKI,DE-SH,Steinburg,131347.0,124.0
2020-03-20,1061,7.0,0.0,7.0,RKI,DE-SH,Steinburg,131347.0,124.0
2020-03-23,1061,13.0,0.0,13.0,RKI,DE-SH,Steinburg,131347.0,124.0
2020-03-24,1061,13.0,0.0,13.0,RKI,DE-SH,Steinburg,131347.0,124.0
2020-03-25,1061,15.0,0.0,15.0,RKI,DE-SH,Steinburg,131347.0,124.0
2020-03-26,1061,19.0,0.0,19.0,RKI,DE-SH,Steinburg,131347.0,124.0
2020-03-27,1061,26.0,0.0,26.0,RKI,DE-SH,Steinburg,131347.0,124.0
2020-03-30,1061,29.0,1.0,28.0,RKI,DE-SH,Steinburg,131347.0,124.0
2020-03-31,1061,31.0,1.0,30.0,RKI,DE-SH,Steinburg,131347.0,124.0
2020-04-01,1061,37.0,2.0,35.0,RKI,DE-SH,Steinburg,131347.0,124.0
2020-04-02,1061,43.0,1.0,7.0,Tagesspiegel,DE-SH,Steinburg,131347.0,124.0
2020-04-03,1061,51.0,1.0,7.0,Tagesspiegel,DE-SH,Steinburg,131347.0,124.0
2020-04-04,1061,53.0,1.0,7.0,Tagesspiegel,DE-SH,Steinburg,131347.0,124.0
2020-04-06,1061,53.0,1.0,27.0,Tagesspiegel,DE-SH,Steinburg,131347.0,124.0
2020-04-07,1061,62.0,1.0,27.0,Tagesspiegel,DE-SH,Steinburg,131347.0,124.0
2020-04-08,1061,62.0,1.0,27.0,Tagesspiegel,DE-SH,Steinburg,131347.0,124.0
2020-04-09,1061,66.0,2.0,27.0,Tagesspiegel,DE-SH,Steinburg,131347.0,124.0
2020-04-10,1061,70.0,2.0,27.0,Tagesspiegel,DE-SH,Steinburg,131347.0,124.0
2020-04-15,1061,74.0,2.0,41.0,Tagesspiegel,DE-SH,Steinburg,131347.0,124.0
2020-04-16,1061,73.0,2.0,41.0,Tagesspiegel,DE-SH,Steinburg,131347.0,124.0
2020-04-17,1061,76.0,3.0,51.0,Tagesspiegel,DE-SH,Steinburg,131347.0,124.0
2020-04-19,1061,77.0,3.0,51.0,Tagesspiegel,DE-SH,Steinburg,131347.0,124.0
2020-04-22,1061,79.0,3.0,51.0,Tagesspiegel,DE-SH,Steinburg,131347.0,124.0
2020-04-24,1061,83.0,3.0,51.0,Tagesspiegel,DE-SH,Steinburg,131347.0,124.0
2020-04-30,1061,82.0,3.0,51.0,Tagesspiegel,DE-SH,Steinburg,131347.0,124.0
2020-05-03,1061,84.0,3.0,51.0,Tagesspiegel,DE-SH,Steinburg,131347.0,124.0
2020-05-05,1061,132.0,3.0,51.0,Tagesspiegel,DE-SH,Steinburg,131347.0,124.0
2020-05-06,1061,132.0,3.0,51.0,Tagesspiegel,DE-SH,Steinburg,131347.0,124.0
2020-05-10,1061,166.0,3.0,71.0,Tagesspiegel,DE-SH,Steinburg,131347.0,124.0
2020-05-12,1061,165.0,3.0,71.0,Tagesspiegel,DE-SH,Steinburg,131347.0,124.0
2020-05-13,1061,166.0,3.0,71.0,Tagesspiegel,DE-SH,Steinburg,131347.0,124.0
2020-05-14,1061,166.0,3.0,78.0,Tagesspiegel,DE-SH,Steinburg,131347.0,124.0
2020-05-20,1061,171.0,3.0,78.0,Tagesspiegel,DE-SH,Steinburg,131347.0,124.0
2020-05-26,1061,174.0,3.0,78.0,Tagesspiegel,DE-SH,Steinburg,131347.0,124.0
2020-05-28,1061,175.0,3.0,78.0,Tagesspiegel,DE-SH,Steinburg,131347.0,124.0
2020-06-08,1061,178.0,3.0,173.0,Tagesspiegel,DE-SH,Steinburg,131347.0,124.0
2020-06-11,1061,179.0,3.0,173.0,Tagesspiegel,DE-SH,Steinburg,131347.0,124.0
2020-06-15,1061,180.0,3.0,173.0,Tagesspiegel,DE-SH,Steinburg,131347.0,124.0
2020-06-19,1061,181.0,3.0,175.0,Tagesspiegel,DE-SH,Steinburg,131347.0,124.0
2020-06-29,1061,182.0,3.0,177.0,Tagesspiegel,DE-SH,Steinburg,131347.0,124.0
2020-07-05,1061,183.0,3.0,178.0,Tagesspiegel,DE-SH,Steinburg,131347.0,124.0
2020-07-13,1061,188.0,3.0,179.0,Tagesspiegel,DE-SH,Steinburg,131347.0,124.0
2020-03-12,1062,1.0,0.0,1.0,RKI,DE-SH,Stormarn,243196.0,317.0
2020-03-13,1062,3.0,0.0,3.0,RKI,DE-SH,Stormarn,243196.0,317.0
2020-03-14,1062,3.0,0.0,3.0,RKI,DE-SH,Stormarn,243196.0,317.0
2020-03-15,1062,3.0,0.0,3.0,RKI,DE-SH,Stormarn,243196.0,317.0
2020-03-16,1062,6.0,0.0,6.0,RKI,DE-SH,Stormarn,243196.0,317.0
2020-03-17,1062,11.0,1.0,10.0,RKI,DE-SH,Stormarn,243196.0,317.0
2020-03-18,1062,15.0,2.0,13.0,RKI,DE-SH,Stormarn,243196.0,317.0
2020-03-19,1062,24.0,2.0,22.0,RKI,DE-SH,Stormarn,243196.0,317.0
2020-03-20,1062,36.0,2.0,34.0,RKI,DE-SH,Stormarn,243196.0,317.0
2020-03-21,1062,46.0,2.0,44.0,RKI,DE-SH,Stormarn,243196.0,317.0
2020-03-22,1062,50.0,3.0,47.0,RKI,DE-SH,Stormarn,243196.0,317.0
2020-03-23,1062,57.0,4.0,53.0,RKI,DE-SH,Stormarn,243196.0,317.0
2020-03-24,1062,67.0,4.0,63.0,RKI,DE-SH,Stormarn,243196.0,317.0
2020-03-25,1062,75.0,4.0,71.0,RKI,DE-SH,Stormarn,243196.0,317.0
2020-03-26,1062,83.0,4.0,79.0,RKI,DE-SH,Stormarn,243196.0,317.0
2020-03-27,1062,96.0,4.0,92.0,RKI,DE-SH,Stormarn,243196.0,317.0
2020-03-28,1062,104.0,4.0,100.0,RKI,DE-SH,Stormarn,243196.0,317.0
2020-03-29,1062,108.0,4.0,104.0,RKI,DE-SH,Stormarn,243196.0,317.0
2020-03-30,1062,120.0,0.0,12.0,Tagesspiegel,DE-SH,Stormarn,243196.0,317.0
2020-03-31,1062,132.0,0.0,12.0,Tagesspiegel,DE-SH,Stormarn,243196.0,317.0
2020-04-01,1062,147.0,1.0,13.0,Tagesspiegel,DE-SH,Stormarn,243196.0,317.0
2020-04-02,1062,155.0,1.0,15.0,Tagesspiegel,DE-SH,Stormarn,243196.0,317.0
2020-04-03,1062,161.0,1.0,17.0,Tagesspiegel,DE-SH,Stormarn,243196.0,317.0
2020-04-04,1062,175.0,2.0,17.0,Tagesspiegel,DE-SH,Stormarn,243196.0,317.0
2020-04-05,1062,185.0,2.0,46.0,Tagesspiegel,DE-SH,Stormarn,243196.0,317.0
2020-04-06,1062,195.0,2.0,51.0,Tagesspiegel,DE-SH,Stormarn,243196.0,317.0
2020-04-07,1062,199.0,2.0,53.0,Tagesspiegel,DE-SH,Stormarn,243196.0,317.0
2020-04-08,1062,209.0,3.0,63.0,Tagesspiegel,DE-SH,Stormarn,243196.0,317.0
2020-04-09,1062,215.0,3.0,73.0,Tagesspiegel,DE-SH,Stormarn,243196.0,317.0
2020-04-10,1062,222.0,3.0,75.0,Tagesspiegel,DE-SH,Stormarn,243196.0,317.0
2020-04-11,1062,233.0,3.0,81.0,Tagesspiegel,DE-SH,Stormarn,243196.0,317.0
2020-04-12,1062,238.0,3.0,81.0,Tagesspiegel,DE-SH,Stormarn,243196.0,317.0
2020-04-13,1062,238.0,3.0,91.0,Tagesspiegel,DE-SH,Stormarn,243196.0,317.0
2020-04-14,1062,289.0,4.0,98.0,Tagesspiegel,DE-SH,Stormarn,243196.0,317.0
2020-04-15,1062,315.0,4.0,102.0,Tagesspiegel,DE-SH,Stormarn,243196.0,317.0
2020-04-16,1062,316.0,6.0,108.0,Tagesspiegel,DE-SH,Stormarn,243196.0,317.0
2020-04-17,1062,332.0,6.0,112.0,Tagesspiegel,DE-SH,Stormarn,243196.0,317.0
2020-04-18,1062,337.0,6.0,115.0,Tagesspiegel,DE-SH,Stormarn,243196.0,317.0
2020-04-19,1062,348.0,8.0,121.0,Tagesspiegel,DE-SH,Stormarn,243196.0,317.0
2020-04-20,1062,348.0,14.0,125.0,Tagesspiegel,DE-SH,Stormarn,243196.0,317.0
2020-04-21,1062,355.0,15.0,127.0,Tagesspiegel,DE-SH,Stormarn,243196.0,317.0
2020-04-22,1062,360.0,18.0,128.0,Tagesspiegel,DE-SH,Stormarn,243196.0,317.0
2020-04-23,1062,366.0,19.0,135.0,Tagesspiegel,DE-SH,Stormarn,243196.0,317.0
2020-04-24,1062,376.0,20.0,140.0,Tagesspiegel,DE-SH,Stormarn,243196.0,317.0
2020-04-25,1062,383.0,20.0,178.0,Tagesspiegel,DE-SH,Stormarn,243196.0,317.0
2020-04-26,1062,386.0,20.0,182.0,Tagesspiegel,DE-SH,Stormarn,243196.0,317.0
2020-04-27,1062,389.0,20.0,186.0,Tagesspiegel,DE-SH,Stormarn,243196.0,317.0
2020-04-28,1062,390.0,20.0,199.0,Tagesspiegel,DE-SH,Stormarn,243196.0,317.0
2020-04-29,1062,391.0,22.0,210.0,Tagesspiegel,DE-SH,Stormarn,243196.0,317.0
2020-05-01,1062,397.0,23.0,238.0,Tagesspiegel,DE-SH,Stormarn,243196.0,317.0
2020-05-02,1062,399.0,23.0,288.0,Tagesspiegel,DE-SH,Stormarn,243196.0,317.0
2020-05-05,1062,401.0,25.0,297.0,Tagesspiegel,DE-SH,Stormarn,243196.0,317.0
2020-05-06,1062,401.0,26.0,303.0,Tagesspiegel,DE-SH,Stormarn,243196.0,317.0
2020-05-08,1062,404.0,27.0,315.0,Tagesspiegel,DE-SH,Stormarn,243196.0,317.0
2020-05-09,1062,404.0,28.0,315.0,Tagesspiegel,DE-SH,Stormarn,243196.0,317.0
2020-05-10,1062,405.0,28.0,318.0,Tagesspiegel,DE-SH,Stormarn,243196.0,317.0
2020-05-11,1062,407.0,28.0,318.0,Tagesspiegel,DE-SH,Stormarn,243196.0,317.0
2020-05-12,1062,407.0,28.0,323.0,Tagesspiegel,DE-SH,Stormarn,243196.0,317.0
2020-05-19,1062,408.0,29.0,336.0,Tagesspiegel,DE-SH,Stormarn,243196.0,317.0
2020-05-22,1062,413.0,30.0,344.0,Tagesspiegel,DE-SH,Stormarn,243196.0,317.0
2020-05-26,1062,415.0,31.0,355.0,Tagesspiegel,DE-SH,Stormarn,243196.0,317.0
2020-05-28,1062,417.0,32.0,356.0,Tagesspiegel,DE-SH,Stormarn,243196.0,317.0
2020-05-29,1062,417.0,32.0,356.0,Tagesspiegel,DE-SH,Stormarn,243196.0,317.0
2020-06-06,1062,418.0,32.0,364.0,Tagesspiegel,DE-SH,Stormarn,243196.0,317.0
2020-06-15,1062,419.0,33.0,369.0,Tagesspiegel,DE-SH,Stormarn,243196.0,317.0
2020-06-25,1062,420.0,33.0,377.0,Tagesspiegel,DE-SH,Stormarn,243196.0,317.0
2020-06-27,1062,422.0,33.0,378.0,Tagesspiegel,DE-SH,Stormarn,243196.0,317.0
2020-07-01,1062,424.0,33.0,379.0,Tagesspiegel,DE-SH,Stormarn,243196.0,317.0
2020-07-04,1062,426.0,33.0,386.0,Tagesspiegel,DE-SH,Stormarn,243196.0,317.0
2020-07-07,1062,427.0,33.0,386.0,Tagesspiegel,DE-SH,Stormarn,243196.0,317.0
2020-07-08,1062,429.0,33.0,388.0,Tagesspiegel,DE-SH,Stormarn,243196.0,317.0
2020-07-10,1062,432.0,34.0,389.0,Tagesspiegel,DE-SH,Stormarn,243196.0,317.0
2020-03-10,16051,0.0,0.0,0.0,RKI,DE-TH,Erfurt,213699.0,792.0
2020-03-13,16051,1.0,0.0,1.0,RKI,DE-TH,Erfurt,213699.0,792.0
2020-03-14,16051,6.0,0.0,6.0,RKI,DE-TH,Erfurt,213699.0,792.0
2020-03-16,16051,11.0,0.0,11.0,RKI,DE-TH,Erfurt,213699.0,792.0
2020-03-18,16051,11.0,0.0,11.0,RKI,DE-TH,Erfurt,213699.0,792.0
2020-03-19,16051,19.0,0.0,19.0,RKI,DE-TH,Erfurt,213699.0,792.0
2020-03-20,16051,20.0,0.0,20.0,RKI,DE-TH,Erfurt,213699.0,792.0
2020-03-21,16051,20.0,0.0,20.0,RKI,DE-TH,Erfurt,213699.0,792.0
2020-03-22,16051,20.0,0.0,20.0,RKI,DE-TH,Erfurt,213699.0,792.0
2020-03-23,16051,32.0,0.0,32.0,RKI,DE-TH,Erfurt,213699.0,792.0
2020-03-24,16051,41.0,0.0,41.0,RKI,DE-TH,Erfurt,213699.0,792.0
2020-03-25,16051,48.0,0.0,48.0,RKI,DE-TH,Erfurt,213699.0,792.0
2020-03-26,16051,53.0,0.0,53.0,RKI,DE-TH,Erfurt,213699.0,792.0
2020-03-27,16051,57.0,0.0,57.0,RKI,DE-TH,Erfurt,213699.0,792.0
2020-03-28,16051,59.0,0.0,59.0,RKI,DE-TH,Erfurt,213699.0,792.0
2020-03-29,16051,60.0,0.0,60.0,RKI,DE-TH,Erfurt,213699.0,792.0
2020-03-31,16051,77.0,0.0,26.0,Tagesspiegel,DE-TH,Erfurt,213699.0,792.0
2020-04-01,16051,82.0,0.0,26.0,Tagesspiegel,DE-TH,Erfurt,213699.0,792.0
2020-04-02,16051,87.0,0.0,39.0,Tagesspiegel,DE-TH,Erfurt,213699.0,792.0
2020-04-03,16051,89.0,0.0,49.0,Tagesspiegel,DE-TH,Erfurt,213699.0,792.0
2020-04-04,16051,92.0,0.0,49.0,Tagesspiegel,DE-TH,Erfurt,213699.0,792.0
2020-04-05,16051,94.0,0.0,361.0,Tagesspiegel,DE-TH,Erfurt,213699.0,792.0
2020-04-06,16051,95.0,0.0,55.0,Tagesspiegel,DE-TH,Erfurt,213699.0,792.0
2020-04-07,16051,97.0,0.0,0.0,Tagesspiegel,DE-TH,Erfurt,213699.0,792.0
2020-04-08,16051,103.0,0.0,64.0,Tagesspiegel,DE-TH,Erfurt,213699.0,792.0
2020-04-09,16051,107.0,1.0,341.0,Tagesspiegel,DE-TH,Erfurt,213699.0,792.0
2020-04-10,16051,107.0,1.0,71.0,Tagesspiegel,DE-TH,Erfurt,213699.0,792.0
2020-04-12,16051,110.0,1.0,71.0,Tagesspiegel,DE-TH,Erfurt,213699.0,792.0
2020-04-13,16051,112.0,1.0,76.0,Tagesspiegel,DE-TH,Erfurt,213699.0,792.0
2020-04-14,16051,113.0,1.0,79.0,Tagesspiegel,DE-TH,Erfurt,213699.0,792.0
2020-04-15,16051,114.0,2.0,84.0,Tagesspiegel,DE-TH,Erfurt,213699.0,792.0
2020-04-16,16051,117.0,2.0,91.0,Tagesspiegel,DE-TH,Erfurt,213699.0,792.0
2020-04-17,16051,120.0,2.0,95.0,Tagesspiegel,DE-TH,Erfurt,213699.0,792.0
2020-04-19,16051,121.0,2.0,98.0,Tagesspiegel,DE-TH,Erfurt,213699.0,792.0
2020-04-21,16051,122.0,2.0,102.0,Tagesspiegel,DE-TH,Erfurt,213699.0,792.0
2020-04-22,16051,125.0,2.0,106.0,Tagesspiegel,DE-TH,Erfurt,213699.0,792.0
2020-04-23,16051,129.0,2.0,106.0,Tagesspiegel,DE-TH,Erfurt,213699.0,792.0
2020-04-25,16051,131.0,2.0,108.0,Tagesspiegel,DE-TH,Erfurt,213699.0,792.0
2020-04-27,16051,132.0,2.0,113.0,Tagesspiegel,DE-TH,Erfurt,213699.0,792.0
2020-05-02,16051,133.0,2.0,116.0,Tagesspiegel,DE-TH,Erfurt,213699.0,792.0
2020-05-06,16051,134.0,2.0,129.0,Tagesspiegel,DE-TH,Erfurt,213699.0,792.0
2020-05-15,16051,135.0,2.0,132.0,Tagesspiegel,DE-TH,Erfurt,213699.0,792.0
2020-05-27,16051,136.0,2.0,133.0,Tagesspiegel,DE-TH,Erfurt,213699.0,792.0
2020-06-02,16051,137.0,2.0,134.0,Tagesspiegel,DE-TH,Erfurt,213699.0,792.0
2020-06-15,16051,138.0,2.0,136.0,Tagesspiegel,DE-TH,Erfurt,213699.0,792.0
2020-07-02,16051,139.0,2.0,137.0,Tagesspiegel,DE-TH,Erfurt,213699.0,792.0
2020-03-17,16052,0.0,0.0,0.0,RKI,DE-TH,Gera,94152.0,619.0
2020-03-18,16052,1.0,0.0,1.0,RKI,DE-TH,Gera,94152.0,619.0
2020-03-23,16052,2.0,0.0,2.0,RKI,DE-TH,Gera,94152.0,619.0
2020-03-24,16052,2.0,0.0,2.0,RKI,DE-TH,Gera,94152.0,619.0
2020-03-26,16052,2.0,0.0,2.0,RKI,DE-TH,Gera,94152.0,619.0
2020-03-27,16052,7.0,0.0,7.0,RKI,DE-TH,Gera,94152.0,619.0
2020-03-28,16052,11.0,0.0,11.0,RKI,DE-TH,Gera,94152.0,619.0
2020-04-01,16052,22.0,0.0,2.0,Tagesspiegel,DE-TH,Gera,94152.0,619.0
2020-04-02,16052,25.0,0.0,2.0,Tagesspiegel,DE-TH,Gera,94152.0,619.0
2020-04-03,16052,34.0,0.0,3.0,Tagesspiegel,DE-TH,Gera,94152.0,619.0
2020-04-06,16052,36.0,0.0,3.0,Tagesspiegel,DE-TH,Gera,94152.0,619.0
2020-04-07,16052,37.0,0.0,6.0,Tagesspiegel,DE-TH,Gera,94152.0,619.0
2020-04-08,16052,39.0,0.0,7.0,Tagesspiegel,DE-TH,Gera,94152.0,619.0
2020-04-09,16052,40.0,0.0,7.0,Tagesspiegel,DE-TH,Gera,94152.0,619.0
2020-04-11,16052,48.0,0.0,15.0,Tagesspiegel,DE-TH,Gera,94152.0,619.0
2020-04-12,16052,51.0,0.0,18.0,Tagesspiegel,DE-TH,Gera,94152.0,619.0
2020-04-14,16052,55.0,0.0,20.0,Tagesspiegel,DE-TH,Gera,94152.0,619.0
2020-04-15,16052,62.0,1.0,20.0,Tagesspiegel,DE-TH,Gera,94152.0,619.0
2020-04-16,16052,76.0,1.0,27.0,Tagesspiegel,DE-TH,Gera,94152.0,619.0
2020-04-17,16052,79.0,1.0,27.0,Tagesspiegel,DE-TH,Gera,94152.0,619.0
2020-04-18,16052,82.0,1.0,27.0,Tagesspiegel,DE-TH,Gera,94152.0,619.0
2020-04-19,16052,89.0,1.0,27.0,Tagesspiegel,DE-TH,Gera,94152.0,619.0
2020-04-20,16052,89.0,1.0,26.0,Tagesspiegel,DE-TH,Gera,94152.0,619.0
2020-04-21,16052,92.0,1.0,30.0,Tagesspiegel,DE-TH,Gera,94152.0,619.0
2020-04-22,16052,106.0,1.0,37.0,Tagesspiegel,DE-TH,Gera,94152.0,619.0
2020-04-23,16052,115.0,2.0,37.0,Tagesspiegel,DE-TH,Gera,94152.0,619.0
2020-04-24,16052,122.0,2.0,33.0,Tagesspiegel,DE-TH,Gera,94152.0,619.0
2020-04-25,16052,128.0,4.0,33.0,Tagesspiegel,DE-TH,Gera,94152.0,619.0
2020-04-26,16052,135.0,4.0,38.0,Tagesspiegel,DE-TH,Gera,94152.0,619.0
2020-04-27,16052,138.0,5.0,38.0,Tagesspiegel,DE-TH,Gera,94152.0,619.0
2020-04-28,16052,142.0,5.0,40.0,Tagesspiegel,DE-TH,Gera,94152.0,619.0
2020-04-29,16052,142.0,6.0,48.0,Tagesspiegel,DE-TH,Gera,94152.0,619.0
2020-04-30,16052,150.0,6.0,49.0,Tagesspiegel,DE-TH,Gera,94152.0,619.0
2020-05-01,16052,153.0,6.0,63.0,Tagesspiegel,DE-TH,Gera,94152.0,619.0
2020-05-02,16052,161.0,6.0,63.0,Tagesspiegel,DE-TH,Gera,94152.0,619.0
2020-05-04,16052,163.0,7.0,63.0,Tagesspiegel,DE-TH,Gera,94152.0,619.0
2020-05-06,16052,166.0,7.0,96.0,Tagesspiegel,DE-TH,Gera,94152.0,619.0
2020-05-07,16052,171.0,7.0,99.0,Tagesspiegel,DE-TH,Gera,94152.0,619.0
2020-05-08,16052,177.0,8.0,107.0,Tagesspiegel,DE-TH,Gera,94152.0,619.0
2020-05-09,16052,180.0,8.0,107.0,Tagesspiegel,DE-TH,Gera,94152.0,619.0
2020-05-11,16052,180.0,8.0,107.0,Tagesspiegel,DE-TH,Gera,94152.0,619.0
2020-05-12,16052,184.0,8.0,134.0,Tagesspiegel,DE-TH,Gera,94152.0,619.0
2020-05-14,16052,186.0,8.0,134.0,Tagesspiegel,DE-TH,Gera,94152.0,619.0
2020-05-15,16052,190.0,8.0,141.0,Tagesspiegel,DE-TH,Gera,94152.0,619.0
2020-05-16,16052,194.0,8.0,144.0,Tagesspiegel,DE-TH,Gera,94152.0,619.0
2020-05-18,16052,196.0,9.0,144.0,Tagesspiegel,DE-TH,Gera,94152.0,619.0
2020-05-19,16052,198.0,9.0,147.0,Tagesspiegel,DE-TH,Gera,94152.0,619.0
2020-05-20,16052,204.0,9.0,147.0,Tagesspiegel,DE-TH,Gera,94152.0,619.0
2020-05-22,16052,209.0,9.0,149.0,Tagesspiegel,DE-TH,Gera,94152.0,619.0
2020-05-23,16052,209.0,9.0,149.0,Tagesspiegel,DE-TH,Gera,94152.0,619.0
2020-05-25,16052,217.0,9.0,149.0,Tagesspiegel,DE-TH,Gera,94152.0,619.0
2020-05-26,16052,220.0,11.0,167.0,Tagesspiegel,DE-TH,Gera,94152.0,619.0
2020-05-27,16052,223.0,11.0,170.0,Tagesspiegel,DE-TH,Gera,94152.0,619.0
2020-05-28,16052,228.0,14.0,170.0,Tagesspiegel,DE-TH,Gera,94152.0,619.0
2020-05-29,16052,233.0,15.0,172.0,Tagesspiegel,DE-TH,Gera,94152.0,619.0
2020-05-30,16052,234.0,16.0,172.0,Tagesspiegel,DE-TH,Gera,94152.0,619.0
2020-06-03,16052,245.0,17.0,183.0,Tagesspiegel,DE-TH,Gera,94152.0,619.0
2020-06-04,16052,251.0,17.0,183.0,Tagesspiegel,DE-TH,Gera,94152.0,619.0
2020-06-05,16052,251.0,19.0,191.0,Tagesspiegel,DE-TH,Gera,94152.0,619.0
2020-06-07,16052,252.0,19.0,191.0,Tagesspiegel,DE-TH,Gera,94152.0,619.0
2020-06-08,16052,252.0,19.0,197.0,Tagesspiegel,DE-TH,Gera,94152.0,619.0
2020-06-16,16052,253.0,19.0,220.0,Tagesspiegel,DE-TH,Gera,94152.0,619.0
2020-06-26,16052,254.0,21.0,230.0,Tagesspiegel,DE-TH,Gera,94152.0,619.0
2020-06-30,16052,255.0,21.0,233.0,Tagesspiegel,DE-TH,Gera,94152.0,619.0
2020-07-01,16052,256.0,21.0,233.0,Tagesspiegel,DE-TH,Gera,94152.0,619.0
2020-07-06,16052,257.0,21.0,233.0,Tagesspiegel,DE-TH,Gera,94152.0,619.0
2020-03-16,16053,9.0,0.0,9.0,RKI,DE-TH,Jena,111407.0,971.0
2020-03-17,16053,19.0,0.0,19.0,RKI,DE-TH,Jena,111407.0,971.0
2020-03-18,16053,25.0,0.0,25.0,RKI,DE-TH,Jena,111407.0,971.0
2020-03-19,16053,33.0,0.0,33.0,RKI,DE-TH,Jena,111407.0,971.0
2020-03-20,16053,53.0,0.0,53.0,RKI,DE-TH,Jena,111407.0,971.0
2020-03-21,16053,63.0,1.0,62.0,RKI,DE-TH,Jena,111407.0,971.0
2020-03-22,16053,71.0,1.0,70.0,RKI,DE-TH,Jena,111407.0,971.0
2020-03-23,16053,75.0,1.0,74.0,RKI,DE-TH,Jena,111407.0,971.0
2020-03-24,16053,76.0,1.0,75.0,RKI,DE-TH,Jena,111407.0,971.0
2020-03-25,16053,79.0,1.0,78.0,RKI,DE-TH,Jena,111407.0,971.0
2020-03-26,16053,82.0,1.0,81.0,RKI,DE-TH,Jena,111407.0,971.0
2020-03-27,16053,84.0,1.0,83.0,RKI,DE-TH,Jena,111407.0,971.0
2020-03-28,16053,98.0,1.0,97.0,RKI,DE-TH,Jena,111407.0,971.0
2020-03-29,16053,99.0,1.0,98.0,RKI,DE-TH,Jena,111407.0,971.0
2020-03-30,16053,116.0,1.0,5.0,Tagesspiegel,DE-TH,Jena,111407.0,971.0
2020-03-31,16053,119.0,1.0,6.0,Tagesspiegel,DE-TH,Jena,111407.0,971.0
2020-04-01,16053,122.0,1.0,6.0,Tagesspiegel,DE-TH,Jena,111407.0,971.0
2020-04-02,16053,126.0,1.0,24.0,Tagesspiegel,DE-TH,Jena,111407.0,971.0
2020-04-03,16053,135.0,1.0,29.0,Tagesspiegel,DE-TH,Jena,111407.0,971.0
2020-04-04,16053,136.0,1.0,36.0,Tagesspiegel,DE-TH,Jena,111407.0,971.0
2020-04-05,16053,139.0,1.0,36.0,Tagesspiegel,DE-TH,Jena,111407.0,971.0
2020-04-06,16053,142.0,1.0,49.0,Tagesspiegel,DE-TH,Jena,111407.0,971.0
2020-04-07,16053,145.0,1.0,49.0,Tagesspiegel,DE-TH,Jena,111407.0,971.0
2020-04-08,16053,147.0,1.0,49.0,Tagesspiegel,DE-TH,Jena,111407.0,971.0
2020-04-09,16053,148.0,1.0,62.0,Tagesspiegel,DE-TH,Jena,111407.0,971.0
2020-04-12,16053,155.0,2.0,86.0,Tagesspiegel,DE-TH,Jena,111407.0,971.0
2020-04-23,16053,155.0,3.0,144.0,Tagesspiegel,DE-TH,Jena,111407.0,971.0
2020-04-25,16053,157.0,3.0,144.0,Tagesspiegel,DE-TH,Jena,111407.0,971.0
2020-05-12,16053,158.0,3.0,151.0,Tagesspiegel,DE-TH,Jena,111407.0,971.0
2020-05-30,16053,159.0,3.0,156.0,Tagesspiegel,DE-TH,Jena,111407.0,971.0
2020-06-12,16053,160.0,3.0,156.0,Tagesspiegel,DE-TH,Jena,111407.0,971.0
2020-07-11,16053,161.0,3.0,158.0,Tagesspiegel,DE-TH,Jena,111407.0,971.0
2020-07-12,16053,162.0,3.0,158.0,Tagesspiegel,DE-TH,Jena,111407.0,971.0
2020-03-20,16054,0.0,0.0,0.0,RKI,DE-TH,Suhl,36955.0,261.0
2020-03-21,16054,1.0,0.0,1.0,RKI,DE-TH,Suhl,36955.0,261.0
2020-03-24,16054,1.0,0.0,1.0,RKI,DE-TH,Suhl,36955.0,261.0
2020-03-28,16054,1.0,0.0,1.0,RKI,DE-TH,Suhl,36955.0,261.0
2020-03-30,16054,6.0,0.0,1.0,Tagesspiegel,DE-TH,Suhl,36955.0,261.0
2020-04-02,16054,7.0,0.0,1.0,Tagesspiegel,DE-TH,Suhl,36955.0,261.0
2020-04-03,16054,7.0,0.0,1.0,Tagesspiegel,DE-TH,Suhl,36955.0,261.0
2020-04-04,16054,7.0,0.0,1.0,Tagesspiegel,DE-TH,Suhl,36955.0,261.0
2020-04-06,16054,10.0,0.0,1.0,Tagesspiegel,DE-TH,Suhl,36955.0,261.0
2020-04-15,16054,11.0,2.0,1.0,Tagesspiegel,DE-TH,Suhl,36955.0,261.0
2020-04-17,16054,11.0,2.0,1.0,Tagesspiegel,DE-TH,Suhl,36955.0,261.0
2020-05-14,16054,1.0,0.0,1.0,RKI,DE-TH,Suhl,36955.0,261.0
2020-05-15,16054,1.0,0.0,1.0,RKI,DE-TH,Suhl,36955.0,261.0
2020-05-19,16054,15.0,2.0,11.0,Tagesspiegel,DE-TH,Suhl,36955.0,261.0
2020-05-23,16054,16.0,2.0,11.0,Tagesspiegel,DE-TH,Suhl,36955.0,261.0
2020-05-25,16054,17.0,2.0,11.0,Tagesspiegel,DE-TH,Suhl,36955.0,261.0
2020-05-27,16054,17.0,2.0,11.0,Tagesspiegel,DE-TH,Suhl,36955.0,261.0
2020-06-10,16054,19.0,2.0,15.0,Tagesspiegel,DE-TH,Suhl,36955.0,261.0
2020-07-02,16054,20.0,2.0,17.0,Tagesspiegel,DE-TH,Suhl,36955.0,261.0
2020-03-16,16055,0.0,0.0,0.0,RKI,DE-TH,Weimar,65090.0,770.0
2020-03-17,16055,3.0,0.0,3.0,RKI,DE-TH,Weimar,65090.0,770.0
2020-03-18,16055,3.0,0.0,3.0,RKI,DE-TH,Weimar,65090.0,770.0
2020-03-20,16055,5.0,0.0,5.0,RKI,DE-TH,Weimar,65090.0,770.0
2020-03-23,16055,7.0,0.0,7.0,RKI,DE-TH,Weimar,65090.0,770.0
2020-03-24,16055,9.0,0.0,9.0,RKI,DE-TH,Weimar,65090.0,770.0
2020-03-25,16055,12.0,0.0,12.0,RKI,DE-TH,Weimar,65090.0,770.0
2020-03-26,16055,14.0,0.0,14.0,RKI,DE-TH,Weimar,65090.0,770.0
2020-03-27,16055,14.0,0.0,14.0,RKI,DE-TH,Weimar,65090.0,770.0
2020-03-28,16055,18.0,0.0,18.0,RKI,DE-TH,Weimar,65090.0,770.0
2020-04-01,16055,33.0,0.0,2.0,Tagesspiegel,DE-TH,Weimar,65090.0,770.0
2020-04-02,16055,37.0,0.0,2.0,Tagesspiegel,DE-TH,Weimar,65090.0,770.0
2020-04-03,16055,41.0,0.0,2.0,Tagesspiegel,DE-TH,Weimar,65090.0,770.0
2020-04-05,16055,46.0,0.0,6.0,Tagesspiegel,DE-TH,Weimar,65090.0,770.0
2020-04-06,16055,49.0,0.0,8.0,Tagesspiegel,DE-TH,Weimar,65090.0,770.0
2020-04-07,16055,50.0,0.0,8.0,Tagesspiegel,DE-TH,Weimar,65090.0,770.0
2020-04-08,16055,50.0,0.0,8.0,Tagesspiegel,DE-TH,Weimar,65090.0,770.0
2020-04-09,16055,51.0,0.0,9.0,Tagesspiegel,DE-TH,Weimar,65090.0,770.0
2020-04-12,16055,55.0,0.0,18.0,Tagesspiegel,DE-TH,Weimar,65090.0,770.0
2020-04-21,16055,58.0,0.0,44.0,Tagesspiegel,DE-TH,Weimar,65090.0,770.0
2020-04-23,16055,59.0,0.0,48.0,Tagesspiegel,DE-TH,Weimar,65090.0,770.0
2020-04-25,16055,60.0,0.0,48.0,Tagesspiegel,DE-TH,Weimar,65090.0,770.0
2020-04-30,16055,61.0,0.0,55.0,Tagesspiegel,DE-TH,Weimar,65090.0,770.0
2020-05-06,16055,64.0,0.0,58.0,Tagesspiegel,DE-TH,Weimar,65090.0,770.0
2020-05-07,16055,64.0,0.0,58.0,Tagesspiegel,DE-TH,Weimar,65090.0,770.0
2020-05-19,16055,65.0,0.0,64.0,Tagesspiegel,DE-TH,Weimar,65090.0,770.0
2020-06-10,16055,68.0,0.0,68.0,Tagesspiegel,DE-TH,Weimar,65090.0,770.0
2020-07-14,16055,72.0,0.0,69.0,Tagesspiegel,DE-TH,Weimar,65090.0,770.0
2020-03-24,16056,0.0,0.0,0.0,RKI,DE-TH,Eisenach,42370.0,407.0
2020-03-25,16056,0.0,0.0,0.0,RKI,DE-TH,Eisenach,42370.0,407.0
2020-03-26,16056,0.0,0.0,0.0,RKI,DE-TH,Eisenach,42370.0,407.0
2020-03-31,16056,4.0,0.0,1.0,Tagesspiegel,DE-TH,Eisenach,42370.0,407.0
2020-04-02,16056,6.0,0.0,1.0,Tagesspiegel,DE-TH,Eisenach,42370.0,407.0
2020-04-03,16056,6.0,0.0,1.0,Tagesspiegel,DE-TH,Eisenach,42370.0,407.0
2020-04-06,16056,8.0,0.0,1.0,Tagesspiegel,DE-TH,Eisenach,42370.0,407.0
2020-04-08,16056,1.0,0.0,1.0,RKI,DE-TH,Eisenach,42370.0,407.0
2020-04-09,16056,2.0,0.0,2.0,RKI,DE-TH,Eisenach,42370.0,407.0
2020-04-14,16056,2.0,0.0,2.0,RKI,DE-TH,Eisenach,42370.0,407.0
2020-04-19,16056,14.0,1.0,6.0,Tagesspiegel,DE-TH,Eisenach,42370.0,407.0
2020-04-22,16056,17.0,1.0,12.0,Tagesspiegel,DE-TH,Eisenach,42370.0,407.0
2020-04-23,16056,17.0,1.0,12.0,Tagesspiegel,DE-TH,Eisenach,42370.0,407.0
2020-04-28,16056,5.0,1.0,4.0,RKI,DE-TH,Eisenach,42370.0,407.0
2020-04-29,16056,5.0,1.0,4.0,RKI,DE-TH,Eisenach,42370.0,407.0
2020-05-02,16056,5.0,1.0,4.0,RKI,DE-TH,Eisenach,42370.0,407.0
2020-05-06,16056,6.0,1.0,5.0,RKI,DE-TH,Eisenach,42370.0,407.0
2020-05-07,16056,6.0,1.0,5.0,RKI,DE-TH,Eisenach,42370.0,407.0
2020-05-14,16056,6.0,1.0,5.0,RKI,DE-TH,Eisenach,42370.0,407.0
2020-05-16,16056,6.0,1.0,5.0,RKI,DE-TH,Eisenach,42370.0,407.0
2020-05-29,16056,6.0,1.0,5.0,RKI,DE-TH,Eisenach,42370.0,407.0
2020-06-07,16056,30.0,3.0,26.0,Tagesspiegel,DE-TH,Eisenach,42370.0,407.0
2020-06-19,16056,30.0,3.0,26.0,Tagesspiegel,DE-TH,Eisenach,42370.0,407.0
2020-07-13,16056,29.0,3.0,26.0,Tagesspiegel,DE-TH,Eisenach,42370.0,407.0
2020-03-14,16061,0.0,0.0,0.0,RKI,DE-TH,Eichsfeld,100380.0,106.0
2020-03-15,16061,0.0,0.0,0.0,RKI,DE-TH,Eichsfeld,100380.0,106.0
2020-03-19,16061,0.0,0.0,0.0,RKI,DE-TH,Eichsfeld,100380.0,106.0
2020-03-20,16061,3.0,0.0,3.0,RKI,DE-TH,Eichsfeld,100380.0,106.0
2020-03-21,16061,12.0,1.0,11.0,RKI,DE-TH,Eichsfeld,100380.0,106.0
2020-03-22,16061,12.0,1.0,11.0,RKI,DE-TH,Eichsfeld,100380.0,106.0
2020-03-23,16061,12.0,1.0,11.0,RKI,DE-TH,Eichsfeld,100380.0,106.0
2020-03-24,16061,21.0,1.0,20.0,RKI,DE-TH,Eichsfeld,100380.0,106.0
2020-03-25,16061,27.0,1.0,26.0,RKI,DE-TH,Eichsfeld,100380.0,106.0
2020-03-26,16061,29.0,1.0,28.0,RKI,DE-TH,Eichsfeld,100380.0,106.0
2020-03-27,16061,32.0,1.0,31.0,RKI,DE-TH,Eichsfeld,100380.0,106.0
2020-03-28,16061,36.0,1.0,35.0,RKI,DE-TH,Eichsfeld,100380.0,106.0
2020-03-29,16061,37.0,1.0,36.0,RKI,DE-TH,Eichsfeld,100380.0,106.0
2020-03-30,16061,51.0,1.0,1.0,Tagesspiegel,DE-TH,Eichsfeld,100380.0,106.0
2020-03-31,16061,51.0,1.0,5.0,Tagesspiegel,DE-TH,Eichsfeld,100380.0,106.0
2020-04-01,16061,52.0,1.0,5.0,Tagesspiegel,DE-TH,Eichsfeld,100380.0,106.0
2020-04-02,16061,60.0,1.0,5.0,Tagesspiegel,DE-TH,Eichsfeld,100380.0,106.0
2020-04-03,16061,62.0,1.0,5.0,Tagesspiegel,DE-TH,Eichsfeld,100380.0,106.0
2020-04-04,16061,66.0,1.0,6.0,Tagesspiegel,DE-TH,Eichsfeld,100380.0,106.0
2020-04-06,16061,73.0,1.0,11.0,Tagesspiegel,DE-TH,Eichsfeld,100380.0,106.0
2020-04-07,16061,73.0,1.0,12.0,Tagesspiegel,DE-TH,Eichsfeld,100380.0,106.0
2020-04-08,16061,77.0,1.0,12.0,Tagesspiegel,DE-TH,Eichsfeld,100380.0,106.0
2020-04-09,16061,82.0,1.0,12.0,Tagesspiegel,DE-TH,Eichsfeld,100380.0,106.0
2020-04-10,16061,84.0,1.0,12.0,Tagesspiegel,DE-TH,Eichsfeld,100380.0,106.0
2020-04-13,16061,94.0,2.0,38.0,Tagesspiegel,DE-TH,Eichsfeld,100380.0,106.0
2020-04-14,16061,94.0,3.0,39.0,Tagesspiegel,DE-TH,Eichsfeld,100380.0,106.0
2020-04-15,16061,98.0,3.0,41.0,Tagesspiegel,DE-TH,Eichsfeld,100380.0,106.0
2020-04-16,16061,102.0,3.0,43.0,Tagesspiegel,DE-TH,Eichsfeld,100380.0,106.0
2020-04-17,16061,103.0,3.0,44.0,Tagesspiegel,DE-TH,Eichsfeld,100380.0,106.0
2020-04-18,16061,108.0,3.0,47.0,Tagesspiegel,DE-TH,Eichsfeld,100380.0,106.0
2020-04-22,16061,112.0,4.0,58.0,Tagesspiegel,DE-TH,Eichsfeld,100380.0,106.0
2020-04-23,16061,112.0,4.0,64.0,Tagesspiegel,DE-TH,Eichsfeld,100380.0,106.0
2020-04-25,16061,117.0,4.0,70.0,Tagesspiegel,DE-TH,Eichsfeld,100380.0,106.0
2020-04-26,16061,117.0,4.0,70.0,Tagesspiegel,DE-TH,Eichsfeld,100380.0,106.0
2020-04-28,16061,119.0,4.0,78.0,Tagesspiegel,DE-TH,Eichsfeld,100380.0,106.0
2020-04-29,16061,126.0,4.0,78.0,Tagesspiegel,DE-TH,Eichsfeld,100380.0,106.0
2020-05-01,16061,132.0,4.0,87.0,Tagesspiegel,DE-TH,Eichsfeld,100380.0,106.0
2020-05-02,16061,132.0,4.0,88.0,Tagesspiegel,DE-TH,Eichsfeld,100380.0,106.0
2020-05-04,16061,134.0,4.0,90.0,Tagesspiegel,DE-TH,Eichsfeld,100380.0,106.0
2020-05-07,16061,138.0,4.0,101.0,Tagesspiegel,DE-TH,Eichsfeld,100380.0,106.0
2020-05-08,16061,138.0,5.0,101.0,Tagesspiegel,DE-TH,Eichsfeld,100380.0,106.0
2020-05-12,16061,141.0,5.0,107.0,Tagesspiegel,DE-TH,Eichsfeld,100380.0,106.0
2020-05-16,16061,142.0,6.0,108.0,Tagesspiegel,DE-TH,Eichsfeld,100380.0,106.0
2020-05-19,16061,143.0,8.0,112.0,Tagesspiegel,DE-TH,Eichsfeld,100380.0,106.0
2020-05-20,16061,143.0,8.0,112.0,Tagesspiegel,DE-TH,Eichsfeld,100380.0,106.0
2020-05-21,16061,144.0,9.0,112.0,Tagesspiegel,DE-TH,Eichsfeld,100380.0,106.0
2020-05-26,16061,151.0,9.0,119.0,Tagesspiegel,DE-TH,Eichsfeld,100380.0,106.0
2020-05-27,16061,151.0,9.0,119.0,Tagesspiegel,DE-TH,Eichsfeld,100380.0,106.0
2020-05-29,16061,153.0,9.0,119.0,Tagesspiegel,DE-TH,Eichsfeld,100380.0,106.0
2020-05-30,16061,153.0,9.0,119.0,Tagesspiegel,DE-TH,Eichsfeld,100380.0,106.0
2020-06-05,16061,156.0,9.0,131.0,Tagesspiegel,DE-TH,Eichsfeld,100380.0,106.0
2020-06-09,16061,158.0,9.0,138.0,Tagesspiegel,DE-TH,Eichsfeld,100380.0,106.0
2020-06-11,16061,158.0,9.0,139.0,Tagesspiegel,DE-TH,Eichsfeld,100380.0,106.0
2020-07-02,16061,159.0,10.0,149.0,Tagesspiegel,DE-TH,Eichsfeld,100380.0,106.0
2020-07-07,16061,161.0,10.0,149.0,Tagesspiegel,DE-TH,Eichsfeld,100380.0,106.0
2020-03-20,16062,1.0,0.0,1.0,RKI,DE-TH,Nordhausen,83822.0,117.0
2020-03-23,16062,3.0,0.0,3.0,RKI,DE-TH,Nordhausen,83822.0,117.0
2020-03-25,16062,3.0,0.0,3.0,RKI,DE-TH,Nordhausen,83822.0,117.0
2020-03-26,16062,4.0,0.0,4.0,RKI,DE-TH,Nordhausen,83822.0,117.0
2020-03-27,16062,5.0,1.0,4.0,RKI,DE-TH,Nordhausen,83822.0,117.0
2020-03-28,16062,5.0,1.0,4.0,RKI,DE-TH,Nordhausen,83822.0,117.0
2020-03-29,16062,5.0,1.0,4.0,RKI,DE-TH,Nordhausen,83822.0,117.0
2020-03-30,16062,11.0,0.0,1.0,Tagesspiegel,DE-TH,Nordhausen,83822.0,117.0
2020-04-01,16062,17.0,0.0,2.0,Tagesspiegel,DE-TH,Nordhausen,83822.0,117.0
2020-04-02,16062,17.0,0.0,2.0,Tagesspiegel,DE-TH,Nordhausen,83822.0,117.0
2020-04-04,16062,21.0,0.0,2.0,Tagesspiegel,DE-TH,Nordhausen,83822.0,117.0
2020-04-07,16062,22.0,0.0,12.0,Tagesspiegel,DE-TH,Nordhausen,83822.0,117.0
2020-04-08,16062,26.0,0.0,12.0,Tagesspiegel,DE-TH,Nordhausen,83822.0,117.0
2020-04-09,16062,26.0,0.0,12.0,Tagesspiegel,DE-TH,Nordhausen,83822.0,117.0
2020-04-10,16062,31.0,0.0,12.0,Tagesspiegel,DE-TH,Nordhausen,83822.0,117.0
2020-04-11,16062,32.0,0.0,12.0,Tagesspiegel,DE-TH,Nordhausen,83822.0,117.0
2020-04-12,16062,31.0,0.0,12.0,Tagesspiegel,DE-TH,Nordhausen,83822.0,117.0
2020-04-14,16062,40.0,0.0,12.0,Tagesspiegel,DE-TH,Nordhausen,83822.0,117.0
2020-04-15,16062,40.0,0.0,12.0,Tagesspiegel,DE-TH,Nordhausen,83822.0,117.0
2020-04-16,16062,40.0,1.0,18.0,Tagesspiegel,DE-TH,Nordhausen,83822.0,117.0
2020-04-17,16062,41.0,1.0,18.0,Tagesspiegel,DE-TH,Nordhausen,83822.0,117.0
2020-04-18,16062,45.0,1.0,18.0,Tagesspiegel,DE-TH,Nordhausen,83822.0,117.0
2020-04-19,16062,46.0,2.0,18.0,Tagesspiegel,DE-TH,Nordhausen,83822.0,117.0
2020-04-20,16062,51.0,2.0,18.0,Tagesspiegel,DE-TH,Nordhausen,83822.0,117.0
2020-04-23,16062,52.0,2.0,26.0,Tagesspiegel,DE-TH,Nordhausen,83822.0,117.0
2020-04-25,16062,56.0,2.0,26.0,Tagesspiegel,DE-TH,Nordhausen,83822.0,117.0
2020-04-27,16062,57.0,2.0,26.0,Tagesspiegel,DE-TH,Nordhausen,83822.0,117.0
2020-04-29,16062,58.0,2.0,26.0,Tagesspiegel,DE-TH,Nordhausen,83822.0,117.0
2020-05-07,16062,58.0,2.0,36.0,Tagesspiegel,DE-TH,Nordhausen,83822.0,117.0
2020-05-14,16062,59.0,2.0,38.0,Tagesspiegel,DE-TH,Nordhausen,83822.0,117.0
2020-06-03,16062,61.0,2.0,58.0,Tagesspiegel,DE-TH,Nordhausen,83822.0,117.0
2020-06-04,16062,61.0,2.0,57.0,Tagesspiegel,DE-TH,Nordhausen,83822.0,117.0
2020-06-05,16062,62.0,2.0,57.0,Tagesspiegel,DE-TH,Nordhausen,83822.0,117.0
2020-06-09,16062,64.0,2.0,57.0,Tagesspiegel,DE-TH,Nordhausen,83822.0,117.0
2020-06-19,16062,64.0,2.0,57.0,Tagesspiegel,DE-TH,Nordhausen,83822.0,117.0
2020-03-16,16063,1.0,0.0,1.0,RKI,DE-TH,Wartburgkreis,119726.0,94.0
2020-03-17,16063,2.0,0.0,2.0,RKI,DE-TH,Wartburgkreis,119726.0,94.0
2020-03-19,16063,4.0,0.0,4.0,RKI,DE-TH,Wartburgkreis,119726.0,94.0
2020-03-20,16063,6.0,0.0,6.0,RKI,DE-TH,Wartburgkreis,119726.0,94.0
2020-03-22,16063,6.0,0.0,6.0,RKI,DE-TH,Wartburgkreis,119726.0,94.0
2020-03-23,16063,6.0,0.0,6.0,RKI,DE-TH,Wartburgkreis,119726.0,94.0
2020-03-24,16063,6.0,0.0,6.0,RKI,DE-TH,Wartburgkreis,119726.0,94.0
2020-03-28,16063,7.0,0.0,7.0,RKI,DE-TH,Wartburgkreis,119726.0,94.0
2020-03-30,16063,17.0,0.0,4.0,Tagesspiegel,DE-TH,Wartburgkreis,119726.0,94.0
2020-03-31,16063,18.0,0.0,4.0,Tagesspiegel,DE-TH,Wartburgkreis,119726.0,94.0
2020-04-02,16063,27.0,0.0,4.0,Tagesspiegel,DE-TH,Wartburgkreis,119726.0,94.0
2020-04-07,16063,29.0,0.0,13.0,Tagesspiegel,DE-TH,Wartburgkreis,119726.0,94.0
2020-04-09,16063,31.0,0.0,13.0,Tagesspiegel,DE-TH,Wartburgkreis,119726.0,94.0
2020-04-10,16063,32.0,0.0,14.0,Tagesspiegel,DE-TH,Wartburgkreis,119726.0,94.0
2020-04-14,16063,33.0,0.0,14.0,Tagesspiegel,DE-TH,Wartburgkreis,119726.0,94.0
2020-04-17,16063,35.0,0.0,16.0,Tagesspiegel,DE-TH,Wartburgkreis,119726.0,94.0
2020-04-20,16063,37.0,0.0,15.0,Tagesspiegel,DE-TH,Wartburgkreis,119726.0,94.0
2020-04-24,16063,17.0,0.0,17.0,RKI,DE-TH,Wartburgkreis,119726.0,94.0
2020-04-25,16063,17.0,0.0,17.0,RKI,DE-TH,Wartburgkreis,119726.0,94.0
2020-04-27,16063,17.0,0.0,17.0,RKI,DE-TH,Wartburgkreis,119726.0,94.0
2020-04-29,16063,18.0,0.0,18.0,RKI,DE-TH,Wartburgkreis,119726.0,94.0
2020-05-01,16063,18.0,0.0,18.0,RKI,DE-TH,Wartburgkreis,119726.0,94.0
2020-05-02,16063,19.0,0.0,19.0,RKI,DE-TH,Wartburgkreis,119726.0,94.0
2020-05-06,16063,19.0,0.0,19.0,RKI,DE-TH,Wartburgkreis,119726.0,94.0
2020-05-08,16063,20.0,0.0,20.0,RKI,DE-TH,Wartburgkreis,119726.0,94.0
2020-05-09,16063,21.0,0.0,21.0,RKI,DE-TH,Wartburgkreis,119726.0,94.0
2020-05-11,16063,23.0,0.0,23.0,RKI,DE-TH,Wartburgkreis,119726.0,94.0
2020-05-13,16063,23.0,0.0,23.0,RKI,DE-TH,Wartburgkreis,119726.0,94.0
2020-05-14,16063,26.0,0.0,26.0,RKI,DE-TH,Wartburgkreis,119726.0,94.0
2020-05-16,16063,27.0,0.0,27.0,RKI,DE-TH,Wartburgkreis,119726.0,94.0
2020-05-20,16063,31.0,0.0,31.0,RKI,DE-TH,Wartburgkreis,119726.0,94.0
2020-05-22,16063,32.0,0.0,32.0,RKI,DE-TH,Wartburgkreis,119726.0,94.0
2020-05-23,16063,32.0,0.0,32.0,RKI,DE-TH,Wartburgkreis,119726.0,94.0
2020-05-26,16063,35.0,0.0,35.0,RKI,DE-TH,Wartburgkreis,119726.0,94.0
2020-05-27,16063,35.0,0.0,35.0,RKI,DE-TH,Wartburgkreis,119726.0,94.0
2020-05-30,16063,35.0,0.0,35.0,RKI,DE-TH,Wartburgkreis,119726.0,94.0
2020-06-03,16063,73.0,2.0,56.0,Tagesspiegel,DE-TH,Wartburgkreis,119726.0,94.0
2020-06-04,16063,77.0,2.0,56.0,Tagesspiegel,DE-TH,Wartburgkreis,119726.0,94.0
2020-06-05,16063,78.0,2.0,56.0,Tagesspiegel,DE-TH,Wartburgkreis,119726.0,94.0
2020-06-09,16063,79.0,2.0,56.0,Tagesspiegel,DE-TH,Wartburgkreis,119726.0,94.0
2020-06-10,16063,79.0,2.0,56.0,Tagesspiegel,DE-TH,Wartburgkreis,119726.0,94.0
2020-06-11,16063,82.0,2.0,56.0,Tagesspiegel,DE-TH,Wartburgkreis,119726.0,94.0
2020-06-13,16063,84.0,2.0,56.0,Tagesspiegel,DE-TH,Wartburgkreis,119726.0,94.0
2020-06-16,16063,85.0,2.0,73.0,Tagesspiegel,DE-TH,Wartburgkreis,119726.0,94.0
2020-06-18,16063,86.0,2.0,72.0,Tagesspiegel,DE-TH,Wartburgkreis,119726.0,94.0
2020-07-07,16063,90.0,2.0,88.0,Tagesspiegel,DE-TH,Wartburgkreis,119726.0,94.0
2020-07-13,16063,91.0,2.0,88.0,Tagesspiegel,DE-TH,Wartburgkreis,119726.0,94.0
2020-07-16,16063,92.0,2.0,88.0,Tagesspiegel,DE-TH,Wartburgkreis,119726.0,94.0
2020-03-17,16064,0.0,0.0,0.0,RKI,DE-TH,Unstrut-Hainich-Kreis,102912.0,105.0
2020-03-19,16064,2.0,0.0,2.0,RKI,DE-TH,Unstrut-Hainich-Kreis,102912.0,105.0
2020-03-23,16064,2.0,0.0,2.0,RKI,DE-TH,Unstrut-Hainich-Kreis,102912.0,105.0
2020-03-24,16064,2.0,0.0,2.0,RKI,DE-TH,Unstrut-Hainich-Kreis,102912.0,105.0
2020-03-25,16064,2.0,0.0,2.0,RKI,DE-TH,Unstrut-Hainich-Kreis,102912.0,105.0
2020-03-26,16064,3.0,0.0,3.0,RKI,DE-TH,Unstrut-Hainich-Kreis,102912.0,105.0
2020-03-29,16064,3.0,0.0,3.0,RKI,DE-TH,Unstrut-Hainich-Kreis,102912.0,105.0
2020-03-30,16064,11.0,0.0,1.0,Tagesspiegel,DE-TH,Unstrut-Hainich-Kreis,102912.0,105.0
2020-03-31,16064,15.0,0.0,4.0,Tagesspiegel,DE-TH,Unstrut-Hainich-Kreis,102912.0,105.0
2020-04-01,16064,18.0,0.0,4.0,Tagesspiegel,DE-TH,Unstrut-Hainich-Kreis,102912.0,105.0
2020-04-02,16064,21.0,0.0,4.0,Tagesspiegel,DE-TH,Unstrut-Hainich-Kreis,102912.0,105.0
2020-04-03,16064,25.0,0.0,4.0,Tagesspiegel,DE-TH,Unstrut-Hainich-Kreis,102912.0,105.0
2020-04-04,16064,31.0,0.0,5.0,Tagesspiegel,DE-TH,Unstrut-Hainich-Kreis,102912.0,105.0
2020-04-07,16064,35.0,0.0,7.0,Tagesspiegel,DE-TH,Unstrut-Hainich-Kreis,102912.0,105.0
2020-04-08,16064,40.0,0.0,7.0,Tagesspiegel,DE-TH,Unstrut-Hainich-Kreis,102912.0,105.0
2020-04-09,16064,43.0,0.0,7.0,Tagesspiegel,DE-TH,Unstrut-Hainich-Kreis,102912.0,105.0
2020-04-11,16064,47.0,0.0,7.0,Tagesspiegel,DE-TH,Unstrut-Hainich-Kreis,102912.0,105.0
2020-04-14,16064,52.0,0.0,9.0,Tagesspiegel,DE-TH,Unstrut-Hainich-Kreis,102912.0,105.0
2020-04-15,16064,53.0,1.0,12.0,Tagesspiegel,DE-TH,Unstrut-Hainich-Kreis,102912.0,105.0
2020-04-16,16064,54.0,1.0,20.0,Tagesspiegel,DE-TH,Unstrut-Hainich-Kreis,102912.0,105.0
2020-04-18,16064,61.0,1.0,22.0,Tagesspiegel,DE-TH,Unstrut-Hainich-Kreis,102912.0,105.0
2020-04-20,16064,62.0,1.0,30.0,Tagesspiegel,DE-TH,Unstrut-Hainich-Kreis,102912.0,105.0
2020-04-21,16064,64.0,1.0,30.0,Tagesspiegel,DE-TH,Unstrut-Hainich-Kreis,102912.0,105.0
2020-04-22,16064,65.0,1.0,33.0,Tagesspiegel,DE-TH,Unstrut-Hainich-Kreis,102912.0,105.0
2020-04-24,16064,68.0,1.0,35.0,Tagesspiegel,DE-TH,Unstrut-Hainich-Kreis,102912.0,105.0
2020-04-28,16064,70.0,2.0,43.0,Tagesspiegel,DE-TH,Unstrut-Hainich-Kreis,102912.0,105.0
2020-04-29,16064,72.0,2.0,54.0,Tagesspiegel,DE-TH,Unstrut-Hainich-Kreis,102912.0,105.0
2020-04-30,16064,75.0,2.0,57.0,Tagesspiegel,DE-TH,Unstrut-Hainich-Kreis,102912.0,105.0
2020-05-02,16064,76.0,2.0,57.0,Tagesspiegel,DE-TH,Unstrut-Hainich-Kreis,102912.0,105.0
2020-05-26,16064,78.0,3.0,73.0,Tagesspiegel,DE-TH,Unstrut-Hainich-Kreis,102912.0,105.0
2020-05-28,16064,78.0,3.0,72.0,Tagesspiegel,DE-TH,Unstrut-Hainich-Kreis,102912.0,105.0
2020-05-30,16064,79.0,3.0,72.0,Tagesspiegel,DE-TH,Unstrut-Hainich-Kreis,102912.0,105.0
2020-06-03,16064,81.0,3.0,72.0,Tagesspiegel,DE-TH,Unstrut-Hainich-Kreis,102912.0,105.0
2020-06-05,16064,82.0,3.0,72.0,Tagesspiegel,DE-TH,Unstrut-Hainich-Kreis,102912.0,105.0
2020-06-06,16064,83.0,3.0,72.0,Tagesspiegel,DE-TH,Unstrut-Hainich-Kreis,102912.0,105.0
2020-06-09,16064,85.0,3.0,74.0,Tagesspiegel,DE-TH,Unstrut-Hainich-Kreis,102912.0,105.0
2020-06-10,16064,85.0,3.0,75.0,Tagesspiegel,DE-TH,Unstrut-Hainich-Kreis,102912.0,105.0
2020-06-11,16064,88.0,3.0,76.0,Tagesspiegel,DE-TH,Unstrut-Hainich-Kreis,102912.0,105.0
2020-06-16,16064,89.0,3.0,78.0,Tagesspiegel,DE-TH,Unstrut-Hainich-Kreis,102912.0,105.0
2020-06-17,16064,89.0,3.0,78.0,Tagesspiegel,DE-TH,Unstrut-Hainich-Kreis,102912.0,105.0
2020-07-02,16064,91.0,3.0,87.0,Tagesspiegel,DE-TH,Unstrut-Hainich-Kreis,102912.0,105.0
2020-03-12,16065,3.0,0.0,3.0,RKI,DE-TH,Kyffhäuserkreis,75009.0,72.0
2020-03-13,16065,3.0,0.0,3.0,RKI,DE-TH,Kyffhäuserkreis,75009.0,72.0
2020-03-16,16065,3.0,0.0,3.0,RKI,DE-TH,Kyffhäuserkreis,75009.0,72.0
2020-03-18,16065,3.0,0.0,3.0,RKI,DE-TH,Kyffhäuserkreis,75009.0,72.0
2020-03-19,16065,4.0,0.0,4.0,RKI,DE-TH,Kyffhäuserkreis,75009.0,72.0
2020-03-20,16065,5.0,0.0,5.0,RKI,DE-TH,Kyffhäuserkreis,75009.0,72.0
2020-03-24,16065,7.0,0.0,7.0,RKI,DE-TH,Kyffhäuserkreis,75009.0,72.0
2020-03-25,16065,8.0,0.0,8.0,RKI,DE-TH,Kyffhäuserkreis,75009.0,72.0
2020-03-27,16065,9.0,0.0,9.0,RKI,DE-TH,Kyffhäuserkreis,75009.0,72.0
2020-03-31,16065,19.0,0.0,6.0,Tagesspiegel,DE-TH,Kyffhäuserkreis,75009.0,72.0
2020-04-02,16065,23.0,0.0,6.0,Tagesspiegel,DE-TH,Kyffhäuserkreis,75009.0,72.0
2020-04-03,16065,23.0,0.0,6.0,Tagesspiegel,DE-TH,Kyffhäuserkreis,75009.0,72.0
2020-04-07,16065,27.0,0.0,16.0,Tagesspiegel,DE-TH,Kyffhäuserkreis,75009.0,72.0
2020-04-08,16065,28.0,0.0,16.0,Tagesspiegel,DE-TH,Kyffhäuserkreis,75009.0,72.0
2020-04-09,16065,28.0,0.0,16.0,Tagesspiegel,DE-TH,Kyffhäuserkreis,75009.0,72.0
2020-04-20,16065,35.0,0.0,20.0,Tagesspiegel,DE-TH,Kyffhäuserkreis,75009.0,72.0
2020-04-22,16065,36.0,0.0,20.0,Tagesspiegel,DE-TH,Kyffhäuserkreis,75009.0,72.0
2020-04-28,16065,37.0,0.0,28.0,Tagesspiegel,DE-TH,Kyffhäuserkreis,75009.0,72.0
2020-04-29,16065,37.0,0.0,28.0,Tagesspiegel,DE-TH,Kyffhäuserkreis,75009.0,72.0
2020-05-01,16065,39.0,0.0,32.0,Tagesspiegel,DE-TH,Kyffhäuserkreis,75009.0,72.0
2020-05-11,16065,41.0,0.0,36.0,Tagesspiegel,DE-TH,Kyffhäuserkreis,75009.0,72.0
2020-05-13,16065,43.0,0.0,36.0,Tagesspiegel,DE-TH,Kyffhäuserkreis,75009.0,72.0
2020-05-16,16065,44.0,0.0,39.0,Tagesspiegel,DE-TH,Kyffhäuserkreis,75009.0,72.0
2020-06-11,16065,45.0,0.0,45.0,Tagesspiegel,DE-TH,Kyffhäuserkreis,75009.0,72.0
2020-06-13,16065,46.0,0.0,45.0,Tagesspiegel,DE-TH,Kyffhäuserkreis,75009.0,72.0
2020-06-16,16065,48.0,0.0,45.0,Tagesspiegel,DE-TH,Kyffhäuserkreis,75009.0,72.0
2020-06-22,16065,50.0,0.0,45.0,Tagesspiegel,DE-TH,Kyffhäuserkreis,75009.0,72.0
2020-03-13,16066,0.0,0.0,0.0,RKI,DE-TH,Schmalkalden-Meiningen,125646.0,100.0
2020-03-17,16066,2.0,0.0,2.0,RKI,DE-TH,Schmalkalden-Meiningen,125646.0,100.0
2020-03-18,16066,4.0,0.0,4.0,RKI,DE-TH,Schmalkalden-Meiningen,125646.0,100.0
2020-03-19,16066,6.0,0.0,6.0,RKI,DE-TH,Schmalkalden-Meiningen,125646.0,100.0
2020-03-20,16066,9.0,0.0,9.0,RKI,DE-TH,Schmalkalden-Meiningen,125646.0,100.0
2020-03-23,16066,10.0,0.0,10.0,RKI,DE-TH,Schmalkalden-Meiningen,125646.0,100.0
2020-03-24,16066,13.0,0.0,13.0,RKI,DE-TH,Schmalkalden-Meiningen,125646.0,100.0
2020-03-25,16066,14.0,0.0,14.0,RKI,DE-TH,Schmalkalden-Meiningen,125646.0,100.0
2020-03-26,16066,17.0,0.0,17.0,RKI,DE-TH,Schmalkalden-Meiningen,125646.0,100.0
2020-03-27,16066,19.0,0.0,19.0,RKI,DE-TH,Schmalkalden-Meiningen,125646.0,100.0
2020-03-28,16066,19.0,0.0,19.0,RKI,DE-TH,Schmalkalden-Meiningen,125646.0,100.0
2020-03-31,16066,30.0,0.0,4.0,Tagesspiegel,DE-TH,Schmalkalden-Meiningen,125646.0,100.0
2020-04-02,16066,33.0,0.0,4.0,Tagesspiegel,DE-TH,Schmalkalden-Meiningen,125646.0,100.0
2020-04-03,16066,33.0,0.0,24.0,Tagesspiegel,DE-TH,Schmalkalden-Meiningen,125646.0,100.0
2020-04-04,16066,36.0,0.0,24.0,Tagesspiegel,DE-TH,Schmalkalden-Meiningen,125646.0,100.0
2020-04-07,16066,39.0,0.0,26.0,Tagesspiegel,DE-TH,Schmalkalden-Meiningen,125646.0,100.0
2020-04-08,16066,42.0,0.0,27.0,Tagesspiegel,DE-TH,Schmalkalden-Meiningen,125646.0,100.0
2020-04-09,16066,49.0,0.0,27.0,Tagesspiegel,DE-TH,Schmalkalden-Meiningen,125646.0,100.0
2020-04-10,16066,55.0,0.0,27.0,Tagesspiegel,DE-TH,Schmalkalden-Meiningen,125646.0,100.0
2020-04-13,16066,55.0,0.0,27.0,Tagesspiegel,DE-TH,Schmalkalden-Meiningen,125646.0,100.0
2020-04-14,16066,55.0,1.0,37.0,Tagesspiegel,DE-TH,Schmalkalden-Meiningen,125646.0,100.0
2020-04-15,16066,61.0,1.0,39.0,Tagesspiegel,DE-TH,Schmalkalden-Meiningen,125646.0,100.0
2020-04-16,16066,67.0,1.0,40.0,Tagesspiegel,DE-TH,Schmalkalden-Meiningen,125646.0,100.0
2020-04-17,16066,68.0,1.0,40.0,Tagesspiegel,DE-TH,Schmalkalden-Meiningen,125646.0,100.0
2020-04-18,16066,71.0,1.0,40.0,Tagesspiegel,DE-TH,Schmalkalden-Meiningen,125646.0,100.0
2020-04-20,16066,73.0,1.0,42.0,Tagesspiegel,DE-TH,Schmalkalden-Meiningen,125646.0,100.0
2020-04-21,16066,74.0,1.0,44.0,Tagesspiegel,DE-TH,Schmalkalden-Meiningen,125646.0,100.0
2020-04-22,16066,76.0,1.0,44.0,Tagesspiegel,DE-TH,Schmalkalden-Meiningen,125646.0,100.0
2020-04-23,16066,78.0,1.0,49.0,Tagesspiegel,DE-TH,Schmalkalden-Meiningen,125646.0,100.0
2020-04-24,16066,86.0,2.0,50.0,Tagesspiegel,DE-TH,Schmalkalden-Meiningen,125646.0,100.0
2020-04-27,16066,90.0,2.0,53.0,Tagesspiegel,DE-TH,Schmalkalden-Meiningen,125646.0,100.0
2020-04-28,16066,90.0,2.0,53.0,Tagesspiegel,DE-TH,Schmalkalden-Meiningen,125646.0,100.0
2020-04-29,16066,94.0,2.0,56.0,Tagesspiegel,DE-TH,Schmalkalden-Meiningen,125646.0,100.0
2020-04-30,16066,95.0,3.0,58.0,Tagesspiegel,DE-TH,Schmalkalden-Meiningen,125646.0,100.0
2020-05-05,16066,98.0,3.0,61.0,Tagesspiegel,DE-TH,Schmalkalden-Meiningen,125646.0,100.0
2020-05-06,16066,100.0,3.0,67.0,Tagesspiegel,DE-TH,Schmalkalden-Meiningen,125646.0,100.0
2020-05-07,16066,103.0,3.0,69.0,Tagesspiegel,DE-TH,Schmalkalden-Meiningen,125646.0,100.0
2020-05-08,16066,106.0,3.0,73.0,Tagesspiegel,DE-TH,Schmalkalden-Meiningen,125646.0,100.0
2020-05-09,16066,107.0,3.0,73.0,Tagesspiegel,DE-TH,Schmalkalden-Meiningen,125646.0,100.0
2020-05-11,16066,111.0,3.0,73.0,Tagesspiegel,DE-TH,Schmalkalden-Meiningen,125646.0,100.0
2020-05-12,16066,111.0,3.0,84.0,Tagesspiegel,DE-TH,Schmalkalden-Meiningen,125646.0,100.0
2020-05-14,16066,114.0,3.0,89.0,Tagesspiegel,DE-TH,Schmalkalden-Meiningen,125646.0,100.0
2020-05-15,16066,116.0,3.0,91.0,Tagesspiegel,DE-TH,Schmalkalden-Meiningen,125646.0,100.0
2020-05-17,16066,118.0,3.0,92.0,Tagesspiegel,DE-TH,Schmalkalden-Meiningen,125646.0,100.0
2020-05-19,16066,119.0,3.0,95.0,Tagesspiegel,DE-TH,Schmalkalden-Meiningen,125646.0,100.0
2020-05-20,16066,122.0,3.0,95.0,Tagesspiegel,DE-TH,Schmalkalden-Meiningen,125646.0,100.0
2020-05-23,16066,122.0,3.0,95.0,Tagesspiegel,DE-TH,Schmalkalden-Meiningen,125646.0,100.0
2020-05-25,16066,125.0,3.0,95.0,Tagesspiegel,DE-TH,Schmalkalden-Meiningen,125646.0,100.0
2020-05-26,16066,126.0,3.0,101.0,Tagesspiegel,DE-TH,Schmalkalden-Meiningen,125646.0,100.0
2020-05-27,16066,127.0,3.0,101.0,Tagesspiegel,DE-TH,Schmalkalden-Meiningen,125646.0,100.0
2020-05-28,16066,131.0,3.0,102.0,Tagesspiegel,DE-TH,Schmalkalden-Meiningen,125646.0,100.0
2020-05-29,16066,132.0,3.0,103.0,Tagesspiegel,DE-TH,Schmalkalden-Meiningen,125646.0,100.0
2020-05-30,16066,132.0,3.0,103.0,Tagesspiegel,DE-TH,Schmalkalden-Meiningen,125646.0,100.0
2020-05-31,16066,132.0,3.0,103.0,Tagesspiegel,DE-TH,Schmalkalden-Meiningen,125646.0,100.0
2020-06-02,16066,132.0,3.0,104.0,Tagesspiegel,DE-TH,Schmalkalden-Meiningen,125646.0,100.0
2020-06-04,16066,137.0,3.0,108.0,Tagesspiegel,DE-TH,Schmalkalden-Meiningen,125646.0,100.0
2020-06-05,16066,139.0,3.0,113.0,Tagesspiegel,DE-TH,Schmalkalden-Meiningen,125646.0,100.0
2020-06-06,16066,140.0,3.0,113.0,Tagesspiegel,DE-TH,Schmalkalden-Meiningen,125646.0,100.0
2020-06-07,16066,140.0,3.0,113.0,Tagesspiegel,DE-TH,Schmalkalden-Meiningen,125646.0,100.0
2020-06-08,16066,140.0,3.0,113.0,Tagesspiegel,DE-TH,Schmalkalden-Meiningen,125646.0,100.0
2020-06-09,16066,141.0,3.0,116.0,Tagesspiegel,DE-TH,Schmalkalden-Meiningen,125646.0,100.0
2020-06-10,16066,144.0,4.0,119.0,Tagesspiegel,DE-TH,Schmalkalden-Meiningen,125646.0,100.0
2020-06-11,16066,144.0,4.0,122.0,Tagesspiegel,DE-TH,Schmalkalden-Meiningen,125646.0,100.0
2020-06-16,16066,146.0,4.0,125.0,Tagesspiegel,DE-TH,Schmalkalden-Meiningen,125646.0,100.0
2020-06-19,16066,147.0,4.0,130.0,Tagesspiegel,DE-TH,Schmalkalden-Meiningen,125646.0,100.0
2020-06-22,16066,147.0,4.0,131.0,Tagesspiegel,DE-TH,Schmalkalden-Meiningen,125646.0,100.0
2020-06-24,16066,149.0,4.0,136.0,Tagesspiegel,DE-TH,Schmalkalden-Meiningen,125646.0,100.0
2020-06-26,16066,150.0,4.0,140.0,Tagesspiegel,DE-TH,Schmalkalden-Meiningen,125646.0,100.0
2020-06-30,16066,150.0,4.0,140.0,Tagesspiegel,DE-TH,Schmalkalden-Meiningen,125646.0,100.0
2020-07-02,16066,152.0,4.0,142.0,Tagesspiegel,DE-TH,Schmalkalden-Meiningen,125646.0,100.0
2020-07-06,16066,153.0,4.0,145.0,Tagesspiegel,DE-TH,Schmalkalden-Meiningen,125646.0,100.0
2020-07-07,16066,156.0,4.0,146.0,Tagesspiegel,DE-TH,Schmalkalden-Meiningen,125646.0,100.0
2020-07-13,16066,159.0,4.0,146.0,Tagesspiegel,DE-TH,Schmalkalden-Meiningen,125646.0,100.0
2020-07-14,16066,160.0,4.0,146.0,Tagesspiegel,DE-TH,Schmalkalden-Meiningen,125646.0,100.0
2020-03-19,16067,2.0,0.0,2.0,RKI,DE-TH,Gotha,135452.0,145.0
2020-03-20,16067,6.0,0.0,6.0,RKI,DE-TH,Gotha,135452.0,145.0
2020-03-23,16067,11.0,0.0,11.0,RKI,DE-TH,Gotha,135452.0,145.0
2020-03-24,16067,12.0,0.0,12.0,RKI,DE-TH,Gotha,135452.0,145.0
2020-03-26,16067,14.0,0.0,14.0,RKI,DE-TH,Gotha,135452.0,145.0
2020-03-27,16067,14.0,0.0,14.0,RKI,DE-TH,Gotha,135452.0,145.0
2020-03-29,16067,14.0,0.0,14.0,RKI,DE-TH,Gotha,135452.0,145.0
2020-03-30,16067,21.0,0.0,3.0,Tagesspiegel,DE-TH,Gotha,135452.0,145.0
2020-03-31,16067,23.0,0.0,3.0,Tagesspiegel,DE-TH,Gotha,135452.0,145.0
2020-04-01,16067,26.0,0.0,4.0,Tagesspiegel,DE-TH,Gotha,135452.0,145.0
2020-04-02,16067,28.0,0.0,5.0,Tagesspiegel,DE-TH,Gotha,135452.0,145.0
2020-04-03,16067,33.0,0.0,6.0,Tagesspiegel,DE-TH,Gotha,135452.0,145.0
2020-04-04,16067,34.0,0.0,6.0,Tagesspiegel,DE-TH,Gotha,135452.0,145.0
2020-04-06,16067,37.0,1.0,10.0,Tagesspiegel,DE-TH,Gotha,135452.0,145.0
2020-04-07,16067,38.0,1.0,10.0,Tagesspiegel,DE-TH,Gotha,135452.0,145.0
2020-04-08,16067,45.0,1.0,12.0,Tagesspiegel,DE-TH,Gotha,135452.0,145.0
2020-04-09,16067,52.0,1.0,17.0,Tagesspiegel,DE-TH,Gotha,135452.0,145.0
2020-04-10,16067,57.0,1.0,17.0,Tagesspiegel,DE-TH,Gotha,135452.0,145.0
2020-04-11,16067,63.0,1.0,17.0,Tagesspiegel,DE-TH,Gotha,135452.0,145.0
2020-04-12,16067,65.0,1.0,17.0,Tagesspiegel,DE-TH,Gotha,135452.0,145.0
2020-04-13,16067,65.0,1.0,17.0,Tagesspiegel,DE-TH,Gotha,135452.0,145.0
2020-04-14,16067,66.0,3.0,19.0,Tagesspiegel,DE-TH,Gotha,135452.0,145.0
2020-04-15,16067,80.0,4.0,25.0,Tagesspiegel,DE-TH,Gotha,135452.0,145.0
2020-04-16,16067,92.0,4.0,27.0,Tagesspiegel,DE-TH,Gotha,135452.0,145.0
2020-04-17,16067,104.0,4.0,28.0,Tagesspiegel,DE-TH,Gotha,135452.0,145.0
2020-04-18,16067,112.0,4.0,28.0,Tagesspiegel,DE-TH,Gotha,135452.0,145.0
2020-04-19,16067,127.0,4.0,28.0,Tagesspiegel,DE-TH,Gotha,135452.0,145.0
2020-04-20,16067,128.0,4.0,33.0,Tagesspiegel,DE-TH,Gotha,135452.0,145.0
2020-04-21,16067,134.0,4.0,35.0,Tagesspiegel,DE-TH,Gotha,135452.0,145.0
2020-04-22,16067,152.0,4.0,41.0,Tagesspiegel,DE-TH,Gotha,135452.0,145.0
2020-04-23,16067,162.0,4.0,43.0,Tagesspiegel,DE-TH,Gotha,135452.0,145.0
2020-04-24,16067,170.0,6.0,48.0,Tagesspiegel,DE-TH,Gotha,135452.0,145.0
2020-04-25,16067,173.0,6.0,53.0,Tagesspiegel,DE-TH,Gotha,135452.0,145.0
2020-04-26,16067,187.0,6.0,53.0,Tagesspiegel,DE-TH,Gotha,135452.0,145.0
2020-04-27,16067,193.0,9.0,60.0,Tagesspiegel,DE-TH,Gotha,135452.0,145.0
2020-04-28,16067,199.0,11.0,60.0,Tagesspiegel,DE-TH,Gotha,135452.0,145.0
2020-04-29,16067,207.0,13.0,61.0,Tagesspiegel,DE-TH,Gotha,135452.0,145.0
2020-04-30,16067,222.0,14.0,70.0,Tagesspiegel,DE-TH,Gotha,135452.0,145.0
2020-05-01,16067,232.0,15.0,71.0,Tagesspiegel,DE-TH,Gotha,135452.0,145.0
2020-05-05,16067,244.0,16.0,79.0,Tagesspiegel,DE-TH,Gotha,135452.0,145.0
2020-05-06,16067,246.0,17.0,101.0,Tagesspiegel,DE-TH,Gotha,135452.0,145.0
2020-05-07,16067,250.0,17.0,102.0,Tagesspiegel,DE-TH,Gotha,135452.0,145.0
2020-05-08,16067,255.0,17.0,106.0,Tagesspiegel,DE-TH,Gotha,135452.0,145.0
2020-05-09,16067,261.0,17.0,108.0,Tagesspiegel,DE-TH,Gotha,135452.0,145.0
2020-05-10,16067,267.0,17.0,109.0,Tagesspiegel,DE-TH,Gotha,135452.0,145.0
2020-05-11,16067,270.0,17.0,109.0,Tagesspiegel,DE-TH,Gotha,135452.0,145.0
2020-05-12,16067,272.0,21.0,144.0,Tagesspiegel,DE-TH,Gotha,135452.0,145.0
2020-05-13,16067,272.0,21.0,144.0,Tagesspiegel,DE-TH,Gotha,135452.0,145.0
2020-05-14,16067,273.0,24.0,157.0,Tagesspiegel,DE-TH,Gotha,135452.0,145.0
2020-05-15,16067,274.0,24.0,161.0,Tagesspiegel,DE-TH,Gotha,135452.0,145.0
2020-05-18,16067,278.0,25.0,185.0,Tagesspiegel,DE-TH,Gotha,135452.0,145.0
2020-05-20,16067,279.0,26.0,191.0,Tagesspiegel,DE-TH,Gotha,135452.0,145.0
2020-05-22,16067,279.0,27.0,199.0,Tagesspiegel,DE-TH,Gotha,135452.0,145.0
2020-05-23,16067,283.0,27.0,210.0,Tagesspiegel,DE-TH,Gotha,135452.0,145.0
2020-05-26,16067,284.0,29.0,215.0,Tagesspiegel,DE-TH,Gotha,135452.0,145.0
2020-05-27,16067,284.0,30.0,222.0,Tagesspiegel,DE-TH,Gotha,135452.0,145.0
2020-05-28,16067,294.0,30.0,231.0,Tagesspiegel,DE-TH,Gotha,135452.0,145.0
2020-06-03,16067,300.0,30.0,239.0,Tagesspiegel,DE-TH,Gotha,135452.0,145.0
2020-06-04,16067,300.0,30.0,241.0,Tagesspiegel,DE-TH,Gotha,135452.0,145.0
2020-06-05,16067,302.0,30.0,242.0,Tagesspiegel,DE-TH,Gotha,135452.0,145.0
2020-06-09,16067,308.0,30.0,244.0,Tagesspiegel,DE-TH,Gotha,135452.0,145.0
2020-06-10,16067,309.0,30.0,248.0,Tagesspiegel,DE-TH,Gotha,135452.0,145.0
2020-06-17,16067,310.0,30.0,266.0,Tagesspiegel,DE-TH,Gotha,135452.0,145.0
2020-06-19,16067,311.0,30.0,267.0,Tagesspiegel,DE-TH,Gotha,135452.0,145.0
2020-06-22,16067,311.0,30.0,267.0,Tagesspiegel,DE-TH,Gotha,135452.0,145.0
2020-06-24,16067,313.0,30.0,276.0,Tagesspiegel,DE-TH,Gotha,135452.0,145.0
2020-07-02,16067,314.0,30.0,280.0,Tagesspiegel,DE-TH,Gotha,135452.0,145.0
2020-07-05,16067,315.0,30.0,280.0,Tagesspiegel,DE-TH,Gotha,135452.0,145.0
2020-07-14,16067,317.0,30.0,284.0,Tagesspiegel,DE-TH,Gotha,135452.0,145.0
2020-07-15,16067,317.0,30.0,284.0,Tagesspiegel,DE-TH,Gotha,135452.0,145.0
2020-03-20,16068,1.0,0.0,1.0,RKI,DE-TH,Sömmerda,69655.0,86.0
2020-03-21,16068,1.0,0.0,1.0,RKI,DE-TH,Sömmerda,69655.0,86.0
2020-03-22,16068,2.0,0.0,2.0,RKI,DE-TH,Sömmerda,69655.0,86.0
2020-03-23,16068,3.0,0.0,3.0,RKI,DE-TH,Sömmerda,69655.0,86.0
2020-03-24,16068,3.0,0.0,3.0,RKI,DE-TH,Sömmerda,69655.0,86.0
2020-03-25,16068,6.0,0.0,6.0,RKI,DE-TH,Sömmerda,69655.0,86.0
2020-03-26,16068,11.0,0.0,11.0,RKI,DE-TH,Sömmerda,69655.0,86.0
2020-03-27,16068,13.0,0.0,13.0,RKI,DE-TH,Sömmerda,69655.0,86.0
2020-03-31,16068,22.0,0.0,2.0,Tagesspiegel,DE-TH,Sömmerda,69655.0,86.0
2020-04-01,16068,23.0,0.0,2.0,Tagesspiegel,DE-TH,Sömmerda,69655.0,86.0
2020-04-02,16068,24.0,0.0,2.0,Tagesspiegel,DE-TH,Sömmerda,69655.0,86.0
2020-04-05,16068,29.0,0.0,3.0,Tagesspiegel,DE-TH,Sömmerda,69655.0,86.0
2020-04-07,16068,30.0,0.0,3.0,Tagesspiegel,DE-TH,Sömmerda,69655.0,86.0
2020-04-08,16068,30.0,0.0,6.0,Tagesspiegel,DE-TH,Sömmerda,69655.0,86.0
2020-04-09,16068,31.0,0.0,7.0,Tagesspiegel,DE-TH,Sömmerda,69655.0,86.0
2020-04-16,16068,32.0,0.0,18.0,Tagesspiegel,DE-TH,Sömmerda,69655.0,86.0
2020-04-21,16068,34.0,0.0,22.0,Tagesspiegel,DE-TH,Sömmerda,69655.0,86.0
2020-05-01,16068,37.0,0.0,32.0,Tagesspiegel,DE-TH,Sömmerda,69655.0,86.0
2020-06-30,16068,38.0,1.0,37.0,Tagesspiegel,DE-TH,Sömmerda,69655.0,86.0
2020-07-11,16068,39.0,1.0,37.0,Tagesspiegel,DE-TH,Sömmerda,69655.0,86.0
2020-07-14,16068,40.0,1.0,38.0,Tagesspiegel,DE-TH,Sömmerda,69655.0,86.0
2020-07-16,16068,41.0,1.0,38.0,Tagesspiegel,DE-TH,Sömmerda,69655.0,86.0
2020-03-24,16069,0.0,0.0,0.0,RKI,DE-TH,Hildburghausen,63553.0,68.0
2020-03-25,16069,0.0,0.0,0.0,RKI,DE-TH,Hildburghausen,63553.0,68.0
2020-03-26,16069,2.0,0.0,2.0,RKI,DE-TH,Hildburghausen,63553.0,68.0
2020-03-27,16069,2.0,0.0,2.0,RKI,DE-TH,Hildburghausen,63553.0,68.0
2020-03-30,16069,3.0,0.0,3.0,RKI,DE-TH,Hildburghausen,63553.0,68.0
2020-03-31,16069,3.0,0.0,3.0,RKI,DE-TH,Hildburghausen,63553.0,68.0
2020-04-03,16069,3.0,0.0,3.0,RKI,DE-TH,Hildburghausen,63553.0,68.0
2020-04-08,16069,3.0,0.0,3.0,RKI,DE-TH,Hildburghausen,63553.0,68.0
2020-04-09,16069,11.0,1.0,5.0,Tagesspiegel,DE-TH,Hildburghausen,63553.0,68.0
2020-04-11,16069,14.0,1.0,5.0,Tagesspiegel,DE-TH,Hildburghausen,63553.0,68.0
2020-04-12,16069,14.0,1.0,5.0,Tagesspiegel,DE-TH,Hildburghausen,63553.0,68.0
2020-04-16,16069,15.0,1.0,10.0,Tagesspiegel,DE-TH,Hildburghausen,63553.0,68.0
2020-04-17,16069,16.0,1.0,10.0,Tagesspiegel,DE-TH,Hildburghausen,63553.0,68.0
2020-04-23,16069,18.0,1.0,11.0,Tagesspiegel,DE-TH,Hildburghausen,63553.0,68.0
2020-04-24,16069,19.0,1.0,11.0,Tagesspiegel,DE-TH,Hildburghausen,63553.0,68.0
2020-04-29,16069,20.0,1.0,12.0,Tagesspiegel,DE-TH,Hildburghausen,63553.0,68.0
2020-04-30,16069,20.0,1.0,13.0,Tagesspiegel,DE-TH,Hildburghausen,63553.0,68.0
2020-05-04,16069,23.0,1.0,13.0,Tagesspiegel,DE-TH,Hildburghausen,63553.0,68.0
2020-05-06,16069,24.0,1.0,16.0,Tagesspiegel,DE-TH,Hildburghausen,63553.0,68.0
2020-05-07,16069,27.0,1.0,16.0,Tagesspiegel,DE-TH,Hildburghausen,63553.0,68.0
2020-05-08,16069,28.0,1.0,16.0,Tagesspiegel,DE-TH,Hildburghausen,63553.0,68.0
2020-05-12,16069,31.0,1.0,21.0,Tagesspiegel,DE-TH,Hildburghausen,63553.0,68.0
2020-05-19,16069,32.0,1.0,26.0,Tagesspiegel,DE-TH,Hildburghausen,63553.0,68.0
2020-05-20,16069,33.0,1.0,26.0,Tagesspiegel,DE-TH,Hildburghausen,63553.0,68.0
2020-05-23,16069,35.0,1.0,26.0,Tagesspiegel,DE-TH,Hildburghausen,63553.0,68.0
2020-05-24,16069,38.0,1.0,26.0,Tagesspiegel,DE-TH,Hildburghausen,63553.0,68.0
2020-05-29,16069,42.0,1.0,27.0,Tagesspiegel,DE-TH,Hildburghausen,63553.0,68.0
2020-06-01,16069,45.0,1.0,27.0,Tagesspiegel,DE-TH,Hildburghausen,63553.0,68.0
2020-06-03,16069,46.0,1.0,27.0,Tagesspiegel,DE-TH,Hildburghausen,63553.0,68.0
2020-06-05,16069,54.0,1.0,30.0,Tagesspiegel,DE-TH,Hildburghausen,63553.0,68.0
2020-06-10,16069,56.0,1.0,36.0,Tagesspiegel,DE-TH,Hildburghausen,63553.0,68.0
2020-06-12,16069,58.0,1.0,36.0,Tagesspiegel,DE-TH,Hildburghausen,63553.0,68.0
2020-06-13,16069,58.0,1.0,36.0,Tagesspiegel,DE-TH,Hildburghausen,63553.0,68.0
2020-06-14,16069,60.0,1.0,36.0,Tagesspiegel,DE-TH,Hildburghausen,63553.0,68.0
2020-06-16,16069,63.0,1.0,44.0,Tagesspiegel,DE-TH,Hildburghausen,63553.0,68.0
2020-06-18,16069,63.0,1.0,44.0,Tagesspiegel,DE-TH,Hildburghausen,63553.0,68.0
2020-06-20,16069,67.0,1.0,50.0,Tagesspiegel,DE-TH,Hildburghausen,63553.0,68.0
2020-06-23,16069,69.0,1.0,54.0,Tagesspiegel,DE-TH,Hildburghausen,63553.0,68.0
2020-06-25,16069,70.0,1.0,54.0,Tagesspiegel,DE-TH,Hildburghausen,63553.0,68.0
2020-06-26,16069,70.0,1.0,58.0,Tagesspiegel,DE-TH,Hildburghausen,63553.0,68.0
2020-07-02,16069,72.0,1.0,66.0,Tagesspiegel,DE-TH,Hildburghausen,63553.0,68.0
2020-07-04,16069,74.0,1.0,68.0,Tagesspiegel,DE-TH,Hildburghausen,63553.0,68.0
2020-07-07,16069,77.0,1.0,68.0,Tagesspiegel,DE-TH,Hildburghausen,63553.0,68.0
2020-07-08,16069,77.0,1.0,69.0,Tagesspiegel,DE-TH,Hildburghausen,63553.0,68.0
2020-07-09,16069,79.0,1.0,69.0,Tagesspiegel,DE-TH,Hildburghausen,63553.0,68.0
2020-07-10,16069,79.0,1.0,69.0,Tagesspiegel,DE-TH,Hildburghausen,63553.0,68.0
2020-07-11,16069,80.0,1.0,69.0,Tagesspiegel,DE-TH,Hildburghausen,63553.0,68.0
2020-07-15,16069,83.0,1.0,73.0,Tagesspiegel,DE-TH,Hildburghausen,63553.0,68.0
2020-03-17,16070,0.0,0.0,0.0,RKI,DE-TH,Ilm-Kreis,106622.0,132.0
2020-03-18,16070,0.0,0.0,0.0,RKI,DE-TH,Ilm-Kreis,106622.0,132.0
2020-03-19,16070,0.0,0.0,0.0,RKI,DE-TH,Ilm-Kreis,106622.0,132.0
2020-03-20,16070,3.0,0.0,3.0,RKI,DE-TH,Ilm-Kreis,106622.0,132.0
2020-03-21,16070,4.0,0.0,4.0,RKI,DE-TH,Ilm-Kreis,106622.0,132.0
2020-03-22,16070,4.0,0.0,4.0,RKI,DE-TH,Ilm-Kreis,106622.0,132.0
2020-03-23,16070,5.0,0.0,5.0,RKI,DE-TH,Ilm-Kreis,106622.0,132.0
2020-03-24,16070,12.0,0.0,12.0,RKI,DE-TH,Ilm-Kreis,106622.0,132.0
2020-03-25,16070,20.0,0.0,20.0,RKI,DE-TH,Ilm-Kreis,106622.0,132.0
2020-03-26,16070,28.0,0.0,28.0,RKI,DE-TH,Ilm-Kreis,106622.0,132.0
2020-03-27,16070,39.0,0.0,39.0,RKI,DE-TH,Ilm-Kreis,106622.0,132.0
2020-03-28,16070,42.0,0.0,42.0,RKI,DE-TH,Ilm-Kreis,106622.0,132.0
2020-03-30,16070,44.0,0.0,44.0,RKI,DE-TH,Ilm-Kreis,106622.0,132.0
2020-03-31,16070,50.0,1.0,49.0,RKI,DE-TH,Ilm-Kreis,106622.0,132.0
2020-04-02,16070,65.0,1.0,7.0,Tagesspiegel,DE-TH,Ilm-Kreis,106622.0,132.0
2020-04-03,16070,72.0,1.0,19.0,Tagesspiegel,DE-TH,Ilm-Kreis,106622.0,132.0
2020-04-04,16070,79.0,1.0,19.0,Tagesspiegel,DE-TH,Ilm-Kreis,106622.0,132.0
2020-04-06,16070,93.0,1.0,29.0,Tagesspiegel,DE-TH,Ilm-Kreis,106622.0,132.0
2020-04-07,16070,95.0,1.0,29.0,Tagesspiegel,DE-TH,Ilm-Kreis,106622.0,132.0
2020-04-08,16070,97.0,1.0,29.0,Tagesspiegel,DE-TH,Ilm-Kreis,106622.0,132.0
2020-04-09,16070,98.0,1.0,42.0,Tagesspiegel,DE-TH,Ilm-Kreis,106622.0,132.0
2020-04-13,16070,102.0,2.0,42.0,Tagesspiegel,DE-TH,Ilm-Kreis,106622.0,132.0
2020-04-15,16070,103.0,2.0,58.0,Tagesspiegel,DE-TH,Ilm-Kreis,106622.0,132.0
2020-04-16,16070,103.0,2.0,64.0,Tagesspiegel,DE-TH,Ilm-Kreis,106622.0,132.0
2020-04-17,16070,104.0,2.0,72.0,Tagesspiegel,DE-TH,Ilm-Kreis,106622.0,132.0
2020-04-18,16070,107.0,3.0,111.0,Tagesspiegel,DE-TH,Ilm-Kreis,106622.0,132.0
2020-04-20,16070,112.0,3.0,92.0,Tagesspiegel,DE-TH,Ilm-Kreis,106622.0,132.0
2020-04-21,16070,112.0,4.0,92.0,Tagesspiegel,DE-TH,Ilm-Kreis,106622.0,132.0
2020-04-22,16070,116.0,4.0,93.0,Tagesspiegel,DE-TH,Ilm-Kreis,106622.0,132.0
2020-04-24,16070,120.0,4.0,95.0,Tagesspiegel,DE-TH,Ilm-Kreis,106622.0,132.0
2020-05-01,16070,121.0,4.0,105.0,Tagesspiegel,DE-TH,Ilm-Kreis,106622.0,132.0
2020-05-02,16070,123.0,4.0,106.0,Tagesspiegel,DE-TH,Ilm-Kreis,106622.0,132.0
2020-05-05,16070,123.0,4.0,106.0,Tagesspiegel,DE-TH,Ilm-Kreis,106622.0,132.0
2020-05-06,16070,124.0,4.0,108.0,Tagesspiegel,DE-TH,Ilm-Kreis,106622.0,132.0
2020-05-09,16070,126.0,4.0,112.0,Tagesspiegel,DE-TH,Ilm-Kreis,106622.0,132.0
2020-05-20,16070,129.0,4.0,122.0,Tagesspiegel,DE-TH,Ilm-Kreis,106622.0,132.0
2020-05-26,16070,130.0,4.0,123.0,Tagesspiegel,DE-TH,Ilm-Kreis,106622.0,132.0
2020-05-27,16070,130.0,4.0,123.0,Tagesspiegel,DE-TH,Ilm-Kreis,106622.0,132.0
2020-05-28,16070,133.0,4.0,123.0,Tagesspiegel,DE-TH,Ilm-Kreis,106622.0,132.0
2020-07-08,16070,136.0,6.0,130.0,Tagesspiegel,DE-TH,Ilm-Kreis,106622.0,132.0
2020-07-15,16070,137.0,6.0,130.0,Tagesspiegel,DE-TH,Ilm-Kreis,106622.0,132.0
2020-03-17,16071,0.0,0.0,0.0,RKI,DE-TH,Weimarer Land,81947.0,102.0
2020-03-18,16071,2.0,0.0,2.0,RKI,DE-TH,Weimarer Land,81947.0,102.0
2020-03-19,16071,2.0,0.0,2.0,RKI,DE-TH,Weimarer Land,81947.0,102.0
2020-03-20,16071,5.0,0.0,5.0,RKI,DE-TH,Weimarer Land,81947.0,102.0
2020-03-22,16071,5.0,0.0,5.0,RKI,DE-TH,Weimarer Land,81947.0,102.0
2020-03-23,16071,6.0,0.0,6.0,RKI,DE-TH,Weimarer Land,81947.0,102.0
2020-03-24,16071,6.0,0.0,6.0,RKI,DE-TH,Weimarer Land,81947.0,102.0
2020-03-25,16071,6.0,0.0,6.0,RKI,DE-TH,Weimarer Land,81947.0,102.0
2020-03-26,16071,7.0,0.0,7.0,RKI,DE-TH,Weimarer Land,81947.0,102.0
2020-03-27,16071,7.0,0.0,7.0,RKI,DE-TH,Weimarer Land,81947.0,102.0
2020-03-28,16071,9.0,0.0,9.0,RKI,DE-TH,Weimarer Land,81947.0,102.0
2020-03-30,16071,21.0,0.0,3.0,Tagesspiegel,DE-TH,Weimarer Land,81947.0,102.0
2020-03-31,16071,22.0,0.0,3.0,Tagesspiegel,DE-TH,Weimarer Land,81947.0,102.0
2020-04-01,16071,24.0,0.0,3.0,Tagesspiegel,DE-TH,Weimarer Land,81947.0,102.0
2020-04-02,16071,26.0,0.0,3.0,Tagesspiegel,DE-TH,Weimarer Land,81947.0,102.0
2020-04-03,16071,29.0,0.0,3.0,Tagesspiegel,DE-TH,Weimarer Land,81947.0,102.0
2020-04-04,16071,30.0,0.0,3.0,Tagesspiegel,DE-TH,Weimarer Land,81947.0,102.0
2020-04-05,16071,36.0,0.0,3.0,Tagesspiegel,DE-TH,Weimarer Land,81947.0,102.0
2020-04-06,16071,41.0,0.0,3.0,Tagesspiegel,DE-TH,Weimarer Land,81947.0,102.0
2020-04-09,16071,54.0,1.0,3.0,Tagesspiegel,DE-TH,Weimarer Land,81947.0,102.0
2020-04-10,16071,57.0,1.0,4.0,Tagesspiegel,DE-TH,Weimarer Land,81947.0,102.0
2020-04-14,16071,59.0,1.0,4.0,Tagesspiegel,DE-TH,Weimarer Land,81947.0,102.0
2020-04-16,16071,59.0,2.0,4.0,Tagesspiegel,DE-TH,Weimarer Land,81947.0,102.0
2020-04-17,16071,59.0,3.0,4.0,Tagesspiegel,DE-TH,Weimarer Land,81947.0,102.0
2020-04-19,16071,65.0,3.0,4.0,Tagesspiegel,DE-TH,Weimarer Land,81947.0,102.0
2020-04-21,16071,40.0,4.0,36.0,RKI,DE-TH,Weimarer Land,81947.0,102.0
2020-04-28,16071,67.0,4.0,37.0,Tagesspiegel,DE-TH,Weimarer Land,81947.0,102.0
2020-04-30,16071,68.0,4.0,37.0,Tagesspiegel,DE-TH,Weimarer Land,81947.0,102.0
2020-05-05,16071,69.0,4.0,37.0,Tagesspiegel,DE-TH,Weimarer Land,81947.0,102.0
2020-05-06,16071,69.0,4.0,58.0,Tagesspiegel,DE-TH,Weimarer Land,81947.0,102.0
2020-05-07,16071,71.0,4.0,58.0,Tagesspiegel,DE-TH,Weimarer Land,81947.0,102.0
2020-05-09,16071,71.0,4.0,58.0,Tagesspiegel,DE-TH,Weimarer Land,81947.0,102.0
2020-06-05,16071,73.0,4.0,69.0,Tagesspiegel,DE-TH,Weimarer Land,81947.0,102.0
2020-07-07,16071,74.0,4.0,70.0,Tagesspiegel,DE-TH,Weimarer Land,81947.0,102.0
2020-07-15,16071,75.0,4.0,70.0,Tagesspiegel,DE-TH,Weimarer Land,81947.0,102.0
2020-03-22,16072,4.0,0.0,4.0,RKI,DE-TH,Sonneberg,58410.0,135.0
2020-03-24,16072,6.0,0.0,6.0,RKI,DE-TH,Sonneberg,58410.0,135.0
2020-03-25,16072,7.0,0.0,7.0,RKI,DE-TH,Sonneberg,58410.0,135.0
2020-03-26,16072,9.0,0.0,9.0,RKI,DE-TH,Sonneberg,58410.0,135.0
2020-03-27,16072,10.0,0.0,10.0,RKI,DE-TH,Sonneberg,58410.0,135.0
2020-03-28,16072,13.0,0.0,13.0,RKI,DE-TH,Sonneberg,58410.0,135.0
2020-03-30,16072,21.0,0.0,1.0,Tagesspiegel,DE-TH,Sonneberg,58410.0,135.0
2020-03-31,16072,23.0,0.0,1.0,Tagesspiegel,DE-TH,Sonneberg,58410.0,135.0
2020-04-01,16072,30.0,1.0,1.0,Tagesspiegel,DE-TH,Sonneberg,58410.0,135.0
2020-04-02,16072,32.0,1.0,1.0,Tagesspiegel,DE-TH,Sonneberg,58410.0,135.0
2020-04-03,16072,34.0,1.0,1.0,Tagesspiegel,DE-TH,Sonneberg,58410.0,135.0
2020-04-04,16072,35.0,1.0,1.0,Tagesspiegel,DE-TH,Sonneberg,58410.0,135.0
2020-04-06,16072,36.0,1.0,12.0,Tagesspiegel,DE-TH,Sonneberg,58410.0,135.0
2020-04-07,16072,36.0,1.0,13.0,Tagesspiegel,DE-TH,Sonneberg,58410.0,135.0
2020-04-08,16072,38.0,1.0,13.0,Tagesspiegel,DE-TH,Sonneberg,58410.0,135.0
2020-04-09,16072,41.0,1.0,13.0,Tagesspiegel,DE-TH,Sonneberg,58410.0,135.0
2020-04-11,16072,47.0,1.0,13.0,Tagesspiegel,DE-TH,Sonneberg,58410.0,135.0
2020-04-12,16072,49.0,1.0,13.0,Tagesspiegel,DE-TH,Sonneberg,58410.0,135.0
2020-04-13,16072,49.0,1.0,13.0,Tagesspiegel,DE-TH,Sonneberg,58410.0,135.0
2020-04-14,16072,50.0,1.0,29.0,Tagesspiegel,DE-TH,Sonneberg,58410.0,135.0
2020-04-15,16072,53.0,1.0,29.0,Tagesspiegel,DE-TH,Sonneberg,58410.0,135.0
2020-04-16,16072,54.0,1.0,29.0,Tagesspiegel,DE-TH,Sonneberg,58410.0,135.0
2020-04-17,16072,57.0,1.0,29.0,Tagesspiegel,DE-TH,Sonneberg,58410.0,135.0
2020-04-18,16072,58.0,1.0,35.0,Tagesspiegel,DE-TH,Sonneberg,58410.0,135.0
2020-04-20,16072,61.0,1.0,35.0,Tagesspiegel,DE-TH,Sonneberg,58410.0,135.0
2020-04-21,16072,62.0,1.0,35.0,Tagesspiegel,DE-TH,Sonneberg,58410.0,135.0
2020-04-22,16072,73.0,1.0,35.0,Tagesspiegel,DE-TH,Sonneberg,58410.0,135.0
2020-04-23,16072,76.0,1.0,35.0,Tagesspiegel,DE-TH,Sonneberg,58410.0,135.0
2020-04-24,16072,80.0,1.0,39.0,Tagesspiegel,DE-TH,Sonneberg,58410.0,135.0
2020-04-25,16072,85.0,2.0,39.0,Tagesspiegel,DE-TH,Sonneberg,58410.0,135.0
2020-04-26,16072,86.0,2.0,39.0,Tagesspiegel,DE-TH,Sonneberg,58410.0,135.0
2020-04-27,16072,88.0,3.0,39.0,Tagesspiegel,DE-TH,Sonneberg,58410.0,135.0
2020-04-28,16072,94.0,4.0,44.0,Tagesspiegel,DE-TH,Sonneberg,58410.0,135.0
2020-04-29,16072,97.0,4.0,44.0,Tagesspiegel,DE-TH,Sonneberg,58410.0,135.0
2020-04-30,16072,106.0,5.0,44.0,Tagesspiegel,DE-TH,Sonneberg,58410.0,135.0
2020-05-01,16072,112.0,5.0,44.0,Tagesspiegel,DE-TH,Sonneberg,58410.0,135.0
2020-05-02,16072,112.0,5.0,48.0,Tagesspiegel,DE-TH,Sonneberg,58410.0,135.0
2020-05-04,16072,115.0,5.0,52.0,Tagesspiegel,DE-TH,Sonneberg,58410.0,135.0
2020-05-05,16072,119.0,6.0,52.0,Tagesspiegel,DE-TH,Sonneberg,58410.0,135.0
2020-05-06,16072,122.0,7.0,53.0,Tagesspiegel,DE-TH,Sonneberg,58410.0,135.0
2020-05-07,16072,127.0,7.0,54.0,Tagesspiegel,DE-TH,Sonneberg,58410.0,135.0
2020-05-08,16072,138.0,10.0,56.0,Tagesspiegel,DE-TH,Sonneberg,58410.0,135.0
2020-05-09,16072,146.0,10.0,60.0,Tagesspiegel,DE-TH,Sonneberg,58410.0,135.0
2020-05-10,16072,153.0,10.0,60.0,Tagesspiegel,DE-TH,Sonneberg,58410.0,135.0
2020-05-11,16072,155.0,10.0,60.0,Tagesspiegel,DE-TH,Sonneberg,58410.0,135.0
2020-05-12,16072,158.0,11.0,60.0,Tagesspiegel,DE-TH,Sonneberg,58410.0,135.0
2020-05-13,16072,164.0,12.0,62.0,Tagesspiegel,DE-TH,Sonneberg,58410.0,135.0
2020-05-14,16072,168.0,12.0,62.0,Tagesspiegel,DE-TH,Sonneberg,58410.0,135.0
2020-05-15,16072,170.0,12.0,64.0,Tagesspiegel,DE-TH,Sonneberg,58410.0,135.0
2020-05-16,16072,173.0,13.0,74.0,Tagesspiegel,DE-TH,Sonneberg,58410.0,135.0
2020-05-17,16072,175.0,14.0,80.0,Tagesspiegel,DE-TH,Sonneberg,58410.0,135.0
2020-05-18,16072,185.0,14.0,80.0,Tagesspiegel,DE-TH,Sonneberg,58410.0,135.0
2020-05-19,16072,187.0,14.0,91.0,Tagesspiegel,DE-TH,Sonneberg,58410.0,135.0
2020-05-20,16072,193.0,14.0,97.0,Tagesspiegel,DE-TH,Sonneberg,58410.0,135.0
2020-05-21,16072,200.0,14.0,97.0,Tagesspiegel,DE-TH,Sonneberg,58410.0,135.0
2020-05-22,16072,206.0,14.0,101.0,Tagesspiegel,DE-TH,Sonneberg,58410.0,135.0
2020-05-24,16072,208.0,14.0,102.0,Tagesspiegel,DE-TH,Sonneberg,58410.0,135.0
2020-05-25,16072,209.0,14.0,102.0,Tagesspiegel,DE-TH,Sonneberg,58410.0,135.0
2020-05-26,16072,210.0,14.0,103.0,Tagesspiegel,DE-TH,Sonneberg,58410.0,135.0
2020-05-27,16072,216.0,14.0,103.0,Tagesspiegel,DE-TH,Sonneberg,58410.0,135.0
2020-05-28,16072,222.0,14.0,103.0,Tagesspiegel,DE-TH,Sonneberg,58410.0,135.0
2020-05-29,16072,225.0,14.0,143.0,Tagesspiegel,DE-TH,Sonneberg,58410.0,135.0
2020-05-30,16072,244.0,14.0,145.0,Tagesspiegel,DE-TH,Sonneberg,58410.0,135.0
2020-05-31,16072,247.0,14.0,148.0,Tagesspiegel,DE-TH,Sonneberg,58410.0,135.0
2020-06-04,16072,253.0,18.0,162.0,Tagesspiegel,DE-TH,Sonneberg,58410.0,135.0
2020-06-05,16072,253.0,19.0,166.0,Tagesspiegel,DE-TH,Sonneberg,58410.0,135.0
2020-06-06,16072,261.0,20.0,167.0,Tagesspiegel,DE-TH,Sonneberg,58410.0,135.0
2020-06-07,16072,264.0,20.0,167.0,Tagesspiegel,DE-TH,Sonneberg,58410.0,135.0
2020-06-08,16072,266.0,20.0,168.0,Tagesspiegel,DE-TH,Sonneberg,58410.0,135.0
2020-06-09,16072,271.0,21.0,169.0,Tagesspiegel,DE-TH,Sonneberg,58410.0,135.0
2020-06-10,16072,272.0,21.0,169.0,Tagesspiegel,DE-TH,Sonneberg,58410.0,135.0
2020-06-11,16072,274.0,21.0,171.0,Tagesspiegel,DE-TH,Sonneberg,58410.0,135.0
2020-06-12,16072,277.0,21.0,174.0,Tagesspiegel,DE-TH,Sonneberg,58410.0,135.0
2020-06-13,16072,281.0,21.0,180.0,Tagesspiegel,DE-TH,Sonneberg,58410.0,135.0
2020-06-14,16072,284.0,21.0,182.0,Tagesspiegel,DE-TH,Sonneberg,58410.0,135.0
2020-06-15,16072,285.0,22.0,203.0,Tagesspiegel,DE-TH,Sonneberg,58410.0,135.0
2020-06-16,16072,287.0,22.0,203.0,Tagesspiegel,DE-TH,Sonneberg,58410.0,135.0
2020-06-17,16072,288.0,22.0,204.0,Tagesspiegel,DE-TH,Sonneberg,58410.0,135.0
2020-06-19,16072,292.0,22.0,207.0,Tagesspiegel,DE-TH,Sonneberg,58410.0,135.0
2020-06-20,16072,292.0,22.0,207.0,Tagesspiegel,DE-TH,Sonneberg,58410.0,135.0
2020-06-23,16072,299.0,23.0,209.0,Tagesspiegel,DE-TH,Sonneberg,58410.0,135.0
2020-06-25,16072,301.0,23.0,216.0,Tagesspiegel,DE-TH,Sonneberg,58410.0,135.0
2020-06-26,16072,301.0,23.0,217.0,Tagesspiegel,DE-TH,Sonneberg,58410.0,135.0
2020-07-02,16072,304.0,23.0,235.0,Tagesspiegel,DE-TH,Sonneberg,58410.0,135.0
2020-07-08,16072,305.0,23.0,265.0,Tagesspiegel,DE-TH,Sonneberg,58410.0,135.0
2020-07-09,16072,305.0,23.0,265.0,Tagesspiegel,DE-TH,Sonneberg,58410.0,135.0
2020-03-18,16073,9.0,0.0,9.0,RKI,DE-TH,Saalfeld-Rudolstadt,104142.0,101.0
2020-03-19,16073,9.0,0.0,9.0,RKI,DE-TH,Saalfeld-Rudolstadt,104142.0,101.0
2020-03-20,16073,13.0,0.0,13.0,RKI,DE-TH,Saalfeld-Rudolstadt,104142.0,101.0
2020-03-23,16073,13.0,0.0,13.0,RKI,DE-TH,Saalfeld-Rudolstadt,104142.0,101.0
2020-03-24,16073,15.0,0.0,15.0,RKI,DE-TH,Saalfeld-Rudolstadt,104142.0,101.0
2020-03-25,16073,21.0,0.0,21.0,RKI,DE-TH,Saalfeld-Rudolstadt,104142.0,101.0
2020-03-26,16073,24.0,0.0,24.0,RKI,DE-TH,Saalfeld-Rudolstadt,104142.0,101.0
2020-03-28,16073,26.0,0.0,26.0,RKI,DE-TH,Saalfeld-Rudolstadt,104142.0,101.0
2020-03-29,16073,27.0,0.0,27.0,RKI,DE-TH,Saalfeld-Rudolstadt,104142.0,101.0
2020-03-30,16073,33.0,0.0,3.0,Tagesspiegel,DE-TH,Saalfeld-Rudolstadt,104142.0,101.0
2020-03-31,16073,33.0,0.0,3.0,Tagesspiegel,DE-TH,Saalfeld-Rudolstadt,104142.0,101.0
2020-04-01,16073,39.0,0.0,3.0,Tagesspiegel,DE-TH,Saalfeld-Rudolstadt,104142.0,101.0
2020-04-02,16073,45.0,0.0,7.0,Tagesspiegel,DE-TH,Saalfeld-Rudolstadt,104142.0,101.0
2020-04-03,16073,47.0,0.0,7.0,Tagesspiegel,DE-TH,Saalfeld-Rudolstadt,104142.0,101.0
2020-04-04,16073,48.0,0.0,18.0,Tagesspiegel,DE-TH,Saalfeld-Rudolstadt,104142.0,101.0
2020-04-07,16073,52.0,0.0,23.0,Tagesspiegel,DE-TH,Saalfeld-Rudolstadt,104142.0,101.0
2020-04-08,16073,52.0,0.0,23.0,Tagesspiegel,DE-TH,Saalfeld-Rudolstadt,104142.0,101.0
2020-04-21,16073,54.0,0.0,44.0,Tagesspiegel,DE-TH,Saalfeld-Rudolstadt,104142.0,101.0
2020-04-23,16073,55.0,0.0,52.0,Tagesspiegel,DE-TH,Saalfeld-Rudolstadt,104142.0,101.0
2020-04-24,16073,57.0,0.0,53.0,Tagesspiegel,DE-TH,Saalfeld-Rudolstadt,104142.0,101.0
2020-04-27,16073,58.0,0.0,54.0,Tagesspiegel,DE-TH,Saalfeld-Rudolstadt,104142.0,101.0
2020-04-28,16073,59.0,0.0,54.0,Tagesspiegel,DE-TH,Saalfeld-Rudolstadt,104142.0,101.0
2020-05-05,16073,63.0,0.0,54.0,Tagesspiegel,DE-TH,Saalfeld-Rudolstadt,104142.0,101.0
2020-05-07,16073,64.0,0.0,57.0,Tagesspiegel,DE-TH,Saalfeld-Rudolstadt,104142.0,101.0
2020-05-12,16073,65.0,0.0,57.0,Tagesspiegel,DE-TH,Saalfeld-Rudolstadt,104142.0,101.0
2020-05-15,16073,66.0,0.0,58.0,Tagesspiegel,DE-TH,Saalfeld-Rudolstadt,104142.0,101.0
2020-05-16,16073,66.0,0.0,58.0,Tagesspiegel,DE-TH,Saalfeld-Rudolstadt,104142.0,101.0
2020-05-27,16073,69.0,0.0,64.0,Tagesspiegel,DE-TH,Saalfeld-Rudolstadt,104142.0,101.0
2020-05-28,16073,70.0,0.0,64.0,Tagesspiegel,DE-TH,Saalfeld-Rudolstadt,104142.0,101.0
2020-06-22,16073,72.0,0.0,71.0,Tagesspiegel,DE-TH,Saalfeld-Rudolstadt,104142.0,101.0
2020-03-12,16074,1.0,0.0,1.0,RKI,DE-TH,Saale-Holzland-Kreis,83051.0,102.0
2020-03-17,16074,1.0,0.0,1.0,RKI,DE-TH,Saale-Holzland-Kreis,83051.0,102.0
2020-03-18,16074,3.0,0.0,3.0,RKI,DE-TH,Saale-Holzland-Kreis,83051.0,102.0
2020-03-19,16074,7.0,0.0,7.0,RKI,DE-TH,Saale-Holzland-Kreis,83051.0,102.0
2020-03-20,16074,7.0,0.0,7.0,RKI,DE-TH,Saale-Holzland-Kreis,83051.0,102.0
2020-03-21,16074,9.0,0.0,9.0,RKI,DE-TH,Saale-Holzland-Kreis,83051.0,102.0
2020-03-25,16074,10.0,0.0,10.0,RKI,DE-TH,Saale-Holzland-Kreis,83051.0,102.0
2020-03-26,16074,10.0,0.0,10.0,RKI,DE-TH,Saale-Holzland-Kreis,83051.0,102.0
2020-03-27,16074,10.0,0.0,10.0,RKI,DE-TH,Saale-Holzland-Kreis,83051.0,102.0
2020-03-28,16074,14.0,0.0,14.0,RKI,DE-TH,Saale-Holzland-Kreis,83051.0,102.0
2020-03-30,16074,27.0,0.0,9.0,Tagesspiegel,DE-TH,Saale-Holzland-Kreis,83051.0,102.0
2020-03-31,16074,28.0,0.0,13.0,Tagesspiegel,DE-TH,Saale-Holzland-Kreis,83051.0,102.0
2020-04-01,16074,29.0,0.0,15.0,Tagesspiegel,DE-TH,Saale-Holzland-Kreis,83051.0,102.0
2020-04-02,16074,30.0,0.0,15.0,Tagesspiegel,DE-TH,Saale-Holzland-Kreis,83051.0,102.0
2020-04-03,16074,35.0,0.0,15.0,Tagesspiegel,DE-TH,Saale-Holzland-Kreis,83051.0,102.0
2020-04-05,16074,36.0,0.0,21.0,Tagesspiegel,DE-TH,Saale-Holzland-Kreis,83051.0,102.0
2020-04-06,16074,45.0,0.0,20.0,Tagesspiegel,DE-TH,Saale-Holzland-Kreis,83051.0,102.0
2020-04-07,16074,46.0,0.0,20.0,Tagesspiegel,DE-TH,Saale-Holzland-Kreis,83051.0,102.0
2020-04-08,16074,47.0,0.0,21.0,Tagesspiegel,DE-TH,Saale-Holzland-Kreis,83051.0,102.0
2020-04-09,16074,47.0,0.0,23.0,Tagesspiegel,DE-TH,Saale-Holzland-Kreis,83051.0,102.0
2020-04-10,16074,49.0,0.0,23.0,Tagesspiegel,DE-TH,Saale-Holzland-Kreis,83051.0,102.0
2020-04-21,16074,50.0,1.0,47.0,Tagesspiegel,DE-TH,Saale-Holzland-Kreis,83051.0,102.0
2020-04-22,16074,52.0,1.0,48.0,Tagesspiegel,DE-TH,Saale-Holzland-Kreis,83051.0,102.0
2020-04-23,16074,53.0,1.0,49.0,Tagesspiegel,DE-TH,Saale-Holzland-Kreis,83051.0,102.0
2020-04-27,16074,55.0,1.0,50.0,Tagesspiegel,DE-TH,Saale-Holzland-Kreis,83051.0,102.0
2020-04-30,16074,56.0,1.0,50.0,Tagesspiegel,DE-TH,Saale-Holzland-Kreis,83051.0,102.0
2020-05-02,16074,58.0,1.0,50.0,Tagesspiegel,DE-TH,Saale-Holzland-Kreis,83051.0,102.0
2020-05-05,16074,59.0,1.0,52.0,Tagesspiegel,DE-TH,Saale-Holzland-Kreis,83051.0,102.0
2020-05-06,16074,59.0,1.0,55.0,Tagesspiegel,DE-TH,Saale-Holzland-Kreis,83051.0,102.0
2020-05-09,16074,62.0,2.0,57.0,Tagesspiegel,DE-TH,Saale-Holzland-Kreis,83051.0,102.0
2020-05-13,16074,68.0,2.0,55.0,Tagesspiegel,DE-TH,Saale-Holzland-Kreis,83051.0,102.0
2020-05-16,16074,67.0,2.0,57.0,Tagesspiegel,DE-TH,Saale-Holzland-Kreis,83051.0,102.0
2020-05-21,16074,68.0,3.0,62.0,Tagesspiegel,DE-TH,Saale-Holzland-Kreis,83051.0,102.0
2020-05-26,16074,70.0,3.0,63.0,Tagesspiegel,DE-TH,Saale-Holzland-Kreis,83051.0,102.0
2020-05-27,16074,70.0,3.0,63.0,Tagesspiegel,DE-TH,Saale-Holzland-Kreis,83051.0,102.0
2020-06-04,16074,71.0,3.0,66.0,Tagesspiegel,DE-TH,Saale-Holzland-Kreis,83051.0,102.0
2020-06-10,16074,72.0,3.0,64.0,Tagesspiegel,DE-TH,Saale-Holzland-Kreis,83051.0,102.0
2020-03-10,16075,1.0,0.0,1.0,RKI,DE-TH,Saale-Orla-Kreis,80868.0,70.0
2020-03-18,16075,1.0,0.0,1.0,RKI,DE-TH,Saale-Orla-Kreis,80868.0,70.0
2020-03-19,16075,2.0,0.0,2.0,RKI,DE-TH,Saale-Orla-Kreis,80868.0,70.0
2020-03-20,16075,2.0,0.0,2.0,RKI,DE-TH,Saale-Orla-Kreis,80868.0,70.0
2020-03-23,16075,2.0,0.0,2.0,RKI,DE-TH,Saale-Orla-Kreis,80868.0,70.0
2020-03-25,16075,3.0,0.0,3.0,RKI,DE-TH,Saale-Orla-Kreis,80868.0,70.0
2020-03-26,16075,3.0,0.0,3.0,RKI,DE-TH,Saale-Orla-Kreis,80868.0,70.0
2020-03-27,16075,18.0,3.0,15.0,RKI,DE-TH,Saale-Orla-Kreis,80868.0,70.0
2020-03-30,16075,27.0,0.0,4.0,Tagesspiegel,DE-TH,Saale-Orla-Kreis,80868.0,70.0
2020-03-31,16075,32.0,0.0,4.0,Tagesspiegel,DE-TH,Saale-Orla-Kreis,80868.0,70.0
2020-04-01,16075,34.0,0.0,4.0,Tagesspiegel,DE-TH,Saale-Orla-Kreis,80868.0,70.0
2020-04-02,16075,37.0,0.0,4.0,Tagesspiegel,DE-TH,Saale-Orla-Kreis,80868.0,70.0
2020-04-03,16075,47.0,1.0,4.0,Tagesspiegel,DE-TH,Saale-Orla-Kreis,80868.0,70.0
2020-04-04,16075,60.0,1.0,4.0,Tagesspiegel,DE-TH,Saale-Orla-Kreis,80868.0,70.0
2020-04-05,16075,61.0,1.0,4.0,Tagesspiegel,DE-TH,Saale-Orla-Kreis,80868.0,70.0
2020-04-07,16075,70.0,3.0,4.0,Tagesspiegel,DE-TH,Saale-Orla-Kreis,80868.0,70.0
2020-04-08,16075,70.0,3.0,4.0,Tagesspiegel,DE-TH,Saale-Orla-Kreis,80868.0,70.0
2020-04-09,16075,80.0,3.0,4.0,Tagesspiegel,DE-TH,Saale-Orla-Kreis,80868.0,70.0
2020-04-10,16075,83.0,3.0,4.0,Tagesspiegel,DE-TH,Saale-Orla-Kreis,80868.0,70.0
2020-04-11,16075,85.0,3.0,4.0,Tagesspiegel,DE-TH,Saale-Orla-Kreis,80868.0,70.0
2020-04-12,16075,88.0,3.0,4.0,Tagesspiegel,DE-TH,Saale-Orla-Kreis,80868.0,70.0
2020-04-13,16075,92.0,3.0,4.0,Tagesspiegel,DE-TH,Saale-Orla-Kreis,80868.0,70.0
2020-04-14,16075,95.0,4.0,4.0,Tagesspiegel,DE-TH,Saale-Orla-Kreis,80868.0,70.0
2020-04-15,16075,98.0,7.0,4.0,Tagesspiegel,DE-TH,Saale-Orla-Kreis,80868.0,70.0
2020-04-16,16075,100.0,7.0,4.0,Tagesspiegel,DE-TH,Saale-Orla-Kreis,80868.0,70.0
2020-04-17,16075,101.0,8.0,4.0,Tagesspiegel,DE-TH,Saale-Orla-Kreis,80868.0,70.0
2020-04-18,16075,103.0,8.0,4.0,Tagesspiegel,DE-TH,Saale-Orla-Kreis,80868.0,70.0
2020-04-20,16075,107.0,8.0,4.0,Tagesspiegel,DE-TH,Saale-Orla-Kreis,80868.0,70.0
2020-04-21,16075,110.0,8.0,4.0,Tagesspiegel,DE-TH,Saale-Orla-Kreis,80868.0,70.0
2020-04-22,16075,113.0,8.0,4.0,Tagesspiegel,DE-TH,Saale-Orla-Kreis,80868.0,70.0
2020-04-23,16075,84.0,12.0,72.0,RKI,DE-TH,Saale-Orla-Kreis,80868.0,70.0
2020-04-25,16075,84.0,12.0,72.0,RKI,DE-TH,Saale-Orla-Kreis,80868.0,70.0
2020-04-26,16075,85.0,12.0,73.0,RKI,DE-TH,Saale-Orla-Kreis,80868.0,70.0
2020-04-28,16075,85.0,12.0,73.0,RKI,DE-TH,Saale-Orla-Kreis,80868.0,70.0
2020-04-29,16075,86.0,12.0,74.0,RKI,DE-TH,Saale-Orla-Kreis,80868.0,70.0
2020-04-30,16075,88.0,12.0,76.0,RKI,DE-TH,Saale-Orla-Kreis,80868.0,70.0
2020-05-05,16075,90.0,12.0,78.0,RKI,DE-TH,Saale-Orla-Kreis,80868.0,70.0
2020-05-06,16075,91.0,12.0,79.0,RKI,DE-TH,Saale-Orla-Kreis,80868.0,70.0
2020-05-08,16075,91.0,12.0,79.0,RKI,DE-TH,Saale-Orla-Kreis,80868.0,70.0
2020-05-10,16075,91.0,12.0,79.0,RKI,DE-TH,Saale-Orla-Kreis,80868.0,70.0
2020-05-11,16075,92.0,12.0,80.0,RKI,DE-TH,Saale-Orla-Kreis,80868.0,70.0
2020-05-13,16075,92.0,12.0,80.0,RKI,DE-TH,Saale-Orla-Kreis,80868.0,70.0
2020-05-14,16075,92.0,12.0,80.0,RKI,DE-TH,Saale-Orla-Kreis,80868.0,70.0
2020-05-15,16075,92.0,12.0,80.0,RKI,DE-TH,Saale-Orla-Kreis,80868.0,70.0
2020-05-16,16075,93.0,12.0,81.0,RKI,DE-TH,Saale-Orla-Kreis,80868.0,70.0
2020-05-19,16075,95.0,12.0,83.0,RKI,DE-TH,Saale-Orla-Kreis,80868.0,70.0
2020-05-22,16075,95.0,12.0,83.0,RKI,DE-TH,Saale-Orla-Kreis,80868.0,70.0
2020-05-26,16075,96.0,12.0,84.0,RKI,DE-TH,Saale-Orla-Kreis,80868.0,70.0
2020-05-28,16075,96.0,12.0,84.0,RKI,DE-TH,Saale-Orla-Kreis,80868.0,70.0
2020-06-02,16075,149.0,12.0,131.0,Tagesspiegel,DE-TH,Saale-Orla-Kreis,80868.0,70.0
2020-06-29,16075,151.0,12.0,139.0,Tagesspiegel,DE-TH,Saale-Orla-Kreis,80868.0,70.0
2020-03-16,16076,1.0,0.0,1.0,RKI,DE-TH,Greiz,98159.0,116.0
2020-03-17,16076,4.0,0.0,4.0,RKI,DE-TH,Greiz,98159.0,116.0
2020-03-18,16076,11.0,0.0,11.0,RKI,DE-TH,Greiz,98159.0,116.0
2020-03-19,16076,17.0,0.0,17.0,RKI,DE-TH,Greiz,98159.0,116.0
2020-03-20,16076,24.0,0.0,24.0,RKI,DE-TH,Greiz,98159.0,116.0
2020-03-21,16076,29.0,0.0,29.0,RKI,DE-TH,Greiz,98159.0,116.0
2020-03-22,16076,37.0,0.0,37.0,RKI,DE-TH,Greiz,98159.0,116.0
2020-03-23,16076,42.0,1.0,41.0,RKI,DE-TH,Greiz,98159.0,116.0
2020-03-24,16076,48.0,1.0,47.0,RKI,DE-TH,Greiz,98159.0,116.0
2020-03-25,16076,66.0,4.0,62.0,RKI,DE-TH,Greiz,98159.0,116.0
2020-03-26,16076,82.0,5.0,77.0,RKI,DE-TH,Greiz,98159.0,116.0
2020-03-27,16076,89.0,5.0,84.0,RKI,DE-TH,Greiz,98159.0,116.0
2020-03-28,16076,98.0,5.0,93.0,RKI,DE-TH,Greiz,98159.0,116.0
2020-03-29,16076,106.0,6.0,100.0,RKI,DE-TH,Greiz,98159.0,116.0
2020-03-30,16076,121.0,2.0,8.0,Tagesspiegel,DE-TH,Greiz,98159.0,116.0
2020-03-31,16076,130.0,3.0,8.0,Tagesspiegel,DE-TH,Greiz,98159.0,116.0
2020-04-01,16076,132.0,4.0,8.0,Tagesspiegel,DE-TH,Greiz,98159.0,116.0
2020-04-02,16076,141.0,5.0,8.0,Tagesspiegel,DE-TH,Greiz,98159.0,116.0
2020-04-03,16076,154.0,5.0,8.0,Tagesspiegel,DE-TH,Greiz,98159.0,116.0
2020-04-04,16076,166.0,5.0,8.0,Tagesspiegel,DE-TH,Greiz,98159.0,116.0
2020-04-05,16076,175.0,5.0,8.0,Tagesspiegel,DE-TH,Greiz,98159.0,116.0
2020-04-06,16076,182.0,9.0,8.0,Tagesspiegel,DE-TH,Greiz,98159.0,116.0
2020-04-07,16076,194.0,11.0,8.0,Tagesspiegel,DE-TH,Greiz,98159.0,116.0
2020-04-08,16076,201.0,11.0,8.0,Tagesspiegel,DE-TH,Greiz,98159.0,116.0
2020-04-09,16076,214.0,12.0,8.0,Tagesspiegel,DE-TH,Greiz,98159.0,116.0
2020-04-10,16076,221.0,12.0,8.0,Tagesspiegel,DE-TH,Greiz,98159.0,116.0
2020-04-11,16076,231.0,12.0,8.0,Tagesspiegel,DE-TH,Greiz,98159.0,116.0
2020-04-12,16076,213.0,17.0,196.0,RKI,DE-TH,Greiz,98159.0,116.0
2020-04-13,16076,213.0,17.0,196.0,RKI,DE-TH,Greiz,98159.0,116.0
2020-04-14,16076,244.0,14.0,42.0,Tagesspiegel,DE-TH,Greiz,98159.0,116.0
2020-04-15,16076,252.0,14.0,42.0,Tagesspiegel,DE-TH,Greiz,98159.0,116.0
2020-04-16,16076,252.0,14.0,67.0,Tagesspiegel,DE-TH,Greiz,98159.0,116.0
2020-04-17,16076,282.0,16.0,67.0,Tagesspiegel,DE-TH,Greiz,98159.0,116.0
2020-04-18,16076,285.0,16.0,67.0,Tagesspiegel,DE-TH,Greiz,98159.0,116.0
2020-04-19,16076,292.0,16.0,67.0,Tagesspiegel,DE-TH,Greiz,98159.0,116.0
2020-04-20,16076,311.0,19.0,86.0,Tagesspiegel,DE-TH,Greiz,98159.0,116.0
2020-04-21,16076,317.0,21.0,100.0,Tagesspiegel,DE-TH,Greiz,98159.0,116.0
2020-04-22,16076,337.0,21.0,100.0,Tagesspiegel,DE-TH,Greiz,98159.0,116.0
2020-04-23,16076,346.0,21.0,114.0,Tagesspiegel,DE-TH,Greiz,98159.0,116.0
2020-04-24,16076,366.0,22.0,114.0,Tagesspiegel,DE-TH,Greiz,98159.0,116.0
2020-04-25,16076,378.0,22.0,114.0,Tagesspiegel,DE-TH,Greiz,98159.0,116.0
2020-04-26,16076,378.0,24.0,114.0,Tagesspiegel,DE-TH,Greiz,98159.0,116.0
2020-04-27,16076,397.0,24.0,114.0,Tagesspiegel,DE-TH,Greiz,98159.0,116.0
2020-04-28,16076,397.0,24.0,132.0,Tagesspiegel,DE-TH,Greiz,98159.0,116.0
2020-04-29,16076,414.0,27.0,132.0,Tagesspiegel,DE-TH,Greiz,98159.0,116.0
2020-04-30,16076,425.0,28.0,135.0,Tagesspiegel,DE-TH,Greiz,98159.0,116.0
2020-05-01,16076,445.0,28.0,135.0,Tagesspiegel,DE-TH,Greiz,98159.0,116.0
2020-05-02,16076,445.0,28.0,135.0,Tagesspiegel,DE-TH,Greiz,98159.0,116.0
2020-05-03,16076,449.0,31.0,135.0,Tagesspiegel,DE-TH,Greiz,98159.0,116.0
2020-05-04,16076,453.0,31.0,135.0,Tagesspiegel,DE-TH,Greiz,98159.0,116.0
2020-05-05,16076,475.0,33.0,135.0,Tagesspiegel,DE-TH,Greiz,98159.0,116.0
2020-05-06,16076,497.0,34.0,137.0,Tagesspiegel,DE-TH,Greiz,98159.0,116.0
2020-05-07,16076,510.0,34.0,185.0,Tagesspiegel,DE-TH,Greiz,98159.0,116.0
2020-05-08,16076,519.0,36.0,218.0,Tagesspiegel,DE-TH,Greiz,98159.0,116.0
2020-05-09,16076,522.0,37.0,218.0,Tagesspiegel,DE-TH,Greiz,98159.0,116.0
2020-05-10,16076,529.0,37.0,218.0,Tagesspiegel,DE-TH,Greiz,98159.0,116.0
2020-05-11,16076,530.0,37.0,218.0,Tagesspiegel,DE-TH,Greiz,98159.0,116.0
2020-05-12,16076,538.0,38.0,239.0,Tagesspiegel,DE-TH,Greiz,98159.0,116.0
2020-05-13,16076,554.0,38.0,251.0,Tagesspiegel,DE-TH,Greiz,98159.0,116.0
2020-05-14,16076,562.0,40.0,261.0,Tagesspiegel,DE-TH,Greiz,98159.0,116.0
2020-05-15,16076,568.0,42.0,267.0,Tagesspiegel,DE-TH,Greiz,98159.0,116.0
2020-05-16,16076,572.0,42.0,267.0,Tagesspiegel,DE-TH,Greiz,98159.0,116.0
2020-05-17,16076,576.0,42.0,267.0,Tagesspiegel,DE-TH,Greiz,98159.0,116.0
2020-05-19,16076,582.0,42.0,291.0,Tagesspiegel,DE-TH,Greiz,98159.0,116.0
2020-05-20,16076,588.0,42.0,291.0,Tagesspiegel,DE-TH,Greiz,98159.0,116.0
2020-05-21,16076,590.0,45.0,293.0,Tagesspiegel,DE-TH,Greiz,98159.0,116.0
2020-05-22,16076,590.0,45.0,293.0,Tagesspiegel,DE-TH,Greiz,98159.0,116.0
2020-05-23,16076,601.0,45.0,293.0,Tagesspiegel,DE-TH,Greiz,98159.0,116.0
2020-05-24,16076,601.0,45.0,293.0,Tagesspiegel,DE-TH,Greiz,98159.0,116.0
2020-05-25,16076,609.0,45.0,293.0,Tagesspiegel,DE-TH,Greiz,98159.0,116.0
2020-05-26,16076,610.0,45.0,293.0,Tagesspiegel,DE-TH,Greiz,98159.0,116.0
2020-05-27,16076,610.0,45.0,347.0,Tagesspiegel,DE-TH,Greiz,98159.0,116.0
2020-05-28,16076,619.0,45.0,347.0,Tagesspiegel,DE-TH,Greiz,98159.0,116.0
2020-05-29,16076,619.0,45.0,436.0,Tagesspiegel,DE-TH,Greiz,98159.0,116.0
2020-05-31,16076,622.0,45.0,436.0,Tagesspiegel,DE-TH,Greiz,98159.0,116.0
2020-06-01,16076,624.0,45.0,436.0,Tagesspiegel,DE-TH,Greiz,98159.0,116.0
2020-06-08,16076,625.0,46.0,489.0,Tagesspiegel,DE-TH,Greiz,98159.0,116.0
2020-06-09,16076,626.0,46.0,489.0,Tagesspiegel,DE-TH,Greiz,98159.0,116.0
2020-06-10,16076,626.0,46.0,501.0,Tagesspiegel,DE-TH,Greiz,98159.0,116.0
2020-06-11,16076,630.0,46.0,506.0,Tagesspiegel,DE-TH,Greiz,98159.0,116.0
2020-06-12,16076,646.0,46.0,516.0,Tagesspiegel,DE-TH,Greiz,98159.0,116.0
2020-06-13,16076,648.0,46.0,516.0,Tagesspiegel,DE-TH,Greiz,98159.0,116.0
2020-06-14,16076,654.0,46.0,516.0,Tagesspiegel,DE-TH,Greiz,98159.0,116.0
2020-06-16,16076,655.0,48.0,527.0,Tagesspiegel,DE-TH,Greiz,98159.0,116.0
2020-06-17,16076,659.0,48.0,531.0,Tagesspiegel,DE-TH,Greiz,98159.0,116.0
2020-06-18,16076,662.0,48.0,534.0,Tagesspiegel,DE-TH,Greiz,98159.0,116.0
2020-06-25,16076,664.0,48.0,569.0,Tagesspiegel,DE-TH,Greiz,98159.0,116.0
2020-06-26,16076,665.0,48.0,569.0,Tagesspiegel,DE-TH,Greiz,98159.0,116.0
2020-06-30,16076,666.0,48.0,569.0,Tagesspiegel,DE-TH,Greiz,98159.0,116.0
2020-03-16,16077,1.0,0.0,1.0,RKI,DE-TH,Altenburger Land,90118.0,158.0
2020-03-17,16077,2.0,0.0,2.0,RKI,DE-TH,Altenburger Land,90118.0,158.0
2020-03-21,16077,3.0,0.0,3.0,RKI,DE-TH,Altenburger Land,90118.0,158.0
2020-03-22,16077,3.0,0.0,3.0,RKI,DE-TH,Altenburger Land,90118.0,158.0
2020-03-24,16077,10.0,1.0,9.0,RKI,DE-TH,Altenburger Land,90118.0,158.0
2020-03-25,16077,10.0,1.0,9.0,RKI,DE-TH,Altenburger Land,90118.0,158.0
2020-03-27,16077,11.0,1.0,10.0,RKI,DE-TH,Altenburger Land,90118.0,158.0
2020-03-28,16077,11.0,1.0,10.0,RKI,DE-TH,Altenburger Land,90118.0,158.0
2020-03-31,16077,20.0,0.0,6.0,Tagesspiegel,DE-TH,Altenburger Land,90118.0,158.0
2020-04-01,16077,21.0,0.0,6.0,Tagesspiegel,DE-TH,Altenburger Land,90118.0,158.0
2020-04-02,16077,24.0,0.0,6.0,Tagesspiegel,DE-TH,Altenburger Land,90118.0,158.0
2020-04-05,16077,30.0,0.0,6.0,Tagesspiegel,DE-TH,Altenburger Land,90118.0,158.0
2020-04-07,16077,31.0,0.0,11.0,Tagesspiegel,DE-TH,Altenburger Land,90118.0,158.0
2020-04-09,16077,33.0,0.0,11.0,Tagesspiegel,DE-TH,Altenburger Land,90118.0,158.0
2020-04-10,16077,33.0,0.0,11.0,Tagesspiegel,DE-TH,Altenburger Land,90118.0,158.0
2020-04-14,16077,36.0,0.0,13.0,Tagesspiegel,DE-TH,Altenburger Land,90118.0,158.0
2020-04-15,16077,36.0,0.0,13.0,Tagesspiegel,DE-TH,Altenburger Land,90118.0,158.0
2020-04-16,16077,37.0,0.0,13.0,Tagesspiegel,DE-TH,Altenburger Land,90118.0,158.0
2020-04-20,16077,41.0,3.0,26.0,Tagesspiegel,DE-TH,Altenburger Land,90118.0,158.0
2020-04-21,16077,45.0,3.0,26.0,Tagesspiegel,DE-TH,Altenburger Land,90118.0,158.0
2020-04-22,16077,45.0,3.0,26.0,Tagesspiegel,DE-TH,Altenburger Land,90118.0,158.0
2020-04-23,16077,45.0,3.0,29.0,Tagesspiegel,DE-TH,Altenburger Land,90118.0,158.0
2020-04-27,16077,47.0,3.0,29.0,Tagesspiegel,DE-TH,Altenburger Land,90118.0,158.0
2020-04-28,16077,47.0,3.0,29.0,Tagesspiegel,DE-TH,Altenburger Land,90118.0,158.0
2020-04-29,16077,48.0,3.0,29.0,Tagesspiegel,DE-TH,Altenburger Land,90118.0,158.0
2020-04-30,16077,50.0,3.0,29.0,Tagesspiegel,DE-TH,Altenburger Land,90118.0,158.0
2020-05-06,16077,52.0,3.0,38.0,Tagesspiegel,DE-TH,Altenburger Land,90118.0,158.0
2020-05-07,16077,53.0,3.0,38.0,Tagesspiegel,DE-TH,Altenburger Land,90118.0,158.0
2020-05-11,16077,54.0,3.0,42.0,Tagesspiegel,DE-TH,Altenburger Land,90118.0,158.0
2020-05-18,16077,61.0,3.0,46.0,Tagesspiegel,DE-TH,Altenburger Land,90118.0,158.0
2020-05-19,16077,61.0,3.0,46.0,Tagesspiegel,DE-TH,Altenburger Land,90118.0,158.0
2020-05-20,16077,61.0,3.0,49.0,Tagesspiegel,DE-TH,Altenburger Land,90118.0,158.0
2020-05-21,16077,65.0,3.0,49.0,Tagesspiegel,DE-TH,Altenburger Land,90118.0,158.0
2020-05-25,16077,65.0,3.0,49.0,Tagesspiegel,DE-TH,Altenburger Land,90118.0,158.0
2020-05-26,16077,65.0,3.0,49.0,Tagesspiegel,DE-TH,Altenburger Land,90118.0,158.0
2020-05-27,16077,65.0,3.0,49.0,Tagesspiegel,DE-TH,Altenburger Land,90118.0,158.0
2020-05-28,16077,69.0,3.0,51.0,Tagesspiegel,DE-TH,Altenburger Land,90118.0,158.0
2020-05-29,16077,70.0,3.0,53.0,Tagesspiegel,DE-TH,Altenburger Land,90118.0,158.0
2020-06-08,16077,75.0,3.0,62.0,Tagesspiegel,DE-TH,Altenburger Land,90118.0,158.0
2020-06-09,16077,75.0,3.0,62.0,Tagesspiegel,DE-TH,Altenburger Land,90118.0,158.0
2020-06-29,16077,75.0,4.0,70.0,Tagesspiegel,DE-TH,Altenburger Land,90118.0,158.0
2020-07-14,16077,76.0,4.0,71.0,Tagesspiegel,DE-TH,Altenburger Land,90118.0,158.0
2020-07-15,16077,76.0,4.0,71.0,Tagesspiegel,DE-TH,Altenburger Land,90118.0,158.0
2020-07-17,1001,48.0,3.0,45.0,Tagesspiegel,DE-SH,Flensburg,89504.0,1577.0
2020-07-17,1002,302.0,10.0,280.0,Tagesspiegel,DE-SH,Kiel,247548.0,2086.0
2020-07-17,1003,179.0,1.0,172.0,Tagesspiegel,DE-SH,Lübeck,217198.0,1014.0
2020-07-17,1004,79.0,2.0,77.0,Tagesspiegel,DE-SH,Neumünster,79487.0,1110.0
2020-07-17,1051,77.0,4.0,70.0,Tagesspiegel,DE-SH,Dithmarschen,133210.0,93.0
2020-07-17,1053,272.0,18.0,252.0,Tagesspiegel,DE-SH,Herzogtum Lauenburg,197264.0,156.0
2020-07-17,1054,91.0,1.0,90.0,Tagesspiegel,DE-SH,Nordfriesland,165507.0,79.0
2020-07-17,1055,73.0,0.0,68.0,Tagesspiegel,DE-SH,Ostholstein,200581.0,144.0
2020-07-17,1056,609.0,46.0,556.0,Tagesspiegel,DE-SH,Pinneberg,314391.0,473.0
2020-07-17,1057,121.0,8.0,112.0,Tagesspiegel,DE-SH,Plön,128647.0,119.0
2020-07-17,1058,258.0,14.0,243.0,Tagesspiegel,DE-SH,Rendsburg-Eckernförde,272775.0,125.0
2020-07-17,1059,161.0,4.0,156.0,Tagesspiegel,DE-SH,Schleswig-Flensburg,200025.0,97.0
2020-07-17,1060,350.0,7.0,331.0,Tagesspiegel,DE-SH,Segeberg,276032.0,205.0
2020-07-17,1061,189.0,3.0,179.0,Tagesspiegel,DE-SH,Steinburg,131347.0,124.0
2020-07-17,1062,433.0,34.0,392.0,Tagesspiegel,DE-SH,Stormarn,243196.0,317.0
2020-07-17,2000,5231.0,261.0,4900.0,Tagesspiegel,DE-HH,Hamburg,1841179.0,2505.0
2020-07-17,3101,352.0,18.0,319.0,Tagesspiegel,DE-NI,Braunschweig,248292.0,1292.0
2020-07-17,3102,161.0,9.0,151.0,Tagesspiegel,DE-NI,Salzgitter,104948.0,469.0
2020-07-17,3103,375.0,52.0,320.0,Tagesspiegel,DE-NI,Wolfsburg,124151.0,608.0
2020-07-17,3151,169.0,4.0,164.0,Tagesspiegel,DE-NI,Gifhorn,175920.0,113.0
2020-07-17,3153,262.0,25.0,235.0,Tagesspiegel,DE-NI,Goslar,137014.0,142.0
2020-07-17,3154,141.0,1.0,140.0,Tagesspiegel,DE-NI,Helmstedt,91307.0,135.0
2020-07-17,3155,151.0,6.0,139.0,Tagesspiegel,DE-NI,Northeim,132765.0,105.0
2020-07-17,3157,163.0,12.0,150.0,Tagesspiegel,DE-NI,Peine,133965.0,250.0
2020-07-17,3158,191.0,14.0,176.0,Tagesspiegel,DE-NI,Wolfenbüttel,119960.0,166.0
2020-07-17,3159,1322.0,82.0,1226.0,Tagesspiegel,DE-NI,Göttingen,328074.0,187.0
2020-07-17,3241,2799.0,119.0,2664.0,Tagesspiegel,DE-NI,Region Hannover,1157624.0,505.0
2020-07-17,3251,441.0,26.0,393.0,Tagesspiegel,DE-NI,Diepholz,216886.0,109.0
2020-07-17,4011,1491.0,49.0,1419.0,Tagesspiegel,DE-HB,Bremen,569352.0,1749.0
2020-07-17,4012,213.0,6.0,200.0,Tagesspiegel,DE-HB,Bremerhaven,113634.0,1211.0
2020-07-17,5111,1998.0,42.0,1814.0,Tagesspiegel,DE-NW,Düsseldorf,619294.0,2848.0
2020-07-17,5112,1728.0,60.0,1554.0,Tagesspiegel,DE-NW,Duisburg,498590.0,2142.0
2020-07-17,5113,1048.0,41.0,960.0,Tagesspiegel,DE-NW,Essen,583109.0,2772.0
2020-07-17,5114,686.0,23.0,643.0,Tagesspiegel,DE-NW,Krefeld,227020.0,1648.0
2020-07-17,5116,720.0,41.0,641.0,Tagesspiegel,DE-NW,Mönchengladbach,261454.0,1534.0
2020-07-17,5117,303.0,13.0,269.0,Tagesspiegel,DE-NW,Mülheim an der Ruhr,170880.0,1872.0
2020-07-17,6411,244.0,18.0,212.0,Tagesspiegel,DE-HE,Darmstadt,159207.0,1304.0
2020-07-17,6412,1867.0,68.0,1703.0,Tagesspiegel,DE-HE,Frankfurt am Main,753056.0,3033.0
2020-07-17,6414,499.0,22.0,459.0,Tagesspiegel,DE-HE,Wiesbaden,278342.0,1365.0
2020-07-17,6431,383.0,3.0,370.0,Tagesspiegel,DE-HE,Bergstraße,269694.0,375.0
2020-07-17,6432,441.0,20.0,417.0,Tagesspiegel,DE-HE,Darmstadt-Dieburg,297399.0,452.0
2020-07-17,6433,579.0,15.0,537.0,Tagesspiegel,DE-HE,Groß-Gerau,274526.0,606.0
2020-07-17,6434,296.0,5.0,290.0,Tagesspiegel,DE-HE,Hochtaunuskreis,236564.0,491.0
2020-07-17,6435,826.0,49.0,750.0,Tagesspiegel,DE-HE,Main-Kinzig-Kreis,418950.0,300.0
2020-07-17,6436,393.0,15.0,372.0,Tagesspiegel,DE-HE,Main-Taunus-Kreis,237735.0,1069.0
2020-07-17,7111,272.0,18.0,249.0,Tagesspiegel,DE-RP,Koblenz,114024.0,1085.0
2020-07-17,7131,220.0,1.0,204.0,Tagesspiegel,DE-RP,Ahrweiler,129727.0,165.0
2020-07-17,7132,178.0,11.0,159.0,Tagesspiegel,DE-RP,Altenkirchen,128705.0,200.0
2020-07-17,7133,204.0,7.0,195.0,Tagesspiegel,DE-RP,Bad Kreuznach,158080.0,183.0
2020-07-17,7134,92.0,2.0,88.0,Tagesspiegel,DE-RP,Birkenfeld,80720.0,104.0
2020-07-17,7135,139.0,1.0,136.0,Tagesspiegel,DE-RP,Cochem-Zell,61587.0,89.0
2020-07-17,7137,352.0,15.0,333.0,Tagesspiegel,DE-RP,Mayen-Koblenz,214259.0,262.0
2020-07-17,7138,228.0,4.0,211.0,Tagesspiegel,DE-RP,Neuwied,181941.0,290.0
2020-07-17,7140,168.0,6.0,160.0,Tagesspiegel,DE-RP,Rhein-Hunsrück-Kreis,102937.0,104.0
2020-07-17,7141,159.0,6.0,153.0,Tagesspiegel,DE-RP,Rhein-Lahn-Kreis,122308.0,156.0
2020-07-17,7143,388.0,22.0,348.0,Tagesspiegel,DE-RP,Westerwaldkreis,201597.0,204.0
2020-07-17,7211,120.0,1.0,103.0,Tagesspiegel,DE-RP,Trier,110636.0,945.0
2020-07-17,7231,184.0,2.0,175.0,Tagesspiegel,DE-RP,Bernkastel-Wittlich,112262.0,96.0
2020-07-17,7232,215.0,5.0,193.0,Tagesspiegel,DE-RP,Bitburg-Prüm,98561.0,61.0
2020-07-17,7233,124.0,6.0,117.0,Tagesspiegel,DE-RP,Vulkaneifel,60603.0,67.0
2020-07-17,7235,227.0,9.0,195.0,Tagesspiegel,DE-RP,Trier-Saarburg,148945.0,135.0
2020-07-17,7311,47.0,2.0,45.0,Tagesspiegel,DE-RP,Frankenthal,48561.0,1110.0
2020-07-17,7312,203.0,5.0,174.0,Tagesspiegel,DE-RP,Kaiserslautern,99845.0,715.0
2020-07-17,7313,75.0,2.0,72.0,Tagesspiegel,DE-RP,Landau in der Pfalz,46677.0,563.0
2020-07-17,7315,684.0,28.0,652.0,Tagesspiegel,DE-RP,Mainz,217118.0,2221.0
2020-07-17,7316,113.0,2.0,107.0,Tagesspiegel,DE-RP,Neustadt an der Weinstraße,53148.0,454.0
2020-07-17,7317,33.0,0.0,31.0,Tagesspiegel,DE-RP,Pirmasens,40403.0,658.0
2020-07-17,7318,111.0,2.0,102.0,Tagesspiegel,DE-RP,Speyer,50378.0,1183.0
2020-07-17,7319,225.0,7.0,215.0,Tagesspiegel,DE-RP,Worms,83330.0,766.0
2020-07-17,7320,46.0,1.0,45.0,Tagesspiegel,DE-RP,Zweibrücken,34209.0,484.0
2020-07-17,7331,272.0,12.0,258.0,Tagesspiegel,DE-RP,Alzey-Worms,129244.0,220.0
2020-07-17,7332,329.0,12.0,317.0,Tagesspiegel,DE-RP,Bad Dürkheim,132660.0,223.0
2020-07-17,7333,138.0,6.0,131.0,Tagesspiegel,DE-RP,Donnersbergkreis,75101.0,116.0
2020-07-17,8111,1715.0,66.0,1588.0,Tagesspiegel,DE-BW,Stuttgart,634830.0,3062.0
2020-07-17,8115,1438.0,49.0,1366.0,Tagesspiegel,DE-BW,Böblingen,391640.0,634.0
2020-07-17,8116,1961.0,137.0,1797.0,Tagesspiegel,DE-BW,Esslingen,533859.0,832.0
2020-07-17,8117,821.0,39.0,773.0,Tagesspiegel,DE-BW,Göppingen,257253.0,400.0
2020-07-17,8118,1866.0,73.0,1773.0,Tagesspiegel,DE-BW,Ludwigsburg,543984.0,792.0
2020-07-17,9161,494.0,38.0,448.0,Tagesspiegel,DE-BY,Ingolstadt,136981.0,1027.0
2020-07-17,9162,7046.0,220.0,6490.0,Tagesspiegel,DE-BY,München,1471508.0,4736.0
2020-07-17,9163,525.0,23.0,355.0,Tagesspiegel,DE-BY,Rosenheim,63324.0,1701.0
2020-07-17,9171,603.0,57.0,545.0,Tagesspiegel,DE-BY,Altötting,111210.0,195.0
2020-07-17,10041,1210.0,114.0,1092.0,Tagesspiegel,DE-SL,Stadtverband Saarbrücken,329708.0,803.0
2020-07-17,10042,219.0,2.0,216.0,Tagesspiegel,DE-SL,Merzig-Wadern,103366.0,186.0
2020-07-17,10043,273.0,11.0,259.0,Tagesspiegel,DE-SL,Neunkirchen,132206.0,530.0
2020-07-17,10044,565.0,24.0,536.0,Tagesspiegel,DE-SL,Saarlouis,195201.0,425.0
2020-07-17,10045,355.0,18.0,324.0,Tagesspiegel,DE-SL,Saar-Pfalz-Kreis,142631.0,341.0
2020-07-17,10046,171.0,5.0,166.0,Tagesspiegel,DE-SL,Sankt Wendel,87397.0,184.0
2020-07-17,12051,65.0,1.0,64.0,Tagesspiegel,DE-BB,Brandenburg an der Havel,72124.0,314.0
2020-07-17,12052,39.0,0.0,39.0,Tagesspiegel,DE-BB,Cottbus,100219.0,607.0
2020-07-17,12053,33.0,0.0,33.0,Tagesspiegel,DE-BB,Frankfurt,57873.0,391.0
2020-07-17,12054,654.0,50.0,586.0,Tagesspiegel,DE-BB,Potsdam,178089.0,944.0
2020-07-17,12060,434.0,29.0,401.0,Tagesspiegel,DE-BB,Barnim,182760.0,124.0
2020-07-17,12061,269.0,8.0,253.0,Tagesspiegel,DE-BB,Dahme-Spreewald,169067.0,74.0
2020-07-17,12062,82.0,3.0,78.0,Tagesspiegel,DE-BB,Elbe-Elster,102638.0,54.0
2020-07-17,12063,194.0,6.0,187.0,Tagesspiegel,DE-BB,Havelland,161909.0,94.0
2020-07-17,12064,217.0,4.0,213.0,Tagesspiegel,DE-BB,Märkisch-Oderland,194328.0,90.0
2020-07-17,12065,331.0,9.0,315.0,Tagesspiegel,DE-BB,Oberhavel,211249.0,117.0
2020-07-17,12066,58.0,2.0,51.0,Tagesspiegel,DE-BB,Oberspreewald-Lausitz,110476.0,90.0
2020-07-17,12067,149.0,2.0,141.0,Tagesspiegel,DE-BB,Oder-Spree,178658.0,79.0
2020-07-17,12068,95.0,0.0,85.0,Tagesspiegel,DE-BB,Ostprignitz-Ruppin,99078.0,39.0
2020-07-17,12069,554.0,43.0,509.0,Tagesspiegel,DE-BB,Potsdam-Mittelmark,214664.0,83.0
2020-07-17,12070,31.0,0.0,31.0,Tagesspiegel,DE-BB,Prignitz,76508.0,36.0
2020-07-17,12071,67.0,0.0,66.0,Tagesspiegel,DE-BB,Spree-Neiße,114429.0,69.0
2020-07-17,12072,182.0,13.0,161.0,Tagesspiegel,DE-BB,Teltow-Fläming,168296.0,80.0
2020-07-17,12073,45.0,2.0,43.0,Tagesspiegel,DE-BB,Uckermark,119552.0,39.0
2020-07-17,13003,106.0,2.0,104.0,Tagesspiegel,DE-MV,Rostock,208886.0,1152.0
2020-07-17,13004,91.0,0.0,91.0,Tagesspiegel,DE-MV,Schwerin,95818.0,734.0
2020-07-17,13071,126.0,3.0,123.0,Tagesspiegel,DE-MV,Mecklenburgische Seenplatte,259130.0,47.0
2020-07-17,13072,76.0,3.0,73.0,Tagesspiegel,DE-MV,Rostock,215113.0,63.0
2020-07-17,13073,93.0,2.0,91.0,Tagesspiegel,DE-MV,Vorpommern-Rügen,224684.0,70.0
2020-07-17,13074,80.0,1.0,78.0,Tagesspiegel,DE-MV,Nordwestmecklenburg,156729.0,74.0
2020-07-17,13075,141.0,7.0,132.0,Tagesspiegel,DE-MV,Vorpommern-Greifswald,236697.0,60.0
2020-07-17,13076,93.0,2.0,90.0,Tagesspiegel,DE-MV,Ludwigslust-Parchim,212618.0,45.0
2020-07-17,14511,212.0,6.0,205.0,Tagesspiegel,DE-SN,Chemnitz,247237.0,1118.0
2020-07-17,14521,561.0,43.0,516.0,Tagesspiegel,DE-SN,Erzgebirgskreis,337696.0,185.0
2020-07-17,14522,304.0,9.0,293.0,Tagesspiegel,DE-SN,Mittelsachsen,306185.0,145.0
2020-07-17,14523,510.0,22.0,485.0,Tagesspiegel,DE-SN,Vogtlandkreis,227796.0,161.0
2020-07-17,14524,887.0,52.0,834.0,Tagesspiegel,DE-SN,Zwickau,317531.0,334.0
2020-07-17,14612,630.0,10.0,615.0,Tagesspiegel,DE-SN,Dresden,554649.0,1689.0
2020-07-17,14625,503.0,20.0,481.0,Tagesspiegel,DE-SN,Bautzen,300880.0,126.0
2020-07-17,14626,271.0,24.0,246.0,Tagesspiegel,DE-SN,Görlitz,254894.0,121.0
2020-07-17,14627,242.0,20.0,220.0,Tagesspiegel,DE-SN,Meißen,242165.0,166.0
2020-07-17,14628,390.0,4.0,385.0,Tagesspiegel,DE-SN,Sächsische Schweiz-Osterzgebirge,245611.0,148.0
2020-07-17,14713,631.0,12.0,608.0,Tagesspiegel,DE-SN,Leipzig,587857.0,1974.0
2020-07-17,14729,196.0,4.0,191.0,Tagesspiegel,DE-SN,Leipzig,257763.0,156.0
2020-07-17,14730,143.0,0.0,142.0,Tagesspiegel,DE-SN,Nordsachsen,197673.0,97.0
2020-07-17,15001,67.0,2.0,65.0,Tagesspiegel,DE-ST,Dessau-Roßlau,81237.0,332.0
2020-07-17,15002,371.0,14.0,353.0,Tagesspiegel,DE-ST,Halle,239257.0,1772.0
2020-07-17,15003,250.0,3.0,231.0,Tagesspiegel,DE-ST,Magdeburg,238697.0,1188.0
2020-07-17,15081,35.0,1.0,34.0,Tagesspiegel,DE-ST,Altmarkkreis Salzwedel,83765.0,37.0
2020-07-17,15082,73.0,2.0,71.0,Tagesspiegel,DE-ST,Anhalt-Bitterfeld,159854.0,110.0
2020-07-17,15083,169.0,13.0,153.0,Tagesspiegel,DE-ST,Börde,171734.0,73.0
2020-07-17,15084,130.0,2.0,128.0,Tagesspiegel,DE-ST,Burgenlandkreis,180190.0,127.0
2020-07-17,15085,262.0,4.0,254.0,Tagesspiegel,DE-ST,Harz,214446.0,102.0
2020-07-17,15086,40.0,2.0,32.0,Tagesspiegel,DE-ST,Jerichower Land,89928.0,57.0
2020-07-17,15087,66.0,2.0,52.0,Tagesspiegel,DE-ST,Mansfeld-Südharz,136249.0,94.0
2020-07-17,15088,138.0,7.0,129.0,Tagesspiegel,DE-ST,Saalekreis,184582.0,129.0
2020-07-17,15089,71.0,0.0,71.0,Tagesspiegel,DE-ST,Salzlandkreis,190560.0,134.0
2020-07-17,15090,109.0,6.0,100.0,Tagesspiegel,DE-ST,Stendal,111982.0,46.0
2020-07-17,15091,160.0,3.0,156.0,Tagesspiegel,DE-ST,Wittenberg,125840.0,65.0
2020-07-17,16051,140.0,2.0,137.0,Tagesspiegel,DE-TH,Erfurt,213699.0,792.0
2020-07-17,16052,259.0,22.0,237.0,Tagesspiegel,DE-TH,Gera,94152.0,619.0
2020-07-17,16053,163.0,3.0,158.0,Tagesspiegel,DE-TH,Jena,111407.0,971.0
2020-07-17,16054,21.0,2.0,19.0,Tagesspiegel,DE-TH,Suhl,36955.0,261.0
2020-07-17,16055,72.0,0.0,69.0,Tagesspiegel,DE-TH,Weimar,65090.0,770.0
2020-07-17,16056,30.0,3.0,26.0,Tagesspiegel,DE-TH,Eisenach,42370.0,407.0
2020-07-17,16061,162.0,10.0,151.0,Tagesspiegel,DE-TH,Eichsfeld,100380.0,106.0
2020-07-17,16062,65.0,2.0,63.0,Tagesspiegel,DE-TH,Nordhausen,83822.0,117.0
2020-07-17,16063,93.0,2.0,88.0,Tagesspiegel,DE-TH,Wartburgkreis,119726.0,94.0
2020-07-17,16064,92.0,3.0,88.0,Tagesspiegel,DE-TH,Unstrut-Hainich-Kreis,102912.0,105.0
2020-07-17,16065,52.0,0.0,52.0,Tagesspiegel,DE-TH,Kyffhäuserkreis,75009.0,72.0
2020-07-17,16066,161.0,5.0,148.0,Tagesspiegel,DE-TH,Schmalkalden-Meiningen,125646.0,100.0
2020-07-17,16067,319.0,30.0,284.0,Tagesspiegel,DE-TH,Gotha,135452.0,145.0
2020-07-17,16068,42.0,1.0,38.0,Tagesspiegel,DE-TH,Sömmerda,69655.0,86.0
2020-07-17,16069,84.0,1.0,74.0,Tagesspiegel,DE-TH,Hildburghausen,63553.0,68.0
2020-07-17,16070,140.0,6.0,130.0,Tagesspiegel,DE-TH,Ilm-Kreis,106622.0,132.0
2020-07-17,16071,77.0,4.0,70.0,Tagesspiegel,DE-TH,Weimarer Land,81947.0,102.0
2020-07-17,16072,307.0,23.0,273.0,Tagesspiegel,DE-TH,Sonneberg,58410.0,135.0
2020-07-17,16073,72.0,0.0,72.0,Tagesspiegel,DE-TH,Saalfeld-Rudolstadt,104142.0,101.0
2020-07-17,16074,73.0,3.0,70.0,Tagesspiegel,DE-TH,Saale-Holzland-Kreis,83051.0,102.0
2020-07-17,16075,152.0,12.0,140.0,Tagesspiegel,DE-TH,Saale-Orla-Kreis,80868.0,70.0
2020-07-17,16076,668.0,48.0,609.0,Tagesspiegel,DE-TH,Greiz,98159.0,116.0
2020-07-17,16077,76.0,4.0,71.0,Tagesspiegel,DE-TH,Altenburger Land,90118.0,158.0
